/home/esteve/self-driving-ND/CarND-Behavioral-Cloning-P3/data_hard/IMG/center_2017_04_28_18_27_37_121.jpg,/home/esteve/self-driving-ND/CarND-Behavioral-Cloning-P3/data_hard/IMG/left_2017_04_28_18_27_37_121.jpg,/home/esteve/self-driving-ND/CarND-Behavioral-Cloning-P3/data_hard/IMG/right_2017_04_28_18_27_37_121.jpg,0,0.975915,0,1.892617
/home/esteve/self-driving-ND/CarND-Behavioral-Cloning-P3/data_hard/IMG/center_2017_04_28_18_27_37_189.jpg,/home/esteve/self-driving-ND/CarND-Behavioral-Cloning-P3/data_hard/IMG/left_2017_04_28_18_27_37_189.jpg,/home/esteve/self-driving-ND/CarND-Behavioral-Cloning-P3/data_hard/IMG/right_2017_04_28_18_27_37_189.jpg,0,1,0,2.817648
/home/esteve/self-driving-ND/CarND-Behavioral-Cloning-P3/data_hard/IMG/center_2017_04_28_18_27_37_268.jpg,/home/esteve/self-driving-ND/CarND-Behavioral-Cloning-P3/data_hard/IMG/left_2017_04_28_18_27_37_268.jpg,/home/esteve/self-driving-ND/CarND-Behavioral-Cloning-P3/data_hard/IMG/right_2017_04_28_18_27_37_268.jpg,0,0.9419377,0,3.742581
/home/esteve/self-driving-ND/CarND-Behavioral-Cloning-P3/data_hard/IMG/center_2017_04_28_18_27_37_346.jpg,/home/esteve/self-driving-ND/CarND-Behavioral-Cloning-P3/data_hard/IMG/left_2017_04_28_18_27_37_346.jpg,/home/esteve/self-driving-ND/CarND-Behavioral-Cloning-P3/data_hard/IMG/right_2017_04_28_18_27_37_346.jpg,0,0.7065098,0,4.498533
/home/esteve/self-driving-ND/CarND-Behavioral-Cloning-P3/data_hard/IMG/center_2017_04_28_18_27_37_421.jpg,/home/esteve/self-driving-ND/CarND-Behavioral-Cloning-P3/data_hard/IMG/left_2017_04_28_18_27_37_421.jpg,/home/esteve/self-driving-ND/CarND-Behavioral-Cloning-P3/data_hard/IMG/right_2017_04_28_18_27_37_421.jpg,0,0.6006491,0,4.925329
/home/esteve/self-driving-ND/CarND-Behavioral-Cloning-P3/data_hard/IMG/center_2017_04_28_18_27_37_507.jpg,/home/esteve/self-driving-ND/CarND-Behavioral-Cloning-P3/data_hard/IMG/left_2017_04_28_18_27_37_507.jpg,/home/esteve/self-driving-ND/CarND-Behavioral-Cloning-P3/data_hard/IMG/right_2017_04_28_18_27_37_507.jpg,0,0.8575933,0,5.762354
/home/esteve/self-driving-ND/CarND-Behavioral-Cloning-P3/data_hard/IMG/center_2017_04_28_18_27_37_589.jpg,/home/esteve/self-driving-ND/CarND-Behavioral-Cloning-P3/data_hard/IMG/left_2017_04_28_18_27_37_589.jpg,/home/esteve/self-driving-ND/CarND-Behavioral-Cloning-P3/data_hard/IMG/right_2017_04_28_18_27_37_589.jpg,0,1,0,6.648142
/home/esteve/self-driving-ND/CarND-Behavioral-Cloning-P3/data_hard/IMG/center_2017_04_28_18_27_37_669.jpg,/home/esteve/self-driving-ND/CarND-Behavioral-Cloning-P3/data_hard/IMG/left_2017_04_28_18_27_37_669.jpg,/home/esteve/self-driving-ND/CarND-Behavioral-Cloning-P3/data_hard/IMG/right_2017_04_28_18_27_37_669.jpg,0,1,0,7.561012
/home/esteve/self-driving-ND/CarND-Behavioral-Cloning-P3/data_hard/IMG/center_2017_04_28_18_27_37_750.jpg,/home/esteve/self-driving-ND/CarND-Behavioral-Cloning-P3/data_hard/IMG/left_2017_04_28_18_27_37_750.jpg,/home/esteve/self-driving-ND/CarND-Behavioral-Cloning-P3/data_hard/IMG/right_2017_04_28_18_27_37_750.jpg,0,1,0,8.46683
/home/esteve/self-driving-ND/CarND-Behavioral-Cloning-P3/data_hard/IMG/center_2017_04_28_18_27_37_821.jpg,/home/esteve/self-driving-ND/CarND-Behavioral-Cloning-P3/data_hard/IMG/left_2017_04_28_18_27_37_821.jpg,/home/esteve/self-driving-ND/CarND-Behavioral-Cloning-P3/data_hard/IMG/right_2017_04_28_18_27_37_821.jpg,0,1,0,9.141624
/home/esteve/self-driving-ND/CarND-Behavioral-Cloning-P3/data_hard/IMG/center_2017_04_28_18_27_37_900.jpg,/home/esteve/self-driving-ND/CarND-Behavioral-Cloning-P3/data_hard/IMG/left_2017_04_28_18_27_37_900.jpg,/home/esteve/self-driving-ND/CarND-Behavioral-Cloning-P3/data_hard/IMG/right_2017_04_28_18_27_37_900.jpg,0,1,0,10.03521
/home/esteve/self-driving-ND/CarND-Behavioral-Cloning-P3/data_hard/IMG/center_2017_04_28_18_27_37_980.jpg,/home/esteve/self-driving-ND/CarND-Behavioral-Cloning-P3/data_hard/IMG/left_2017_04_28_18_27_37_980.jpg,/home/esteve/self-driving-ND/CarND-Behavioral-Cloning-P3/data_hard/IMG/right_2017_04_28_18_27_37_980.jpg,0,0.8129048,0,10.85052
/home/esteve/self-driving-ND/CarND-Behavioral-Cloning-P3/data_hard/IMG/center_2017_04_28_18_27_38_060.jpg,/home/esteve/self-driving-ND/CarND-Behavioral-Cloning-P3/data_hard/IMG/left_2017_04_28_18_27_38_060.jpg,/home/esteve/self-driving-ND/CarND-Behavioral-Cloning-P3/data_hard/IMG/right_2017_04_28_18_27_38_060.jpg,0,0.5723379,0,11.51307
/home/esteve/self-driving-ND/CarND-Behavioral-Cloning-P3/data_hard/IMG/center_2017_04_28_18_27_38_138.jpg,/home/esteve/self-driving-ND/CarND-Behavioral-Cloning-P3/data_hard/IMG/left_2017_04_28_18_27_38_138.jpg,/home/esteve/self-driving-ND/CarND-Behavioral-Cloning-P3/data_hard/IMG/right_2017_04_28_18_27_38_138.jpg,0,0.80617,0,11.8844
/home/esteve/self-driving-ND/CarND-Behavioral-Cloning-P3/data_hard/IMG/center_2017_04_28_18_27_38_221.jpg,/home/esteve/self-driving-ND/CarND-Behavioral-Cloning-P3/data_hard/IMG/left_2017_04_28_18_27_38_221.jpg,/home/esteve/self-driving-ND/CarND-Behavioral-Cloning-P3/data_hard/IMG/right_2017_04_28_18_27_38_221.jpg,0,0.999583,0,12.69927
/home/esteve/self-driving-ND/CarND-Behavioral-Cloning-P3/data_hard/IMG/center_2017_04_28_18_27_38_302.jpg,/home/esteve/self-driving-ND/CarND-Behavioral-Cloning-P3/data_hard/IMG/left_2017_04_28_18_27_38_302.jpg,/home/esteve/self-driving-ND/CarND-Behavioral-Cloning-P3/data_hard/IMG/right_2017_04_28_18_27_38_302.jpg,0,1,0,13.46833
/home/esteve/self-driving-ND/CarND-Behavioral-Cloning-P3/data_hard/IMG/center_2017_04_28_18_27_38_381.jpg,/home/esteve/self-driving-ND/CarND-Behavioral-Cloning-P3/data_hard/IMG/left_2017_04_28_18_27_38_381.jpg,/home/esteve/self-driving-ND/CarND-Behavioral-Cloning-P3/data_hard/IMG/right_2017_04_28_18_27_38_381.jpg,0,1,0,14.33454
/home/esteve/self-driving-ND/CarND-Behavioral-Cloning-P3/data_hard/IMG/center_2017_04_28_18_27_38_461.jpg,/home/esteve/self-driving-ND/CarND-Behavioral-Cloning-P3/data_hard/IMG/left_2017_04_28_18_27_38_461.jpg,/home/esteve/self-driving-ND/CarND-Behavioral-Cloning-P3/data_hard/IMG/right_2017_04_28_18_27_38_461.jpg,0,1,0,15.1955
/home/esteve/self-driving-ND/CarND-Behavioral-Cloning-P3/data_hard/IMG/center_2017_04_28_18_27_38_539.jpg,/home/esteve/self-driving-ND/CarND-Behavioral-Cloning-P3/data_hard/IMG/left_2017_04_28_18_27_38_539.jpg,/home/esteve/self-driving-ND/CarND-Behavioral-Cloning-P3/data_hard/IMG/right_2017_04_28_18_27_38_539.jpg,0,1,0,16.06098
/home/esteve/self-driving-ND/CarND-Behavioral-Cloning-P3/data_hard/IMG/center_2017_04_28_18_27_38_622.jpg,/home/esteve/self-driving-ND/CarND-Behavioral-Cloning-P3/data_hard/IMG/left_2017_04_28_18_27_38_622.jpg,/home/esteve/self-driving-ND/CarND-Behavioral-Cloning-P3/data_hard/IMG/right_2017_04_28_18_27_38_622.jpg,0,0.9394743,0,17.35771
/home/esteve/self-driving-ND/CarND-Behavioral-Cloning-P3/data_hard/IMG/center_2017_04_28_18_27_38_704.jpg,/home/esteve/self-driving-ND/CarND-Behavioral-Cloning-P3/data_hard/IMG/left_2017_04_28_18_27_38_704.jpg,/home/esteve/self-driving-ND/CarND-Behavioral-Cloning-P3/data_hard/IMG/right_2017_04_28_18_27_38_704.jpg,0,0.6953139,0,18.01614
/home/esteve/self-driving-ND/CarND-Behavioral-Cloning-P3/data_hard/IMG/center_2017_04_28_18_27_38_779.jpg,/home/esteve/self-driving-ND/CarND-Behavioral-Cloning-P3/data_hard/IMG/left_2017_04_28_18_27_38_779.jpg,/home/esteve/self-driving-ND/CarND-Behavioral-Cloning-P3/data_hard/IMG/right_2017_04_28_18_27_38_779.jpg,0,0.7709193,0,18.15983
/home/esteve/self-driving-ND/CarND-Behavioral-Cloning-P3/data_hard/IMG/center_2017_04_28_18_27_38_865.jpg,/home/esteve/self-driving-ND/CarND-Behavioral-Cloning-P3/data_hard/IMG/left_2017_04_28_18_27_38_865.jpg,/home/esteve/self-driving-ND/CarND-Behavioral-Cloning-P3/data_hard/IMG/right_2017_04_28_18_27_38_865.jpg,0,1,0,19.33896
/home/esteve/self-driving-ND/CarND-Behavioral-Cloning-P3/data_hard/IMG/center_2017_04_28_18_27_38_949.jpg,/home/esteve/self-driving-ND/CarND-Behavioral-Cloning-P3/data_hard/IMG/left_2017_04_28_18_27_38_949.jpg,/home/esteve/self-driving-ND/CarND-Behavioral-Cloning-P3/data_hard/IMG/right_2017_04_28_18_27_38_949.jpg,0,1,0,20.13719
/home/esteve/self-driving-ND/CarND-Behavioral-Cloning-P3/data_hard/IMG/center_2017_04_28_18_27_39_027.jpg,/home/esteve/self-driving-ND/CarND-Behavioral-Cloning-P3/data_hard/IMG/left_2017_04_28_18_27_39_027.jpg,/home/esteve/self-driving-ND/CarND-Behavioral-Cloning-P3/data_hard/IMG/right_2017_04_28_18_27_39_027.jpg,0,0.8813498,0,20.90815
/home/esteve/self-driving-ND/CarND-Behavioral-Cloning-P3/data_hard/IMG/center_2017_04_28_18_27_39_102.jpg,/home/esteve/self-driving-ND/CarND-Behavioral-Cloning-P3/data_hard/IMG/left_2017_04_28_18_27_39_102.jpg,/home/esteve/self-driving-ND/CarND-Behavioral-Cloning-P3/data_hard/IMG/right_2017_04_28_18_27_39_102.jpg,0,0.656281,0,21.48972
/home/esteve/self-driving-ND/CarND-Behavioral-Cloning-P3/data_hard/IMG/center_2017_04_28_18_27_39_180.jpg,/home/esteve/self-driving-ND/CarND-Behavioral-Cloning-P3/data_hard/IMG/left_2017_04_28_18_27_39_180.jpg,/home/esteve/self-driving-ND/CarND-Behavioral-Cloning-P3/data_hard/IMG/right_2017_04_28_18_27_39_180.jpg,0,0.4217172,0,21.68359
/home/esteve/self-driving-ND/CarND-Behavioral-Cloning-P3/data_hard/IMG/center_2017_04_28_18_27_39_258.jpg,/home/esteve/self-driving-ND/CarND-Behavioral-Cloning-P3/data_hard/IMG/left_2017_04_28_18_27_39_258.jpg,/home/esteve/self-driving-ND/CarND-Behavioral-Cloning-P3/data_hard/IMG/right_2017_04_28_18_27_39_258.jpg,0,0.1880231,0,21.79859
/home/esteve/self-driving-ND/CarND-Behavioral-Cloning-P3/data_hard/IMG/center_2017_04_28_18_27_39_343.jpg,/home/esteve/self-driving-ND/CarND-Behavioral-Cloning-P3/data_hard/IMG/left_2017_04_28_18_27_39_343.jpg,/home/esteve/self-driving-ND/CarND-Behavioral-Cloning-P3/data_hard/IMG/right_2017_04_28_18_27_39_343.jpg,0,0,0,21.72263
/home/esteve/self-driving-ND/CarND-Behavioral-Cloning-P3/data_hard/IMG/center_2017_04_28_18_27_39_418.jpg,/home/esteve/self-driving-ND/CarND-Behavioral-Cloning-P3/data_hard/IMG/left_2017_04_28_18_27_39_418.jpg,/home/esteve/self-driving-ND/CarND-Behavioral-Cloning-P3/data_hard/IMG/right_2017_04_28_18_27_39_418.jpg,0,0,0,21.47216
/home/esteve/self-driving-ND/CarND-Behavioral-Cloning-P3/data_hard/IMG/center_2017_04_28_18_27_39_493.jpg,/home/esteve/self-driving-ND/CarND-Behavioral-Cloning-P3/data_hard/IMG/left_2017_04_28_18_27_39_493.jpg,/home/esteve/self-driving-ND/CarND-Behavioral-Cloning-P3/data_hard/IMG/right_2017_04_28_18_27_39_493.jpg,0,0,0,21.23186
/home/esteve/self-driving-ND/CarND-Behavioral-Cloning-P3/data_hard/IMG/center_2017_04_28_18_27_39_571.jpg,/home/esteve/self-driving-ND/CarND-Behavioral-Cloning-P3/data_hard/IMG/left_2017_04_28_18_27_39_571.jpg,/home/esteve/self-driving-ND/CarND-Behavioral-Cloning-P3/data_hard/IMG/right_2017_04_28_18_27_39_571.jpg,0,0,0,21.03731
/home/esteve/self-driving-ND/CarND-Behavioral-Cloning-P3/data_hard/IMG/center_2017_04_28_18_27_39_659.jpg,/home/esteve/self-driving-ND/CarND-Behavioral-Cloning-P3/data_hard/IMG/left_2017_04_28_18_27_39_659.jpg,/home/esteve/self-driving-ND/CarND-Behavioral-Cloning-P3/data_hard/IMG/right_2017_04_28_18_27_39_659.jpg,0,0.1935961,0,20.93172
/home/esteve/self-driving-ND/CarND-Behavioral-Cloning-P3/data_hard/IMG/center_2017_04_28_18_27_39_740.jpg,/home/esteve/self-driving-ND/CarND-Behavioral-Cloning-P3/data_hard/IMG/left_2017_04_28_18_27_39_740.jpg,/home/esteve/self-driving-ND/CarND-Behavioral-Cloning-P3/data_hard/IMG/right_2017_04_28_18_27_39_740.jpg,0,0.3177931,0,21.09879
/home/esteve/self-driving-ND/CarND-Behavioral-Cloning-P3/data_hard/IMG/center_2017_04_28_18_27_39_817.jpg,/home/esteve/self-driving-ND/CarND-Behavioral-Cloning-P3/data_hard/IMG/left_2017_04_28_18_27_39_817.jpg,/home/esteve/self-driving-ND/CarND-Behavioral-Cloning-P3/data_hard/IMG/right_2017_04_28_18_27_39_817.jpg,0,0.08571267,0,21.11495
/home/esteve/self-driving-ND/CarND-Behavioral-Cloning-P3/data_hard/IMG/center_2017_04_28_18_27_39_892.jpg,/home/esteve/self-driving-ND/CarND-Behavioral-Cloning-P3/data_hard/IMG/left_2017_04_28_18_27_39_892.jpg,/home/esteve/self-driving-ND/CarND-Behavioral-Cloning-P3/data_hard/IMG/right_2017_04_28_18_27_39_892.jpg,0,0.3097193,0,21.1258
/home/esteve/self-driving-ND/CarND-Behavioral-Cloning-P3/data_hard/IMG/center_2017_04_28_18_27_39_968.jpg,/home/esteve/self-driving-ND/CarND-Behavioral-Cloning-P3/data_hard/IMG/left_2017_04_28_18_27_39_968.jpg,/home/esteve/self-driving-ND/CarND-Behavioral-Cloning-P3/data_hard/IMG/right_2017_04_28_18_27_39_968.jpg,0,0.213222,0,21.27628
/home/esteve/self-driving-ND/CarND-Behavioral-Cloning-P3/data_hard/IMG/center_2017_04_28_18_27_40_045.jpg,/home/esteve/self-driving-ND/CarND-Behavioral-Cloning-P3/data_hard/IMG/left_2017_04_28_18_27_40_045.jpg,/home/esteve/self-driving-ND/CarND-Behavioral-Cloning-P3/data_hard/IMG/right_2017_04_28_18_27_40_045.jpg,0,0,0,21.16907
/home/esteve/self-driving-ND/CarND-Behavioral-Cloning-P3/data_hard/IMG/center_2017_04_28_18_27_40_126.jpg,/home/esteve/self-driving-ND/CarND-Behavioral-Cloning-P3/data_hard/IMG/left_2017_04_28_18_27_40_126.jpg,/home/esteve/self-driving-ND/CarND-Behavioral-Cloning-P3/data_hard/IMG/right_2017_04_28_18_27_40_126.jpg,0,0.06982255,0,20.98527
/home/esteve/self-driving-ND/CarND-Behavioral-Cloning-P3/data_hard/IMG/center_2017_04_28_18_27_40_206.jpg,/home/esteve/self-driving-ND/CarND-Behavioral-Cloning-P3/data_hard/IMG/left_2017_04_28_18_27_40_206.jpg,/home/esteve/self-driving-ND/CarND-Behavioral-Cloning-P3/data_hard/IMG/right_2017_04_28_18_27_40_206.jpg,0,0,0,20.82209
/home/esteve/self-driving-ND/CarND-Behavioral-Cloning-P3/data_hard/IMG/center_2017_04_28_18_27_40_282.jpg,/home/esteve/self-driving-ND/CarND-Behavioral-Cloning-P3/data_hard/IMG/left_2017_04_28_18_27_40_282.jpg,/home/esteve/self-driving-ND/CarND-Behavioral-Cloning-P3/data_hard/IMG/right_2017_04_28_18_27_40_282.jpg,0,0,0,20.65145
/home/esteve/self-driving-ND/CarND-Behavioral-Cloning-P3/data_hard/IMG/center_2017_04_28_18_27_40_361.jpg,/home/esteve/self-driving-ND/CarND-Behavioral-Cloning-P3/data_hard/IMG/left_2017_04_28_18_27_40_361.jpg,/home/esteve/self-driving-ND/CarND-Behavioral-Cloning-P3/data_hard/IMG/right_2017_04_28_18_27_40_361.jpg,0,0,0,20.83686
/home/esteve/self-driving-ND/CarND-Behavioral-Cloning-P3/data_hard/IMG/center_2017_04_28_18_27_40_439.jpg,/home/esteve/self-driving-ND/CarND-Behavioral-Cloning-P3/data_hard/IMG/left_2017_04_28_18_27_40_439.jpg,/home/esteve/self-driving-ND/CarND-Behavioral-Cloning-P3/data_hard/IMG/right_2017_04_28_18_27_40_439.jpg,0,0,0,20.67237
/home/esteve/self-driving-ND/CarND-Behavioral-Cloning-P3/data_hard/IMG/center_2017_04_28_18_27_40_517.jpg,/home/esteve/self-driving-ND/CarND-Behavioral-Cloning-P3/data_hard/IMG/left_2017_04_28_18_27_40_517.jpg,/home/esteve/self-driving-ND/CarND-Behavioral-Cloning-P3/data_hard/IMG/right_2017_04_28_18_27_40_517.jpg,0,0,0,20.50981
/home/esteve/self-driving-ND/CarND-Behavioral-Cloning-P3/data_hard/IMG/center_2017_04_28_18_27_40_595.jpg,/home/esteve/self-driving-ND/CarND-Behavioral-Cloning-P3/data_hard/IMG/left_2017_04_28_18_27_40_595.jpg,/home/esteve/self-driving-ND/CarND-Behavioral-Cloning-P3/data_hard/IMG/right_2017_04_28_18_27_40_595.jpg,0,0,0,20.3488
/home/esteve/self-driving-ND/CarND-Behavioral-Cloning-P3/data_hard/IMG/center_2017_04_28_18_27_40_681.jpg,/home/esteve/self-driving-ND/CarND-Behavioral-Cloning-P3/data_hard/IMG/left_2017_04_28_18_27_40_681.jpg,/home/esteve/self-driving-ND/CarND-Behavioral-Cloning-P3/data_hard/IMG/right_2017_04_28_18_27_40_681.jpg,0,0,0,20.18956
/home/esteve/self-driving-ND/CarND-Behavioral-Cloning-P3/data_hard/IMG/center_2017_04_28_18_27_40_758.jpg,/home/esteve/self-driving-ND/CarND-Behavioral-Cloning-P3/data_hard/IMG/left_2017_04_28_18_27_40_758.jpg,/home/esteve/self-driving-ND/CarND-Behavioral-Cloning-P3/data_hard/IMG/right_2017_04_28_18_27_40_758.jpg,0,0,0,20.03267
/home/esteve/self-driving-ND/CarND-Behavioral-Cloning-P3/data_hard/IMG/center_2017_04_28_18_27_40_835.jpg,/home/esteve/self-driving-ND/CarND-Behavioral-Cloning-P3/data_hard/IMG/left_2017_04_28_18_27_40_835.jpg,/home/esteve/self-driving-ND/CarND-Behavioral-Cloning-P3/data_hard/IMG/right_2017_04_28_18_27_40_835.jpg,0,0,0,19.87838
/home/esteve/self-driving-ND/CarND-Behavioral-Cloning-P3/data_hard/IMG/center_2017_04_28_18_27_40_914.jpg,/home/esteve/self-driving-ND/CarND-Behavioral-Cloning-P3/data_hard/IMG/left_2017_04_28_18_27_40_914.jpg,/home/esteve/self-driving-ND/CarND-Behavioral-Cloning-P3/data_hard/IMG/right_2017_04_28_18_27_40_914.jpg,0,0,0,19.72688
/home/esteve/self-driving-ND/CarND-Behavioral-Cloning-P3/data_hard/IMG/center_2017_04_28_18_27_40_995.jpg,/home/esteve/self-driving-ND/CarND-Behavioral-Cloning-P3/data_hard/IMG/left_2017_04_28_18_27_40_995.jpg,/home/esteve/self-driving-ND/CarND-Behavioral-Cloning-P3/data_hard/IMG/right_2017_04_28_18_27_40_995.jpg,0,0.1255052,0,19.59508
/home/esteve/self-driving-ND/CarND-Behavioral-Cloning-P3/data_hard/IMG/center_2017_04_28_18_27_41_073.jpg,/home/esteve/self-driving-ND/CarND-Behavioral-Cloning-P3/data_hard/IMG/left_2017_04_28_18_27_41_073.jpg,/home/esteve/self-driving-ND/CarND-Behavioral-Cloning-P3/data_hard/IMG/right_2017_04_28_18_27_41_073.jpg,0,0.3588002,0,19.64226
/home/esteve/self-driving-ND/CarND-Behavioral-Cloning-P3/data_hard/IMG/center_2017_04_28_18_27_41_149.jpg,/home/esteve/self-driving-ND/CarND-Behavioral-Cloning-P3/data_hard/IMG/left_2017_04_28_18_27_41_149.jpg,/home/esteve/self-driving-ND/CarND-Behavioral-Cloning-P3/data_hard/IMG/right_2017_04_28_18_27_41_149.jpg,0,0.2470851,0,19.82714
/home/esteve/self-driving-ND/CarND-Behavioral-Cloning-P3/data_hard/IMG/center_2017_04_28_18_27_41_228.jpg,/home/esteve/self-driving-ND/CarND-Behavioral-Cloning-P3/data_hard/IMG/left_2017_04_28_18_27_41_228.jpg,/home/esteve/self-driving-ND/CarND-Behavioral-Cloning-P3/data_hard/IMG/right_2017_04_28_18_27_41_228.jpg,0,0.009629488,0,19.8035
/home/esteve/self-driving-ND/CarND-Behavioral-Cloning-P3/data_hard/IMG/center_2017_04_28_18_27_41_306.jpg,/home/esteve/self-driving-ND/CarND-Behavioral-Cloning-P3/data_hard/IMG/left_2017_04_28_18_27_41_306.jpg,/home/esteve/self-driving-ND/CarND-Behavioral-Cloning-P3/data_hard/IMG/right_2017_04_28_18_27_41_306.jpg,0,0,0,19.6556
/home/esteve/self-driving-ND/CarND-Behavioral-Cloning-P3/data_hard/IMG/center_2017_04_28_18_27_41_384.jpg,/home/esteve/self-driving-ND/CarND-Behavioral-Cloning-P3/data_hard/IMG/left_2017_04_28_18_27_41_384.jpg,/home/esteve/self-driving-ND/CarND-Behavioral-Cloning-P3/data_hard/IMG/right_2017_04_28_18_27_41_384.jpg,0,0,0,19.50917
/home/esteve/self-driving-ND/CarND-Behavioral-Cloning-P3/data_hard/IMG/center_2017_04_28_18_27_41_461.jpg,/home/esteve/self-driving-ND/CarND-Behavioral-Cloning-P3/data_hard/IMG/left_2017_04_28_18_27_41_461.jpg,/home/esteve/self-driving-ND/CarND-Behavioral-Cloning-P3/data_hard/IMG/right_2017_04_28_18_27_41_461.jpg,0,0,0,18.98215
/home/esteve/self-driving-ND/CarND-Behavioral-Cloning-P3/data_hard/IMG/center_2017_04_28_18_27_41_539.jpg,/home/esteve/self-driving-ND/CarND-Behavioral-Cloning-P3/data_hard/IMG/left_2017_04_28_18_27_41_539.jpg,/home/esteve/self-driving-ND/CarND-Behavioral-Cloning-P3/data_hard/IMG/right_2017_04_28_18_27_41_539.jpg,0.05263158,0,0,18.80989
/home/esteve/self-driving-ND/CarND-Behavioral-Cloning-P3/data_hard/IMG/center_2017_04_28_18_27_41_618.jpg,/home/esteve/self-driving-ND/CarND-Behavioral-Cloning-P3/data_hard/IMG/left_2017_04_28_18_27_41_618.jpg,/home/esteve/self-driving-ND/CarND-Behavioral-Cloning-P3/data_hard/IMG/right_2017_04_28_18_27_41_618.jpg,0.1654135,0,0,18.63178
/home/esteve/self-driving-ND/CarND-Behavioral-Cloning-P3/data_hard/IMG/center_2017_04_28_18_27_41_697.jpg,/home/esteve/self-driving-ND/CarND-Behavioral-Cloning-P3/data_hard/IMG/left_2017_04_28_18_27_41_697.jpg,/home/esteve/self-driving-ND/CarND-Behavioral-Cloning-P3/data_hard/IMG/right_2017_04_28_18_27_41_697.jpg,0.2556391,0.06063867,0,17.92591
/home/esteve/self-driving-ND/CarND-Behavioral-Cloning-P3/data_hard/IMG/center_2017_04_28_18_27_41_773.jpg,/home/esteve/self-driving-ND/CarND-Behavioral-Cloning-P3/data_hard/IMG/left_2017_04_28_18_27_41_773.jpg,/home/esteve/self-driving-ND/CarND-Behavioral-Cloning-P3/data_hard/IMG/right_2017_04_28_18_27_41_773.jpg,0.2631579,0.04975748,0,18.16565
/home/esteve/self-driving-ND/CarND-Behavioral-Cloning-P3/data_hard/IMG/center_2017_04_28_18_27_41_845.jpg,/home/esteve/self-driving-ND/CarND-Behavioral-Cloning-P3/data_hard/IMG/left_2017_04_28_18_27_41_845.jpg,/home/esteve/self-driving-ND/CarND-Behavioral-Cloning-P3/data_hard/IMG/right_2017_04_28_18_27_41_845.jpg,0.3007519,0,0,17.89571
/home/esteve/self-driving-ND/CarND-Behavioral-Cloning-P3/data_hard/IMG/center_2017_04_28_18_27_41_925.jpg,/home/esteve/self-driving-ND/CarND-Behavioral-Cloning-P3/data_hard/IMG/left_2017_04_28_18_27_41_925.jpg,/home/esteve/self-driving-ND/CarND-Behavioral-Cloning-P3/data_hard/IMG/right_2017_04_28_18_27_41_925.jpg,0.3308271,0,0,17.70959
/home/esteve/self-driving-ND/CarND-Behavioral-Cloning-P3/data_hard/IMG/center_2017_04_28_18_27_42_004.jpg,/home/esteve/self-driving-ND/CarND-Behavioral-Cloning-P3/data_hard/IMG/left_2017_04_28_18_27_42_004.jpg,/home/esteve/self-driving-ND/CarND-Behavioral-Cloning-P3/data_hard/IMG/right_2017_04_28_18_27_42_004.jpg,0.3458647,0.05929255,0,17.54753
/home/esteve/self-driving-ND/CarND-Behavioral-Cloning-P3/data_hard/IMG/center_2017_04_28_18_27_42_084.jpg,/home/esteve/self-driving-ND/CarND-Behavioral-Cloning-P3/data_hard/IMG/left_2017_04_28_18_27_42_084.jpg,/home/esteve/self-driving-ND/CarND-Behavioral-Cloning-P3/data_hard/IMG/right_2017_04_28_18_27_42_084.jpg,0.4285714,0.2939279,0,16.35023
/home/esteve/self-driving-ND/CarND-Behavioral-Cloning-P3/data_hard/IMG/center_2017_04_28_18_27_42_157.jpg,/home/esteve/self-driving-ND/CarND-Behavioral-Cloning-P3/data_hard/IMG/left_2017_04_28_18_27_42_157.jpg,/home/esteve/self-driving-ND/CarND-Behavioral-Cloning-P3/data_hard/IMG/right_2017_04_28_18_27_42_157.jpg,0.518797,0.5302591,0,16.40497
/home/esteve/self-driving-ND/CarND-Behavioral-Cloning-P3/data_hard/IMG/center_2017_04_28_18_27_42_237.jpg,/home/esteve/self-driving-ND/CarND-Behavioral-Cloning-P3/data_hard/IMG/left_2017_04_28_18_27_42_237.jpg,/home/esteve/self-driving-ND/CarND-Behavioral-Cloning-P3/data_hard/IMG/right_2017_04_28_18_27_42_237.jpg,0.5789474,0.7693441,0,16.39893
/home/esteve/self-driving-ND/CarND-Behavioral-Cloning-P3/data_hard/IMG/center_2017_04_28_18_27_42_329.jpg,/home/esteve/self-driving-ND/CarND-Behavioral-Cloning-P3/data_hard/IMG/left_2017_04_28_18_27_42_329.jpg,/home/esteve/self-driving-ND/CarND-Behavioral-Cloning-P3/data_hard/IMG/right_2017_04_28_18_27_42_329.jpg,0.5789474,0.7845869,0,16.01258
/home/esteve/self-driving-ND/CarND-Behavioral-Cloning-P3/data_hard/IMG/center_2017_04_28_18_27_42_413.jpg,/home/esteve/self-driving-ND/CarND-Behavioral-Cloning-P3/data_hard/IMG/left_2017_04_28_18_27_42_413.jpg,/home/esteve/self-driving-ND/CarND-Behavioral-Cloning-P3/data_hard/IMG/right_2017_04_28_18_27_42_413.jpg,0.593985,0.5312576,0,15.97826
/home/esteve/self-driving-ND/CarND-Behavioral-Cloning-P3/data_hard/IMG/center_2017_04_28_18_27_42_486.jpg,/home/esteve/self-driving-ND/CarND-Behavioral-Cloning-P3/data_hard/IMG/left_2017_04_28_18_27_42_486.jpg,/home/esteve/self-driving-ND/CarND-Behavioral-Cloning-P3/data_hard/IMG/right_2017_04_28_18_27_42_486.jpg,0.6015037,0.541965,0,15.90597
/home/esteve/self-driving-ND/CarND-Behavioral-Cloning-P3/data_hard/IMG/center_2017_04_28_18_27_42_570.jpg,/home/esteve/self-driving-ND/CarND-Behavioral-Cloning-P3/data_hard/IMG/left_2017_04_28_18_27_42_570.jpg,/home/esteve/self-driving-ND/CarND-Behavioral-Cloning-P3/data_hard/IMG/right_2017_04_28_18_27_42_570.jpg,0.6466165,0.7947721,0,15.72706
/home/esteve/self-driving-ND/CarND-Behavioral-Cloning-P3/data_hard/IMG/center_2017_04_28_18_27_42_655.jpg,/home/esteve/self-driving-ND/CarND-Behavioral-Cloning-P3/data_hard/IMG/left_2017_04_28_18_27_42_655.jpg,/home/esteve/self-driving-ND/CarND-Behavioral-Cloning-P3/data_hard/IMG/right_2017_04_28_18_27_42_655.jpg,0.669173,1,0,16.19051
/home/esteve/self-driving-ND/CarND-Behavioral-Cloning-P3/data_hard/IMG/center_2017_04_28_18_27_42_732.jpg,/home/esteve/self-driving-ND/CarND-Behavioral-Cloning-P3/data_hard/IMG/left_2017_04_28_18_27_42_732.jpg,/home/esteve/self-driving-ND/CarND-Behavioral-Cloning-P3/data_hard/IMG/right_2017_04_28_18_27_42_732.jpg,0.669173,1,0,16.13247
/home/esteve/self-driving-ND/CarND-Behavioral-Cloning-P3/data_hard/IMG/center_2017_04_28_18_27_42_818.jpg,/home/esteve/self-driving-ND/CarND-Behavioral-Cloning-P3/data_hard/IMG/left_2017_04_28_18_27_42_818.jpg,/home/esteve/self-driving-ND/CarND-Behavioral-Cloning-P3/data_hard/IMG/right_2017_04_28_18_27_42_818.jpg,0.669173,0.809458,0,16.25916
/home/esteve/self-driving-ND/CarND-Behavioral-Cloning-P3/data_hard/IMG/center_2017_04_28_18_27_42_898.jpg,/home/esteve/self-driving-ND/CarND-Behavioral-Cloning-P3/data_hard/IMG/left_2017_04_28_18_27_42_898.jpg,/home/esteve/self-driving-ND/CarND-Behavioral-Cloning-P3/data_hard/IMG/right_2017_04_28_18_27_42_898.jpg,0.556391,0.5692358,0,16.68239
/home/esteve/self-driving-ND/CarND-Behavioral-Cloning-P3/data_hard/IMG/center_2017_04_28_18_27_42_980.jpg,/home/esteve/self-driving-ND/CarND-Behavioral-Cloning-P3/data_hard/IMG/left_2017_04_28_18_27_42_980.jpg,/home/esteve/self-driving-ND/CarND-Behavioral-Cloning-P3/data_hard/IMG/right_2017_04_28_18_27_42_980.jpg,0.3909774,0.3252814,0,16.62523
/home/esteve/self-driving-ND/CarND-Behavioral-Cloning-P3/data_hard/IMG/center_2017_04_28_18_27_43_057.jpg,/home/esteve/self-driving-ND/CarND-Behavioral-Cloning-P3/data_hard/IMG/left_2017_04_28_18_27_43_057.jpg,/home/esteve/self-driving-ND/CarND-Behavioral-Cloning-P3/data_hard/IMG/right_2017_04_28_18_27_43_057.jpg,0.2781955,0.07641959,0,16.14381
/home/esteve/self-driving-ND/CarND-Behavioral-Cloning-P3/data_hard/IMG/center_2017_04_28_18_27_43_143.jpg,/home/esteve/self-driving-ND/CarND-Behavioral-Cloning-P3/data_hard/IMG/left_2017_04_28_18_27_43_143.jpg,/home/esteve/self-driving-ND/CarND-Behavioral-Cloning-P3/data_hard/IMG/right_2017_04_28_18_27_43_143.jpg,0.2180451,0.3176525,0,15.82681
/home/esteve/self-driving-ND/CarND-Behavioral-Cloning-P3/data_hard/IMG/center_2017_04_28_18_27_43_223.jpg,/home/esteve/self-driving-ND/CarND-Behavioral-Cloning-P3/data_hard/IMG/left_2017_04_28_18_27_43_223.jpg,/home/esteve/self-driving-ND/CarND-Behavioral-Cloning-P3/data_hard/IMG/right_2017_04_28_18_27_43_223.jpg,0.1804511,0.3328717,0,15.71326
/home/esteve/self-driving-ND/CarND-Behavioral-Cloning-P3/data_hard/IMG/center_2017_04_28_18_27_43_298.jpg,/home/esteve/self-driving-ND/CarND-Behavioral-Cloning-P3/data_hard/IMG/left_2017_04_28_18_27_43_298.jpg,/home/esteve/self-driving-ND/CarND-Behavioral-Cloning-P3/data_hard/IMG/right_2017_04_28_18_27_43_298.jpg,0.1503759,0.316752,0,15.31305
/home/esteve/self-driving-ND/CarND-Behavioral-Cloning-P3/data_hard/IMG/center_2017_04_28_18_27_43_379.jpg,/home/esteve/self-driving-ND/CarND-Behavioral-Cloning-P3/data_hard/IMG/left_2017_04_28_18_27_43_379.jpg,/home/esteve/self-driving-ND/CarND-Behavioral-Cloning-P3/data_hard/IMG/right_2017_04_28_18_27_43_379.jpg,0.07518797,0.5592966,0,15.29315
/home/esteve/self-driving-ND/CarND-Behavioral-Cloning-P3/data_hard/IMG/center_2017_04_28_18_27_43_459.jpg,/home/esteve/self-driving-ND/CarND-Behavioral-Cloning-P3/data_hard/IMG/left_2017_04_28_18_27_43_459.jpg,/home/esteve/self-driving-ND/CarND-Behavioral-Cloning-P3/data_hard/IMG/right_2017_04_28_18_27_43_459.jpg,-0.06015037,0.8000703,0,15.2132
/home/esteve/self-driving-ND/CarND-Behavioral-Cloning-P3/data_hard/IMG/center_2017_04_28_18_27_43_540.jpg,/home/esteve/self-driving-ND/CarND-Behavioral-Cloning-P3/data_hard/IMG/left_2017_04_28_18_27_43_540.jpg,/home/esteve/self-driving-ND/CarND-Behavioral-Cloning-P3/data_hard/IMG/right_2017_04_28_18_27_43_540.jpg,-0.1428571,0.8193121,0,15.68367
/home/esteve/self-driving-ND/CarND-Behavioral-Cloning-P3/data_hard/IMG/center_2017_04_28_18_27_43_619.jpg,/home/esteve/self-driving-ND/CarND-Behavioral-Cloning-P3/data_hard/IMG/left_2017_04_28_18_27_43_619.jpg,/home/esteve/self-driving-ND/CarND-Behavioral-Cloning-P3/data_hard/IMG/right_2017_04_28_18_27_43_619.jpg,-0.2481203,0.5808873,0,15.8367
/home/esteve/self-driving-ND/CarND-Behavioral-Cloning-P3/data_hard/IMG/center_2017_04_28_18_27_43_687.jpg,/home/esteve/self-driving-ND/CarND-Behavioral-Cloning-P3/data_hard/IMG/left_2017_04_28_18_27_43_687.jpg,/home/esteve/self-driving-ND/CarND-Behavioral-Cloning-P3/data_hard/IMG/right_2017_04_28_18_27_43_687.jpg,-0.368421,0.3782375,0,15.77765
/home/esteve/self-driving-ND/CarND-Behavioral-Cloning-P3/data_hard/IMG/center_2017_04_28_18_27_43_771.jpg,/home/esteve/self-driving-ND/CarND-Behavioral-Cloning-P3/data_hard/IMG/left_2017_04_28_18_27_43_771.jpg,/home/esteve/self-driving-ND/CarND-Behavioral-Cloning-P3/data_hard/IMG/right_2017_04_28_18_27_43_771.jpg,-0.5112782,0.1395574,0,15.45126
/home/esteve/self-driving-ND/CarND-Behavioral-Cloning-P3/data_hard/IMG/center_2017_04_28_18_27_43_849.jpg,/home/esteve/self-driving-ND/CarND-Behavioral-Cloning-P3/data_hard/IMG/left_2017_04_28_18_27_43_849.jpg,/home/esteve/self-driving-ND/CarND-Behavioral-Cloning-P3/data_hard/IMG/right_2017_04_28_18_27_43_849.jpg,-0.5639098,0,0,14.76733
/home/esteve/self-driving-ND/CarND-Behavioral-Cloning-P3/data_hard/IMG/center_2017_04_28_18_27_43_923.jpg,/home/esteve/self-driving-ND/CarND-Behavioral-Cloning-P3/data_hard/IMG/left_2017_04_28_18_27_43_923.jpg,/home/esteve/self-driving-ND/CarND-Behavioral-Cloning-P3/data_hard/IMG/right_2017_04_28_18_27_43_923.jpg,-0.5639098,0,0,14.21657
/home/esteve/self-driving-ND/CarND-Behavioral-Cloning-P3/data_hard/IMG/center_2017_04_28_18_27_44_008.jpg,/home/esteve/self-driving-ND/CarND-Behavioral-Cloning-P3/data_hard/IMG/left_2017_04_28_18_27_44_008.jpg,/home/esteve/self-driving-ND/CarND-Behavioral-Cloning-P3/data_hard/IMG/right_2017_04_28_18_27_44_008.jpg,-0.5639098,0,0,13.56447
/home/esteve/self-driving-ND/CarND-Behavioral-Cloning-P3/data_hard/IMG/center_2017_04_28_18_27_44_082.jpg,/home/esteve/self-driving-ND/CarND-Behavioral-Cloning-P3/data_hard/IMG/left_2017_04_28_18_27_44_082.jpg,/home/esteve/self-driving-ND/CarND-Behavioral-Cloning-P3/data_hard/IMG/right_2017_04_28_18_27_44_082.jpg,-0.5639098,0.2351038,0,13.51737
/home/esteve/self-driving-ND/CarND-Behavioral-Cloning-P3/data_hard/IMG/center_2017_04_28_18_27_44_160.jpg,/home/esteve/self-driving-ND/CarND-Behavioral-Cloning-P3/data_hard/IMG/left_2017_04_28_18_27_44_160.jpg,/home/esteve/self-driving-ND/CarND-Behavioral-Cloning-P3/data_hard/IMG/right_2017_04_28_18_27_44_160.jpg,-0.5639098,0.341717,0,12.93576
/home/esteve/self-driving-ND/CarND-Behavioral-Cloning-P3/data_hard/IMG/center_2017_04_28_18_27_44_238.jpg,/home/esteve/self-driving-ND/CarND-Behavioral-Cloning-P3/data_hard/IMG/left_2017_04_28_18_27_44_238.jpg,/home/esteve/self-driving-ND/CarND-Behavioral-Cloning-P3/data_hard/IMG/right_2017_04_28_18_27_44_238.jpg,-0.5639098,0.109643,0,13.22569
/home/esteve/self-driving-ND/CarND-Behavioral-Cloning-P3/data_hard/IMG/center_2017_04_28_18_27_44_317.jpg,/home/esteve/self-driving-ND/CarND-Behavioral-Cloning-P3/data_hard/IMG/left_2017_04_28_18_27_44_317.jpg,/home/esteve/self-driving-ND/CarND-Behavioral-Cloning-P3/data_hard/IMG/right_2017_04_28_18_27_44_317.jpg,-0.5639098,0.3445759,0,12.7365
/home/esteve/self-driving-ND/CarND-Behavioral-Cloning-P3/data_hard/IMG/center_2017_04_28_18_27_44_384.jpg,/home/esteve/self-driving-ND/CarND-Behavioral-Cloning-P3/data_hard/IMG/left_2017_04_28_18_27_44_384.jpg,/home/esteve/self-driving-ND/CarND-Behavioral-Cloning-P3/data_hard/IMG/right_2017_04_28_18_27_44_384.jpg,-0.5639098,0.5477564,0,13.02992
/home/esteve/self-driving-ND/CarND-Behavioral-Cloning-P3/data_hard/IMG/center_2017_04_28_18_27_44_460.jpg,/home/esteve/self-driving-ND/CarND-Behavioral-Cloning-P3/data_hard/IMG/left_2017_04_28_18_27_44_460.jpg,/home/esteve/self-driving-ND/CarND-Behavioral-Cloning-P3/data_hard/IMG/right_2017_04_28_18_27_44_460.jpg,-0.5639098,0.7761948,0,13.04584
/home/esteve/self-driving-ND/CarND-Behavioral-Cloning-P3/data_hard/IMG/center_2017_04_28_18_27_44_539.jpg,/home/esteve/self-driving-ND/CarND-Behavioral-Cloning-P3/data_hard/IMG/left_2017_04_28_18_27_44_539.jpg,/home/esteve/self-driving-ND/CarND-Behavioral-Cloning-P3/data_hard/IMG/right_2017_04_28_18_27_44_539.jpg,-0.5639098,1,0,13.10431
/home/esteve/self-driving-ND/CarND-Behavioral-Cloning-P3/data_hard/IMG/center_2017_04_28_18_27_44_618.jpg,/home/esteve/self-driving-ND/CarND-Behavioral-Cloning-P3/data_hard/IMG/left_2017_04_28_18_27_44_618.jpg,/home/esteve/self-driving-ND/CarND-Behavioral-Cloning-P3/data_hard/IMG/right_2017_04_28_18_27_44_618.jpg,-0.5639098,0.7592592,0,13.69106
/home/esteve/self-driving-ND/CarND-Behavioral-Cloning-P3/data_hard/IMG/center_2017_04_28_18_27_44_694.jpg,/home/esteve/self-driving-ND/CarND-Behavioral-Cloning-P3/data_hard/IMG/left_2017_04_28_18_27_44_694.jpg,/home/esteve/self-driving-ND/CarND-Behavioral-Cloning-P3/data_hard/IMG/right_2017_04_28_18_27_44_694.jpg,-0.5639098,0.5326118,0,13.75334
/home/esteve/self-driving-ND/CarND-Behavioral-Cloning-P3/data_hard/IMG/center_2017_04_28_18_27_44_777.jpg,/home/esteve/self-driving-ND/CarND-Behavioral-Cloning-P3/data_hard/IMG/left_2017_04_28_18_27_44_777.jpg,/home/esteve/self-driving-ND/CarND-Behavioral-Cloning-P3/data_hard/IMG/right_2017_04_28_18_27_44_777.jpg,-0.5639098,0.2841249,0,14.05986
/home/esteve/self-driving-ND/CarND-Behavioral-Cloning-P3/data_hard/IMG/center_2017_04_28_18_27_44_845.jpg,/home/esteve/self-driving-ND/CarND-Behavioral-Cloning-P3/data_hard/IMG/left_2017_04_28_18_27_44_845.jpg,/home/esteve/self-driving-ND/CarND-Behavioral-Cloning-P3/data_hard/IMG/right_2017_04_28_18_27_44_845.jpg,-0.5037594,0.06706619,0,14.06808
/home/esteve/self-driving-ND/CarND-Behavioral-Cloning-P3/data_hard/IMG/center_2017_04_28_18_27_44_921.jpg,/home/esteve/self-driving-ND/CarND-Behavioral-Cloning-P3/data_hard/IMG/left_2017_04_28_18_27_44_921.jpg,/home/esteve/self-driving-ND/CarND-Behavioral-Cloning-P3/data_hard/IMG/right_2017_04_28_18_27_44_921.jpg,-0.3533835,0.2475581,0,13.9201
/home/esteve/self-driving-ND/CarND-Behavioral-Cloning-P3/data_hard/IMG/center_2017_04_28_18_27_45_005.jpg,/home/esteve/self-driving-ND/CarND-Behavioral-Cloning-P3/data_hard/IMG/left_2017_04_28_18_27_45_005.jpg,/home/esteve/self-driving-ND/CarND-Behavioral-Cloning-P3/data_hard/IMG/right_2017_04_28_18_27_45_005.jpg,-0.2180451,0,0,13.97754
/home/esteve/self-driving-ND/CarND-Behavioral-Cloning-P3/data_hard/IMG/center_2017_04_28_18_27_45_084.jpg,/home/esteve/self-driving-ND/CarND-Behavioral-Cloning-P3/data_hard/IMG/left_2017_04_28_18_27_45_084.jpg,/home/esteve/self-driving-ND/CarND-Behavioral-Cloning-P3/data_hard/IMG/right_2017_04_28_18_27_45_084.jpg,-0.2030075,0,0,13.73973
/home/esteve/self-driving-ND/CarND-Behavioral-Cloning-P3/data_hard/IMG/center_2017_04_28_18_27_45_162.jpg,/home/esteve/self-driving-ND/CarND-Behavioral-Cloning-P3/data_hard/IMG/left_2017_04_28_18_27_45_162.jpg,/home/esteve/self-driving-ND/CarND-Behavioral-Cloning-P3/data_hard/IMG/right_2017_04_28_18_27_45_162.jpg,-0.2030075,0,0,13.2962
/home/esteve/self-driving-ND/CarND-Behavioral-Cloning-P3/data_hard/IMG/center_2017_04_28_18_27_45_233.jpg,/home/esteve/self-driving-ND/CarND-Behavioral-Cloning-P3/data_hard/IMG/left_2017_04_28_18_27_45_233.jpg,/home/esteve/self-driving-ND/CarND-Behavioral-Cloning-P3/data_hard/IMG/right_2017_04_28_18_27_45_233.jpg,-0.2030075,0,0,13.19798
/home/esteve/self-driving-ND/CarND-Behavioral-Cloning-P3/data_hard/IMG/center_2017_04_28_18_27_45_310.jpg,/home/esteve/self-driving-ND/CarND-Behavioral-Cloning-P3/data_hard/IMG/left_2017_04_28_18_27_45_310.jpg,/home/esteve/self-driving-ND/CarND-Behavioral-Cloning-P3/data_hard/IMG/right_2017_04_28_18_27_45_310.jpg,-0.2105263,0,0,13.14521
/home/esteve/self-driving-ND/CarND-Behavioral-Cloning-P3/data_hard/IMG/center_2017_04_28_18_27_45_380.jpg,/home/esteve/self-driving-ND/CarND-Behavioral-Cloning-P3/data_hard/IMG/left_2017_04_28_18_27_45_380.jpg,/home/esteve/self-driving-ND/CarND-Behavioral-Cloning-P3/data_hard/IMG/right_2017_04_28_18_27_45_380.jpg,-0.2105263,0.2110891,0,12.51316
/home/esteve/self-driving-ND/CarND-Behavioral-Cloning-P3/data_hard/IMG/center_2017_04_28_18_27_45_453.jpg,/home/esteve/self-driving-ND/CarND-Behavioral-Cloning-P3/data_hard/IMG/left_2017_04_28_18_27_45_453.jpg,/home/esteve/self-driving-ND/CarND-Behavioral-Cloning-P3/data_hard/IMG/right_2017_04_28_18_27_45_453.jpg,-0.1804511,0.4305625,0,12.77697
/home/esteve/self-driving-ND/CarND-Behavioral-Cloning-P3/data_hard/IMG/center_2017_04_28_18_27_45_526.jpg,/home/esteve/self-driving-ND/CarND-Behavioral-Cloning-P3/data_hard/IMG/left_2017_04_28_18_27_45_526.jpg,/home/esteve/self-driving-ND/CarND-Behavioral-Cloning-P3/data_hard/IMG/right_2017_04_28_18_27_45_526.jpg,-0.112782,0.6491096,0,13.38344
/home/esteve/self-driving-ND/CarND-Behavioral-Cloning-P3/data_hard/IMG/center_2017_04_28_18_27_45_599.jpg,/home/esteve/self-driving-ND/CarND-Behavioral-Cloning-P3/data_hard/IMG/left_2017_04_28_18_27_45_599.jpg,/home/esteve/self-driving-ND/CarND-Behavioral-Cloning-P3/data_hard/IMG/right_2017_04_28_18_27_45_599.jpg,-0.05263158,0.7614741,0,13.80145
/home/esteve/self-driving-ND/CarND-Behavioral-Cloning-P3/data_hard/IMG/center_2017_04_28_18_27_45_681.jpg,/home/esteve/self-driving-ND/CarND-Behavioral-Cloning-P3/data_hard/IMG/left_2017_04_28_18_27_45_681.jpg,/home/esteve/self-driving-ND/CarND-Behavioral-Cloning-P3/data_hard/IMG/right_2017_04_28_18_27_45_681.jpg,-0.007518797,0.5186126,0,14.43022
/home/esteve/self-driving-ND/CarND-Behavioral-Cloning-P3/data_hard/IMG/center_2017_04_28_18_27_45_752.jpg,/home/esteve/self-driving-ND/CarND-Behavioral-Cloning-P3/data_hard/IMG/left_2017_04_28_18_27_45_752.jpg,/home/esteve/self-driving-ND/CarND-Behavioral-Cloning-P3/data_hard/IMG/right_2017_04_28_18_27_45_752.jpg,0,0.2946475,0,14.53771
/home/esteve/self-driving-ND/CarND-Behavioral-Cloning-P3/data_hard/IMG/center_2017_04_28_18_27_45_828.jpg,/home/esteve/self-driving-ND/CarND-Behavioral-Cloning-P3/data_hard/IMG/left_2017_04_28_18_27_45_828.jpg,/home/esteve/self-driving-ND/CarND-Behavioral-Cloning-P3/data_hard/IMG/right_2017_04_28_18_27_45_828.jpg,0.03007519,0.07510114,0,14.64654
/home/esteve/self-driving-ND/CarND-Behavioral-Cloning-P3/data_hard/IMG/center_2017_04_28_18_27_45_903.jpg,/home/esteve/self-driving-ND/CarND-Behavioral-Cloning-P3/data_hard/IMG/left_2017_04_28_18_27_45_903.jpg,/home/esteve/self-driving-ND/CarND-Behavioral-Cloning-P3/data_hard/IMG/right_2017_04_28_18_27_45_903.jpg,0.06766918,0.2996628,0,14.64114
/home/esteve/self-driving-ND/CarND-Behavioral-Cloning-P3/data_hard/IMG/center_2017_04_28_18_27_45_974.jpg,/home/esteve/self-driving-ND/CarND-Behavioral-Cloning-P3/data_hard/IMG/left_2017_04_28_18_27_45_974.jpg,/home/esteve/self-driving-ND/CarND-Behavioral-Cloning-P3/data_hard/IMG/right_2017_04_28_18_27_45_974.jpg,0.09022556,0.5113671,0,14.96468
/home/esteve/self-driving-ND/CarND-Behavioral-Cloning-P3/data_hard/IMG/center_2017_04_28_18_27_46_048.jpg,/home/esteve/self-driving-ND/CarND-Behavioral-Cloning-P3/data_hard/IMG/left_2017_04_28_18_27_46_048.jpg,/home/esteve/self-driving-ND/CarND-Behavioral-Cloning-P3/data_hard/IMG/right_2017_04_28_18_27_46_048.jpg,0.1353384,0.7445512,0,15.40486
/home/esteve/self-driving-ND/CarND-Behavioral-Cloning-P3/data_hard/IMG/center_2017_04_28_18_27_46_117.jpg,/home/esteve/self-driving-ND/CarND-Behavioral-Cloning-P3/data_hard/IMG/left_2017_04_28_18_27_46_117.jpg,/home/esteve/self-driving-ND/CarND-Behavioral-Cloning-P3/data_hard/IMG/right_2017_04_28_18_27_46_117.jpg,0.1804511,0.7423046,0,15.95398
/home/esteve/self-driving-ND/CarND-Behavioral-Cloning-P3/data_hard/IMG/center_2017_04_28_18_27_46_193.jpg,/home/esteve/self-driving-ND/CarND-Behavioral-Cloning-P3/data_hard/IMG/left_2017_04_28_18_27_46_193.jpg,/home/esteve/self-driving-ND/CarND-Behavioral-Cloning-P3/data_hard/IMG/right_2017_04_28_18_27_46_193.jpg,0.1879699,0.5136559,0,16.41728
/home/esteve/self-driving-ND/CarND-Behavioral-Cloning-P3/data_hard/IMG/center_2017_04_28_18_27_46_263.jpg,/home/esteve/self-driving-ND/CarND-Behavioral-Cloning-P3/data_hard/IMG/left_2017_04_28_18_27_46_263.jpg,/home/esteve/self-driving-ND/CarND-Behavioral-Cloning-P3/data_hard/IMG/right_2017_04_28_18_27_46_263.jpg,0.2406015,0.3031433,0,16.66696
/home/esteve/self-driving-ND/CarND-Behavioral-Cloning-P3/data_hard/IMG/center_2017_04_28_18_27_46_336.jpg,/home/esteve/self-driving-ND/CarND-Behavioral-Cloning-P3/data_hard/IMG/left_2017_04_28_18_27_46_336.jpg,/home/esteve/self-driving-ND/CarND-Behavioral-Cloning-P3/data_hard/IMG/right_2017_04_28_18_27_46_336.jpg,0.3233083,0.08304834,0,16.64889
/home/esteve/self-driving-ND/CarND-Behavioral-Cloning-P3/data_hard/IMG/center_2017_04_28_18_27_46_414.jpg,/home/esteve/self-driving-ND/CarND-Behavioral-Cloning-P3/data_hard/IMG/left_2017_04_28_18_27_46_414.jpg,/home/esteve/self-driving-ND/CarND-Behavioral-Cloning-P3/data_hard/IMG/right_2017_04_28_18_27_46_414.jpg,0.3909774,0,0,16.51602
/home/esteve/self-driving-ND/CarND-Behavioral-Cloning-P3/data_hard/IMG/center_2017_04_28_18_27_46_490.jpg,/home/esteve/self-driving-ND/CarND-Behavioral-Cloning-P3/data_hard/IMG/left_2017_04_28_18_27_46_490.jpg,/home/esteve/self-driving-ND/CarND-Behavioral-Cloning-P3/data_hard/IMG/right_2017_04_28_18_27_46_490.jpg,0.4360902,0,0,16.34813
/home/esteve/self-driving-ND/CarND-Behavioral-Cloning-P3/data_hard/IMG/center_2017_04_28_18_27_46_564.jpg,/home/esteve/self-driving-ND/CarND-Behavioral-Cloning-P3/data_hard/IMG/left_2017_04_28_18_27_46_564.jpg,/home/esteve/self-driving-ND/CarND-Behavioral-Cloning-P3/data_hard/IMG/right_2017_04_28_18_27_46_564.jpg,0.4586466,0,0,16.19443
/home/esteve/self-driving-ND/CarND-Behavioral-Cloning-P3/data_hard/IMG/center_2017_04_28_18_27_46_643.jpg,/home/esteve/self-driving-ND/CarND-Behavioral-Cloning-P3/data_hard/IMG/left_2017_04_28_18_27_46_643.jpg,/home/esteve/self-driving-ND/CarND-Behavioral-Cloning-P3/data_hard/IMG/right_2017_04_28_18_27_46_643.jpg,0.481203,0.06323075,0,16.10688
/home/esteve/self-driving-ND/CarND-Behavioral-Cloning-P3/data_hard/IMG/center_2017_04_28_18_27_46_715.jpg,/home/esteve/self-driving-ND/CarND-Behavioral-Cloning-P3/data_hard/IMG/left_2017_04_28_18_27_46_715.jpg,/home/esteve/self-driving-ND/CarND-Behavioral-Cloning-P3/data_hard/IMG/right_2017_04_28_18_27_46_715.jpg,0.518797,0.2883267,0,16.11617
/home/esteve/self-driving-ND/CarND-Behavioral-Cloning-P3/data_hard/IMG/center_2017_04_28_18_27_46_788.jpg,/home/esteve/self-driving-ND/CarND-Behavioral-Cloning-P3/data_hard/IMG/left_2017_04_28_18_27_46_788.jpg,/home/esteve/self-driving-ND/CarND-Behavioral-Cloning-P3/data_hard/IMG/right_2017_04_28_18_27_46_788.jpg,0.5263158,0.5090847,0,16.36932
/home/esteve/self-driving-ND/CarND-Behavioral-Cloning-P3/data_hard/IMG/center_2017_04_28_18_27_46_861.jpg,/home/esteve/self-driving-ND/CarND-Behavioral-Cloning-P3/data_hard/IMG/left_2017_04_28_18_27_46_861.jpg,/home/esteve/self-driving-ND/CarND-Behavioral-Cloning-P3/data_hard/IMG/right_2017_04_28_18_27_46_861.jpg,0.5263158,0.6733797,0,16.69792
/home/esteve/self-driving-ND/CarND-Behavioral-Cloning-P3/data_hard/IMG/center_2017_04_28_18_27_46_934.jpg,/home/esteve/self-driving-ND/CarND-Behavioral-Cloning-P3/data_hard/IMG/left_2017_04_28_18_27_46_934.jpg,/home/esteve/self-driving-ND/CarND-Behavioral-Cloning-P3/data_hard/IMG/right_2017_04_28_18_27_46_934.jpg,0.5263158,0.9470973,0,17.3622
/home/esteve/self-driving-ND/CarND-Behavioral-Cloning-P3/data_hard/IMG/center_2017_04_28_18_27_47_010.jpg,/home/esteve/self-driving-ND/CarND-Behavioral-Cloning-P3/data_hard/IMG/left_2017_04_28_18_27_47_010.jpg,/home/esteve/self-driving-ND/CarND-Behavioral-Cloning-P3/data_hard/IMG/right_2017_04_28_18_27_47_010.jpg,0.5263158,0.9360461,0,18.18302
/home/esteve/self-driving-ND/CarND-Behavioral-Cloning-P3/data_hard/IMG/center_2017_04_28_18_27_47_080.jpg,/home/esteve/self-driving-ND/CarND-Behavioral-Cloning-P3/data_hard/IMG/left_2017_04_28_18_27_47_080.jpg,/home/esteve/self-driving-ND/CarND-Behavioral-Cloning-P3/data_hard/IMG/right_2017_04_28_18_27_47_080.jpg,0.5263158,0.7805531,0,18.7413
/home/esteve/self-driving-ND/CarND-Behavioral-Cloning-P3/data_hard/IMG/center_2017_04_28_18_27_47_160.jpg,/home/esteve/self-driving-ND/CarND-Behavioral-Cloning-P3/data_hard/IMG/left_2017_04_28_18_27_47_160.jpg,/home/esteve/self-driving-ND/CarND-Behavioral-Cloning-P3/data_hard/IMG/right_2017_04_28_18_27_47_160.jpg,0.5263158,0.5404239,0,19.18513
/home/esteve/self-driving-ND/CarND-Behavioral-Cloning-P3/data_hard/IMG/center_2017_04_28_18_27_47_238.jpg,/home/esteve/self-driving-ND/CarND-Behavioral-Cloning-P3/data_hard/IMG/left_2017_04_28_18_27_47_238.jpg,/home/esteve/self-driving-ND/CarND-Behavioral-Cloning-P3/data_hard/IMG/right_2017_04_28_18_27_47_238.jpg,0.5112782,0.2533631,0,19.39672
/home/esteve/self-driving-ND/CarND-Behavioral-Cloning-P3/data_hard/IMG/center_2017_04_28_18_27_47_309.jpg,/home/esteve/self-driving-ND/CarND-Behavioral-Cloning-P3/data_hard/IMG/left_2017_04_28_18_27_47_309.jpg,/home/esteve/self-driving-ND/CarND-Behavioral-Cloning-P3/data_hard/IMG/right_2017_04_28_18_27_47_309.jpg,0.5037594,0.4668255,0,19.57949
/home/esteve/self-driving-ND/CarND-Behavioral-Cloning-P3/data_hard/IMG/center_2017_04_28_18_27_47_384.jpg,/home/esteve/self-driving-ND/CarND-Behavioral-Cloning-P3/data_hard/IMG/left_2017_04_28_18_27_47_384.jpg,/home/esteve/self-driving-ND/CarND-Behavioral-Cloning-P3/data_hard/IMG/right_2017_04_28_18_27_47_384.jpg,0.5037594,0.4857554,0,19.93726
/home/esteve/self-driving-ND/CarND-Behavioral-Cloning-P3/data_hard/IMG/center_2017_04_28_18_27_47_463.jpg,/home/esteve/self-driving-ND/CarND-Behavioral-Cloning-P3/data_hard/IMG/left_2017_04_28_18_27_47_463.jpg,/home/esteve/self-driving-ND/CarND-Behavioral-Cloning-P3/data_hard/IMG/right_2017_04_28_18_27_47_463.jpg,0.4736842,0.2494307,0,20.11641
/home/esteve/self-driving-ND/CarND-Behavioral-Cloning-P3/data_hard/IMG/center_2017_04_28_18_27_47_537.jpg,/home/esteve/self-driving-ND/CarND-Behavioral-Cloning-P3/data_hard/IMG/left_2017_04_28_18_27_47_537.jpg,/home/esteve/self-driving-ND/CarND-Behavioral-Cloning-P3/data_hard/IMG/right_2017_04_28_18_27_47_537.jpg,0.4436091,0.2587898,0,20.03775
/home/esteve/self-driving-ND/CarND-Behavioral-Cloning-P3/data_hard/IMG/center_2017_04_28_18_27_47_614.jpg,/home/esteve/self-driving-ND/CarND-Behavioral-Cloning-P3/data_hard/IMG/left_2017_04_28_18_27_47_614.jpg,/home/esteve/self-driving-ND/CarND-Behavioral-Cloning-P3/data_hard/IMG/right_2017_04_28_18_27_47_614.jpg,0.3533835,0.489517,0,20.26958
/home/esteve/self-driving-ND/CarND-Behavioral-Cloning-P3/data_hard/IMG/center_2017_04_28_18_27_47_696.jpg,/home/esteve/self-driving-ND/CarND-Behavioral-Cloning-P3/data_hard/IMG/left_2017_04_28_18_27_47_696.jpg,/home/esteve/self-driving-ND/CarND-Behavioral-Cloning-P3/data_hard/IMG/right_2017_04_28_18_27_47_696.jpg,0.2781955,0.3550932,0,20.58159
/home/esteve/self-driving-ND/CarND-Behavioral-Cloning-P3/data_hard/IMG/center_2017_04_28_18_27_47_773.jpg,/home/esteve/self-driving-ND/CarND-Behavioral-Cloning-P3/data_hard/IMG/left_2017_04_28_18_27_47_773.jpg,/home/esteve/self-driving-ND/CarND-Behavioral-Cloning-P3/data_hard/IMG/right_2017_04_28_18_27_47_773.jpg,0.2781955,0.124027,0,20.64195
/home/esteve/self-driving-ND/CarND-Behavioral-Cloning-P3/data_hard/IMG/center_2017_04_28_18_27_47_855.jpg,/home/esteve/self-driving-ND/CarND-Behavioral-Cloning-P3/data_hard/IMG/left_2017_04_28_18_27_47_855.jpg,/home/esteve/self-driving-ND/CarND-Behavioral-Cloning-P3/data_hard/IMG/right_2017_04_28_18_27_47_855.jpg,0.2781955,0,0,20.50682
/home/esteve/self-driving-ND/CarND-Behavioral-Cloning-P3/data_hard/IMG/center_2017_04_28_18_27_47_932.jpg,/home/esteve/self-driving-ND/CarND-Behavioral-Cloning-P3/data_hard/IMG/left_2017_04_28_18_27_47_932.jpg,/home/esteve/self-driving-ND/CarND-Behavioral-Cloning-P3/data_hard/IMG/right_2017_04_28_18_27_47_932.jpg,0.3383459,0.04861164,0,20.34607
/home/esteve/self-driving-ND/CarND-Behavioral-Cloning-P3/data_hard/IMG/center_2017_04_28_18_27_48_011.jpg,/home/esteve/self-driving-ND/CarND-Behavioral-Cloning-P3/data_hard/IMG/left_2017_04_28_18_27_48_011.jpg,/home/esteve/self-driving-ND/CarND-Behavioral-Cloning-P3/data_hard/IMG/right_2017_04_28_18_27_48_011.jpg,0.4887218,0.2859242,0,20.30841
/home/esteve/self-driving-ND/CarND-Behavioral-Cloning-P3/data_hard/IMG/center_2017_04_28_18_27_48_085.jpg,/home/esteve/self-driving-ND/CarND-Behavioral-Cloning-P3/data_hard/IMG/left_2017_04_28_18_27_48_085.jpg,/home/esteve/self-driving-ND/CarND-Behavioral-Cloning-P3/data_hard/IMG/right_2017_04_28_18_27_48_085.jpg,0.5789474,0.5068316,0,20.46301
/home/esteve/self-driving-ND/CarND-Behavioral-Cloning-P3/data_hard/IMG/center_2017_04_28_18_27_48_160.jpg,/home/esteve/self-driving-ND/CarND-Behavioral-Cloning-P3/data_hard/IMG/left_2017_04_28_18_27_48_160.jpg,/home/esteve/self-driving-ND/CarND-Behavioral-Cloning-P3/data_hard/IMG/right_2017_04_28_18_27_48_160.jpg,0.5789474,0.7322731,0,20.80945
/home/esteve/self-driving-ND/CarND-Behavioral-Cloning-P3/data_hard/IMG/center_2017_04_28_18_27_48_236.jpg,/home/esteve/self-driving-ND/CarND-Behavioral-Cloning-P3/data_hard/IMG/left_2017_04_28_18_27_48_236.jpg,/home/esteve/self-driving-ND/CarND-Behavioral-Cloning-P3/data_hard/IMG/right_2017_04_28_18_27_48_236.jpg,0.5714286,0.5029621,0,21.22131
/home/esteve/self-driving-ND/CarND-Behavioral-Cloning-P3/data_hard/IMG/center_2017_04_28_18_27_48_317.jpg,/home/esteve/self-driving-ND/CarND-Behavioral-Cloning-P3/data_hard/IMG/left_2017_04_28_18_27_48_317.jpg,/home/esteve/self-driving-ND/CarND-Behavioral-Cloning-P3/data_hard/IMG/right_2017_04_28_18_27_48_317.jpg,0.4887218,0.260268,0,21.44028
/home/esteve/self-driving-ND/CarND-Behavioral-Cloning-P3/data_hard/IMG/center_2017_04_28_18_27_48_395.jpg,/home/esteve/self-driving-ND/CarND-Behavioral-Cloning-P3/data_hard/IMG/left_2017_04_28_18_27_48_395.jpg,/home/esteve/self-driving-ND/CarND-Behavioral-Cloning-P3/data_hard/IMG/right_2017_04_28_18_27_48_395.jpg,0.3458647,0.02575207,0,21.45309
/home/esteve/self-driving-ND/CarND-Behavioral-Cloning-P3/data_hard/IMG/center_2017_04_28_18_27_48_474.jpg,/home/esteve/self-driving-ND/CarND-Behavioral-Cloning-P3/data_hard/IMG/left_2017_04_28_18_27_48_474.jpg,/home/esteve/self-driving-ND/CarND-Behavioral-Cloning-P3/data_hard/IMG/right_2017_04_28_18_27_48_474.jpg,0.2481203,0,0,21.30998
/home/esteve/self-driving-ND/CarND-Behavioral-Cloning-P3/data_hard/IMG/center_2017_04_28_18_27_48_559.jpg,/home/esteve/self-driving-ND/CarND-Behavioral-Cloning-P3/data_hard/IMG/left_2017_04_28_18_27_48_559.jpg,/home/esteve/self-driving-ND/CarND-Behavioral-Cloning-P3/data_hard/IMG/right_2017_04_28_18_27_48_559.jpg,0.1428571,0,0,21.1547
/home/esteve/self-driving-ND/CarND-Behavioral-Cloning-P3/data_hard/IMG/center_2017_04_28_18_27_48_640.jpg,/home/esteve/self-driving-ND/CarND-Behavioral-Cloning-P3/data_hard/IMG/left_2017_04_28_18_27_48_640.jpg,/home/esteve/self-driving-ND/CarND-Behavioral-Cloning-P3/data_hard/IMG/right_2017_04_28_18_27_48_640.jpg,0.07518797,0.1905663,0,21.09653
/home/esteve/self-driving-ND/CarND-Behavioral-Cloning-P3/data_hard/IMG/center_2017_04_28_18_27_48_726.jpg,/home/esteve/self-driving-ND/CarND-Behavioral-Cloning-P3/data_hard/IMG/left_2017_04_28_18_27_48_726.jpg,/home/esteve/self-driving-ND/CarND-Behavioral-Cloning-P3/data_hard/IMG/right_2017_04_28_18_27_48_726.jpg,0.06015037,0.1165924,0,20.98714
/home/esteve/self-driving-ND/CarND-Behavioral-Cloning-P3/data_hard/IMG/center_2017_04_28_18_27_48_805.jpg,/home/esteve/self-driving-ND/CarND-Behavioral-Cloning-P3/data_hard/IMG/left_2017_04_28_18_27_48_805.jpg,/home/esteve/self-driving-ND/CarND-Behavioral-Cloning-P3/data_hard/IMG/right_2017_04_28_18_27_48_805.jpg,0.09774436,0,0,20.81793
/home/esteve/self-driving-ND/CarND-Behavioral-Cloning-P3/data_hard/IMG/center_2017_04_28_18_27_48_885.jpg,/home/esteve/self-driving-ND/CarND-Behavioral-Cloning-P3/data_hard/IMG/left_2017_04_28_18_27_48_885.jpg,/home/esteve/self-driving-ND/CarND-Behavioral-Cloning-P3/data_hard/IMG/right_2017_04_28_18_27_48_885.jpg,0.1052632,0.1704841,0,20.67741
/home/esteve/self-driving-ND/CarND-Behavioral-Cloning-P3/data_hard/IMG/center_2017_04_28_18_27_48_965.jpg,/home/esteve/self-driving-ND/CarND-Behavioral-Cloning-P3/data_hard/IMG/left_2017_04_28_18_27_48_965.jpg,/home/esteve/self-driving-ND/CarND-Behavioral-Cloning-P3/data_hard/IMG/right_2017_04_28_18_27_48_965.jpg,0.07518797,0.4123707,0,20.81991
/home/esteve/self-driving-ND/CarND-Behavioral-Cloning-P3/data_hard/IMG/center_2017_04_28_18_27_49_045.jpg,/home/esteve/self-driving-ND/CarND-Behavioral-Cloning-P3/data_hard/IMG/left_2017_04_28_18_27_49_045.jpg,/home/esteve/self-driving-ND/CarND-Behavioral-Cloning-P3/data_hard/IMG/right_2017_04_28_18_27_49_045.jpg,0.06015037,0.5339019,0,21.20942
/home/esteve/self-driving-ND/CarND-Behavioral-Cloning-P3/data_hard/IMG/center_2017_04_28_18_27_49_124.jpg,/home/esteve/self-driving-ND/CarND-Behavioral-Cloning-P3/data_hard/IMG/left_2017_04_28_18_27_49_124.jpg,/home/esteve/self-driving-ND/CarND-Behavioral-Cloning-P3/data_hard/IMG/right_2017_04_28_18_27_49_124.jpg,0.06015037,0.2961516,0,21.43999
/home/esteve/self-driving-ND/CarND-Behavioral-Cloning-P3/data_hard/IMG/center_2017_04_28_18_27_49_193.jpg,/home/esteve/self-driving-ND/CarND-Behavioral-Cloning-P3/data_hard/IMG/left_2017_04_28_18_27_49_193.jpg,/home/esteve/self-driving-ND/CarND-Behavioral-Cloning-P3/data_hard/IMG/right_2017_04_28_18_27_49_193.jpg,0.06015037,0.09107137,0,21.6405
/home/esteve/self-driving-ND/CarND-Behavioral-Cloning-P3/data_hard/IMG/center_2017_04_28_18_27_49_274.jpg,/home/esteve/self-driving-ND/CarND-Behavioral-Cloning-P3/data_hard/IMG/left_2017_04_28_18_27_49_274.jpg,/home/esteve/self-driving-ND/CarND-Behavioral-Cloning-P3/data_hard/IMG/right_2017_04_28_18_27_49_274.jpg,0.06015037,0.06093907,0,21.50529
/home/esteve/self-driving-ND/CarND-Behavioral-Cloning-P3/data_hard/IMG/center_2017_04_28_18_27_49_355.jpg,/home/esteve/self-driving-ND/CarND-Behavioral-Cloning-P3/data_hard/IMG/left_2017_04_28_18_27_49_355.jpg,/home/esteve/self-driving-ND/CarND-Behavioral-Cloning-P3/data_hard/IMG/right_2017_04_28_18_27_49_355.jpg,0.06015037,0.05929542,0,21.45766
/home/esteve/self-driving-ND/CarND-Behavioral-Cloning-P3/data_hard/IMG/center_2017_04_28_18_27_49_436.jpg,/home/esteve/self-driving-ND/CarND-Behavioral-Cloning-P3/data_hard/IMG/left_2017_04_28_18_27_49_436.jpg,/home/esteve/self-driving-ND/CarND-Behavioral-Cloning-P3/data_hard/IMG/right_2017_04_28_18_27_49_436.jpg,0,0,0,21.30275
/home/esteve/self-driving-ND/CarND-Behavioral-Cloning-P3/data_hard/IMG/center_2017_04_28_18_27_49_519.jpg,/home/esteve/self-driving-ND/CarND-Behavioral-Cloning-P3/data_hard/IMG/left_2017_04_28_18_27_49_519.jpg,/home/esteve/self-driving-ND/CarND-Behavioral-Cloning-P3/data_hard/IMG/right_2017_04_28_18_27_49_519.jpg,-0.007518797,0,0,21.13521
/home/esteve/self-driving-ND/CarND-Behavioral-Cloning-P3/data_hard/IMG/center_2017_04_28_18_27_49_597.jpg,/home/esteve/self-driving-ND/CarND-Behavioral-Cloning-P3/data_hard/IMG/left_2017_04_28_18_27_49_597.jpg,/home/esteve/self-driving-ND/CarND-Behavioral-Cloning-P3/data_hard/IMG/right_2017_04_28_18_27_49_597.jpg,-0.007518797,0.1211193,0,20.98612
/home/esteve/self-driving-ND/CarND-Behavioral-Cloning-P3/data_hard/IMG/center_2017_04_28_18_27_49_685.jpg,/home/esteve/self-driving-ND/CarND-Behavioral-Cloning-P3/data_hard/IMG/left_2017_04_28_18_27_49_685.jpg,/home/esteve/self-driving-ND/CarND-Behavioral-Cloning-P3/data_hard/IMG/right_2017_04_28_18_27_49_685.jpg,-0.007518797,0.1050053,0,20.69539
/home/esteve/self-driving-ND/CarND-Behavioral-Cloning-P3/data_hard/IMG/center_2017_04_28_18_27_49_763.jpg,/home/esteve/self-driving-ND/CarND-Behavioral-Cloning-P3/data_hard/IMG/left_2017_04_28_18_27_49_763.jpg,/home/esteve/self-driving-ND/CarND-Behavioral-Cloning-P3/data_hard/IMG/right_2017_04_28_18_27_49_763.jpg,-0.007518797,0,0,20.53855
/home/esteve/self-driving-ND/CarND-Behavioral-Cloning-P3/data_hard/IMG/center_2017_04_28_18_27_49_845.jpg,/home/esteve/self-driving-ND/CarND-Behavioral-Cloning-P3/data_hard/IMG/left_2017_04_28_18_27_49_845.jpg,/home/esteve/self-driving-ND/CarND-Behavioral-Cloning-P3/data_hard/IMG/right_2017_04_28_18_27_49_845.jpg,-0.01503759,0,0,20.36676
/home/esteve/self-driving-ND/CarND-Behavioral-Cloning-P3/data_hard/IMG/center_2017_04_28_18_27_49_912.jpg,/home/esteve/self-driving-ND/CarND-Behavioral-Cloning-P3/data_hard/IMG/left_2017_04_28_18_27_49_912.jpg,/home/esteve/self-driving-ND/CarND-Behavioral-Cloning-P3/data_hard/IMG/right_2017_04_28_18_27_49_912.jpg,-0.02255639,0,0,20.56131
/home/esteve/self-driving-ND/CarND-Behavioral-Cloning-P3/data_hard/IMG/center_2017_04_28_18_27_49_994.jpg,/home/esteve/self-driving-ND/CarND-Behavioral-Cloning-P3/data_hard/IMG/left_2017_04_28_18_27_49_994.jpg,/home/esteve/self-driving-ND/CarND-Behavioral-Cloning-P3/data_hard/IMG/right_2017_04_28_18_27_49_994.jpg,-0.03007519,0,0,20.39971
/home/esteve/self-driving-ND/CarND-Behavioral-Cloning-P3/data_hard/IMG/center_2017_04_28_18_27_50_076.jpg,/home/esteve/self-driving-ND/CarND-Behavioral-Cloning-P3/data_hard/IMG/left_2017_04_28_18_27_50_076.jpg,/home/esteve/self-driving-ND/CarND-Behavioral-Cloning-P3/data_hard/IMG/right_2017_04_28_18_27_50_076.jpg,-0.03007519,0,0,20.23995
/home/esteve/self-driving-ND/CarND-Behavioral-Cloning-P3/data_hard/IMG/center_2017_04_28_18_27_50_161.jpg,/home/esteve/self-driving-ND/CarND-Behavioral-Cloning-P3/data_hard/IMG/left_2017_04_28_18_27_50_161.jpg,/home/esteve/self-driving-ND/CarND-Behavioral-Cloning-P3/data_hard/IMG/right_2017_04_28_18_27_50_161.jpg,0.007518797,0.131532,0,20.09912
/home/esteve/self-driving-ND/CarND-Behavioral-Cloning-P3/data_hard/IMG/center_2017_04_28_18_27_50_244.jpg,/home/esteve/self-driving-ND/CarND-Behavioral-Cloning-P3/data_hard/IMG/left_2017_04_28_18_27_50_244.jpg,/home/esteve/self-driving-ND/CarND-Behavioral-Cloning-P3/data_hard/IMG/right_2017_04_28_18_27_50_244.jpg,0.03759398,0.3795991,0,19.93292
/home/esteve/self-driving-ND/CarND-Behavioral-Cloning-P3/data_hard/IMG/center_2017_04_28_18_27_50_325.jpg,/home/esteve/self-driving-ND/CarND-Behavioral-Cloning-P3/data_hard/IMG/left_2017_04_28_18_27_50_325.jpg,/home/esteve/self-driving-ND/CarND-Behavioral-Cloning-P3/data_hard/IMG/right_2017_04_28_18_27_50_325.jpg,0.06015037,0.2603846,0,20.13517
/home/esteve/self-driving-ND/CarND-Behavioral-Cloning-P3/data_hard/IMG/center_2017_04_28_18_27_50_406.jpg,/home/esteve/self-driving-ND/CarND-Behavioral-Cloning-P3/data_hard/IMG/left_2017_04_28_18_27_50_406.jpg,/home/esteve/self-driving-ND/CarND-Behavioral-Cloning-P3/data_hard/IMG/right_2017_04_28_18_27_50_406.jpg,0.07518797,0.01626849,0,20.08242
/home/esteve/self-driving-ND/CarND-Behavioral-Cloning-P3/data_hard/IMG/center_2017_04_28_18_27_50_486.jpg,/home/esteve/self-driving-ND/CarND-Behavioral-Cloning-P3/data_hard/IMG/left_2017_04_28_18_27_50_486.jpg,/home/esteve/self-driving-ND/CarND-Behavioral-Cloning-P3/data_hard/IMG/right_2017_04_28_18_27_50_486.jpg,0.07518797,0,0,19.90224
/home/esteve/self-driving-ND/CarND-Behavioral-Cloning-P3/data_hard/IMG/center_2017_04_28_18_27_50_569.jpg,/home/esteve/self-driving-ND/CarND-Behavioral-Cloning-P3/data_hard/IMG/left_2017_04_28_18_27_50_569.jpg,/home/esteve/self-driving-ND/CarND-Behavioral-Cloning-P3/data_hard/IMG/right_2017_04_28_18_27_50_569.jpg,0.09774436,0.1293211,0,19.7674
/home/esteve/self-driving-ND/CarND-Behavioral-Cloning-P3/data_hard/IMG/center_2017_04_28_18_27_50_652.jpg,/home/esteve/self-driving-ND/CarND-Behavioral-Cloning-P3/data_hard/IMG/left_2017_04_28_18_27_50_652.jpg,/home/esteve/self-driving-ND/CarND-Behavioral-Cloning-P3/data_hard/IMG/right_2017_04_28_18_27_50_652.jpg,0.2030075,0.3796656,0,19.8692
/home/esteve/self-driving-ND/CarND-Behavioral-Cloning-P3/data_hard/IMG/center_2017_04_28_18_27_50_719.jpg,/home/esteve/self-driving-ND/CarND-Behavioral-Cloning-P3/data_hard/IMG/left_2017_04_28_18_27_50_719.jpg,/home/esteve/self-driving-ND/CarND-Behavioral-Cloning-P3/data_hard/IMG/right_2017_04_28_18_27_50_719.jpg,0.2556391,0.579807,0,20.34686
/home/esteve/self-driving-ND/CarND-Behavioral-Cloning-P3/data_hard/IMG/center_2017_04_28_18_27_50_803.jpg,/home/esteve/self-driving-ND/CarND-Behavioral-Cloning-P3/data_hard/IMG/left_2017_04_28_18_27_50_803.jpg,/home/esteve/self-driving-ND/CarND-Behavioral-Cloning-P3/data_hard/IMG/right_2017_04_28_18_27_50_803.jpg,0.3082707,0.4637067,0,20.56458
/home/esteve/self-driving-ND/CarND-Behavioral-Cloning-P3/data_hard/IMG/center_2017_04_28_18_27_50_886.jpg,/home/esteve/self-driving-ND/CarND-Behavioral-Cloning-P3/data_hard/IMG/left_2017_04_28_18_27_50_886.jpg,/home/esteve/self-driving-ND/CarND-Behavioral-Cloning-P3/data_hard/IMG/right_2017_04_28_18_27_50_886.jpg,0.3533835,0.2156911,0,20.65247
/home/esteve/self-driving-ND/CarND-Behavioral-Cloning-P3/data_hard/IMG/center_2017_04_28_18_27_50_967.jpg,/home/esteve/self-driving-ND/CarND-Behavioral-Cloning-P3/data_hard/IMG/left_2017_04_28_18_27_50_967.jpg,/home/esteve/self-driving-ND/CarND-Behavioral-Cloning-P3/data_hard/IMG/right_2017_04_28_18_27_50_967.jpg,0.3533835,0,0,20.5514
/home/esteve/self-driving-ND/CarND-Behavioral-Cloning-P3/data_hard/IMG/center_2017_04_28_18_27_51_049.jpg,/home/esteve/self-driving-ND/CarND-Behavioral-Cloning-P3/data_hard/IMG/left_2017_04_28_18_27_51_049.jpg,/home/esteve/self-driving-ND/CarND-Behavioral-Cloning-P3/data_hard/IMG/right_2017_04_28_18_27_51_049.jpg,0.3533835,0,0,20.36148
/home/esteve/self-driving-ND/CarND-Behavioral-Cloning-P3/data_hard/IMG/center_2017_04_28_18_27_51_130.jpg,/home/esteve/self-driving-ND/CarND-Behavioral-Cloning-P3/data_hard/IMG/left_2017_04_28_18_27_51_130.jpg,/home/esteve/self-driving-ND/CarND-Behavioral-Cloning-P3/data_hard/IMG/right_2017_04_28_18_27_51_130.jpg,0.3834586,0.1814432,0,20.25364
/home/esteve/self-driving-ND/CarND-Behavioral-Cloning-P3/data_hard/IMG/center_2017_04_28_18_27_51_215.jpg,/home/esteve/self-driving-ND/CarND-Behavioral-Cloning-P3/data_hard/IMG/left_2017_04_28_18_27_51_215.jpg,/home/esteve/self-driving-ND/CarND-Behavioral-Cloning-P3/data_hard/IMG/right_2017_04_28_18_27_51_215.jpg,0.4511278,0.3091714,0,20.38994
/home/esteve/self-driving-ND/CarND-Behavioral-Cloning-P3/data_hard/IMG/center_2017_04_28_18_27_51_284.jpg,/home/esteve/self-driving-ND/CarND-Behavioral-Cloning-P3/data_hard/IMG/left_2017_04_28_18_27_51_284.jpg,/home/esteve/self-driving-ND/CarND-Behavioral-Cloning-P3/data_hard/IMG/right_2017_04_28_18_27_51_284.jpg,0.4511278,0.09958863,0,20.34643
/home/esteve/self-driving-ND/CarND-Behavioral-Cloning-P3/data_hard/IMG/center_2017_04_28_18_27_51_366.jpg,/home/esteve/self-driving-ND/CarND-Behavioral-Cloning-P3/data_hard/IMG/left_2017_04_28_18_27_51_366.jpg,/home/esteve/self-driving-ND/CarND-Behavioral-Cloning-P3/data_hard/IMG/right_2017_04_28_18_27_51_366.jpg,0.4436091,0,0,20.17473
/home/esteve/self-driving-ND/CarND-Behavioral-Cloning-P3/data_hard/IMG/center_2017_04_28_18_27_51_448.jpg,/home/esteve/self-driving-ND/CarND-Behavioral-Cloning-P3/data_hard/IMG/left_2017_04_28_18_27_51_448.jpg,/home/esteve/self-driving-ND/CarND-Behavioral-Cloning-P3/data_hard/IMG/right_2017_04_28_18_27_51_448.jpg,0.4210526,0,0,19.99613
/home/esteve/self-driving-ND/CarND-Behavioral-Cloning-P3/data_hard/IMG/center_2017_04_28_18_27_51_526.jpg,/home/esteve/self-driving-ND/CarND-Behavioral-Cloning-P3/data_hard/IMG/left_2017_04_28_18_27_51_526.jpg,/home/esteve/self-driving-ND/CarND-Behavioral-Cloning-P3/data_hard/IMG/right_2017_04_28_18_27_51_526.jpg,0.4210526,0,0,19.81658
/home/esteve/self-driving-ND/CarND-Behavioral-Cloning-P3/data_hard/IMG/center_2017_04_28_18_27_51_606.jpg,/home/esteve/self-driving-ND/CarND-Behavioral-Cloning-P3/data_hard/IMG/left_2017_04_28_18_27_51_606.jpg,/home/esteve/self-driving-ND/CarND-Behavioral-Cloning-P3/data_hard/IMG/right_2017_04_28_18_27_51_606.jpg,0.3609022,0.1791179,0,19.71294
/home/esteve/self-driving-ND/CarND-Behavioral-Cloning-P3/data_hard/IMG/center_2017_04_28_18_27_51_691.jpg,/home/esteve/self-driving-ND/CarND-Behavioral-Cloning-P3/data_hard/IMG/left_2017_04_28_18_27_51_691.jpg,/home/esteve/self-driving-ND/CarND-Behavioral-Cloning-P3/data_hard/IMG/right_2017_04_28_18_27_51_691.jpg,0.2105263,0,0,19.62277
/home/esteve/self-driving-ND/CarND-Behavioral-Cloning-P3/data_hard/IMG/center_2017_04_28_18_27_51_773.jpg,/home/esteve/self-driving-ND/CarND-Behavioral-Cloning-P3/data_hard/IMG/left_2017_04_28_18_27_51_773.jpg,/home/esteve/self-driving-ND/CarND-Behavioral-Cloning-P3/data_hard/IMG/right_2017_04_28_18_27_51_773.jpg,0.1954887,0,0,19.46632
/home/esteve/self-driving-ND/CarND-Behavioral-Cloning-P3/data_hard/IMG/center_2017_04_28_18_27_51_854.jpg,/home/esteve/self-driving-ND/CarND-Behavioral-Cloning-P3/data_hard/IMG/left_2017_04_28_18_27_51_854.jpg,/home/esteve/self-driving-ND/CarND-Behavioral-Cloning-P3/data_hard/IMG/right_2017_04_28_18_27_51_854.jpg,0.1954887,0,0,19.31013
/home/esteve/self-driving-ND/CarND-Behavioral-Cloning-P3/data_hard/IMG/center_2017_04_28_18_27_51_943.jpg,/home/esteve/self-driving-ND/CarND-Behavioral-Cloning-P3/data_hard/IMG/left_2017_04_28_18_27_51_943.jpg,/home/esteve/self-driving-ND/CarND-Behavioral-Cloning-P3/data_hard/IMG/right_2017_04_28_18_27_51_943.jpg,0.1954887,0.2677646,0,19.6878
/home/esteve/self-driving-ND/CarND-Behavioral-Cloning-P3/data_hard/IMG/center_2017_04_28_18_27_52_028.jpg,/home/esteve/self-driving-ND/CarND-Behavioral-Cloning-P3/data_hard/IMG/left_2017_04_28_18_27_52_028.jpg,/home/esteve/self-driving-ND/CarND-Behavioral-Cloning-P3/data_hard/IMG/right_2017_04_28_18_27_52_028.jpg,0.1278196,0.5235264,0,19.88543
/home/esteve/self-driving-ND/CarND-Behavioral-Cloning-P3/data_hard/IMG/center_2017_04_28_18_27_52_109.jpg,/home/esteve/self-driving-ND/CarND-Behavioral-Cloning-P3/data_hard/IMG/left_2017_04_28_18_27_52_109.jpg,/home/esteve/self-driving-ND/CarND-Behavioral-Cloning-P3/data_hard/IMG/right_2017_04_28_18_27_52_109.jpg,0.112782,0.7639554,0,20.32158
/home/esteve/self-driving-ND/CarND-Behavioral-Cloning-P3/data_hard/IMG/center_2017_04_28_18_27_52_189.jpg,/home/esteve/self-driving-ND/CarND-Behavioral-Cloning-P3/data_hard/IMG/left_2017_04_28_18_27_52_189.jpg,/home/esteve/self-driving-ND/CarND-Behavioral-Cloning-P3/data_hard/IMG/right_2017_04_28_18_27_52_189.jpg,0.112782,0.522872,0,20.77357
/home/esteve/self-driving-ND/CarND-Behavioral-Cloning-P3/data_hard/IMG/center_2017_04_28_18_27_52_272.jpg,/home/esteve/self-driving-ND/CarND-Behavioral-Cloning-P3/data_hard/IMG/left_2017_04_28_18_27_52_272.jpg,/home/esteve/self-driving-ND/CarND-Behavioral-Cloning-P3/data_hard/IMG/right_2017_04_28_18_27_52_272.jpg,-0.08270676,0.2749071,0,21.00391
/home/esteve/self-driving-ND/CarND-Behavioral-Cloning-P3/data_hard/IMG/center_2017_04_28_18_27_52_354.jpg,/home/esteve/self-driving-ND/CarND-Behavioral-Cloning-P3/data_hard/IMG/left_2017_04_28_18_27_52_354.jpg,/home/esteve/self-driving-ND/CarND-Behavioral-Cloning-P3/data_hard/IMG/right_2017_04_28_18_27_52_354.jpg,-0.368421,0.02747011,0,20.86433
/home/esteve/self-driving-ND/CarND-Behavioral-Cloning-P3/data_hard/IMG/center_2017_04_28_18_27_52_435.jpg,/home/esteve/self-driving-ND/CarND-Behavioral-Cloning-P3/data_hard/IMG/left_2017_04_28_18_27_52_435.jpg,/home/esteve/self-driving-ND/CarND-Behavioral-Cloning-P3/data_hard/IMG/right_2017_04_28_18_27_52_435.jpg,-0.368421,0,0,20.65071
/home/esteve/self-driving-ND/CarND-Behavioral-Cloning-P3/data_hard/IMG/center_2017_04_28_18_27_52_519.jpg,/home/esteve/self-driving-ND/CarND-Behavioral-Cloning-P3/data_hard/IMG/left_2017_04_28_18_27_52_519.jpg,/home/esteve/self-driving-ND/CarND-Behavioral-Cloning-P3/data_hard/IMG/right_2017_04_28_18_27_52_519.jpg,-0.368421,0.06962729,0,20.45817
/home/esteve/self-driving-ND/CarND-Behavioral-Cloning-P3/data_hard/IMG/center_2017_04_28_18_27_52_601.jpg,/home/esteve/self-driving-ND/CarND-Behavioral-Cloning-P3/data_hard/IMG/left_2017_04_28_18_27_52_601.jpg,/home/esteve/self-driving-ND/CarND-Behavioral-Cloning-P3/data_hard/IMG/right_2017_04_28_18_27_52_601.jpg,-0.368421,0.3158734,0,20.44355
/home/esteve/self-driving-ND/CarND-Behavioral-Cloning-P3/data_hard/IMG/center_2017_04_28_18_27_52_684.jpg,/home/esteve/self-driving-ND/CarND-Behavioral-Cloning-P3/data_hard/IMG/left_2017_04_28_18_27_52_684.jpg,/home/esteve/self-driving-ND/CarND-Behavioral-Cloning-P3/data_hard/IMG/right_2017_04_28_18_27_52_684.jpg,-0.3308271,0.1861475,0,20.32641
/home/esteve/self-driving-ND/CarND-Behavioral-Cloning-P3/data_hard/IMG/center_2017_04_28_18_27_52_764.jpg,/home/esteve/self-driving-ND/CarND-Behavioral-Cloning-P3/data_hard/IMG/left_2017_04_28_18_27_52_764.jpg,/home/esteve/self-driving-ND/CarND-Behavioral-Cloning-P3/data_hard/IMG/right_2017_04_28_18_27_52_764.jpg,-0.1578947,0,0,20.21164
/home/esteve/self-driving-ND/CarND-Behavioral-Cloning-P3/data_hard/IMG/center_2017_04_28_18_27_52_847.jpg,/home/esteve/self-driving-ND/CarND-Behavioral-Cloning-P3/data_hard/IMG/left_2017_04_28_18_27_52_847.jpg,/home/esteve/self-driving-ND/CarND-Behavioral-Cloning-P3/data_hard/IMG/right_2017_04_28_18_27_52_847.jpg,-0.09022556,0,0,20.03918
/home/esteve/self-driving-ND/CarND-Behavioral-Cloning-P3/data_hard/IMG/center_2017_04_28_18_27_52_927.jpg,/home/esteve/self-driving-ND/CarND-Behavioral-Cloning-P3/data_hard/IMG/left_2017_04_28_18_27_52_927.jpg,/home/esteve/self-driving-ND/CarND-Behavioral-Cloning-P3/data_hard/IMG/right_2017_04_28_18_27_52_927.jpg,-0.08270676,0.05891705,0,19.87245
/home/esteve/self-driving-ND/CarND-Behavioral-Cloning-P3/data_hard/IMG/center_2017_04_28_18_27_53_006.jpg,/home/esteve/self-driving-ND/CarND-Behavioral-Cloning-P3/data_hard/IMG/left_2017_04_28_18_27_53_006.jpg,/home/esteve/self-driving-ND/CarND-Behavioral-Cloning-P3/data_hard/IMG/right_2017_04_28_18_27_53_006.jpg,-0.08270676,0.1581337,0,19.89908
/home/esteve/self-driving-ND/CarND-Behavioral-Cloning-P3/data_hard/IMG/center_2017_04_28_18_27_53_085.jpg,/home/esteve/self-driving-ND/CarND-Behavioral-Cloning-P3/data_hard/IMG/left_2017_04_28_18_27_53_085.jpg,/home/esteve/self-driving-ND/CarND-Behavioral-Cloning-P3/data_hard/IMG/right_2017_04_28_18_27_53_085.jpg,-0.08270676,0,0,19.7389
/home/esteve/self-driving-ND/CarND-Behavioral-Cloning-P3/data_hard/IMG/center_2017_04_28_18_27_53_160.jpg,/home/esteve/self-driving-ND/CarND-Behavioral-Cloning-P3/data_hard/IMG/left_2017_04_28_18_27_53_160.jpg,/home/esteve/self-driving-ND/CarND-Behavioral-Cloning-P3/data_hard/IMG/right_2017_04_28_18_27_53_160.jpg,-0.1503759,0,0,19.97606
/home/esteve/self-driving-ND/CarND-Behavioral-Cloning-P3/data_hard/IMG/center_2017_04_28_18_27_53_238.jpg,/home/esteve/self-driving-ND/CarND-Behavioral-Cloning-P3/data_hard/IMG/left_2017_04_28_18_27_53_238.jpg,/home/esteve/self-driving-ND/CarND-Behavioral-Cloning-P3/data_hard/IMG/right_2017_04_28_18_27_53_238.jpg,-0.3007519,0.05858445,0,19.78991
/home/esteve/self-driving-ND/CarND-Behavioral-Cloning-P3/data_hard/IMG/center_2017_04_28_18_27_53_319.jpg,/home/esteve/self-driving-ND/CarND-Behavioral-Cloning-P3/data_hard/IMG/left_2017_04_28_18_27_53_319.jpg,/home/esteve/self-driving-ND/CarND-Behavioral-Cloning-P3/data_hard/IMG/right_2017_04_28_18_27_53_319.jpg,-0.3533835,0.2992558,0,19.74804
/home/esteve/self-driving-ND/CarND-Behavioral-Cloning-P3/data_hard/IMG/center_2017_04_28_18_27_53_400.jpg,/home/esteve/self-driving-ND/CarND-Behavioral-Cloning-P3/data_hard/IMG/left_2017_04_28_18_27_53_400.jpg,/home/esteve/self-driving-ND/CarND-Behavioral-Cloning-P3/data_hard/IMG/right_2017_04_28_18_27_53_400.jpg,-0.3759399,0.1892166,0,19.91545
/home/esteve/self-driving-ND/CarND-Behavioral-Cloning-P3/data_hard/IMG/center_2017_04_28_18_27_53_479.jpg,/home/esteve/self-driving-ND/CarND-Behavioral-Cloning-P3/data_hard/IMG/left_2017_04_28_18_27_53_479.jpg,/home/esteve/self-driving-ND/CarND-Behavioral-Cloning-P3/data_hard/IMG/right_2017_04_28_18_27_53_479.jpg,-0.3759399,0,0,19.80721
/home/esteve/self-driving-ND/CarND-Behavioral-Cloning-P3/data_hard/IMG/center_2017_04_28_18_27_53_559.jpg,/home/esteve/self-driving-ND/CarND-Behavioral-Cloning-P3/data_hard/IMG/left_2017_04_28_18_27_53_559.jpg,/home/esteve/self-driving-ND/CarND-Behavioral-Cloning-P3/data_hard/IMG/right_2017_04_28_18_27_53_559.jpg,-0.3157895,0.1247127,0,19.52159
/home/esteve/self-driving-ND/CarND-Behavioral-Cloning-P3/data_hard/IMG/center_2017_04_28_18_27_53_631.jpg,/home/esteve/self-driving-ND/CarND-Behavioral-Cloning-P3/data_hard/IMG/left_2017_04_28_18_27_53_631.jpg,/home/esteve/self-driving-ND/CarND-Behavioral-Cloning-P3/data_hard/IMG/right_2017_04_28_18_27_53_631.jpg,-0.1578947,0.3523979,0,19.50684
/home/esteve/self-driving-ND/CarND-Behavioral-Cloning-P3/data_hard/IMG/center_2017_04_28_18_27_53_717.jpg,/home/esteve/self-driving-ND/CarND-Behavioral-Cloning-P3/data_hard/IMG/left_2017_04_28_18_27_53_717.jpg,/home/esteve/self-driving-ND/CarND-Behavioral-Cloning-P3/data_hard/IMG/right_2017_04_28_18_27_53_717.jpg,-0.09022556,0.2219939,0,19.20118
/home/esteve/self-driving-ND/CarND-Behavioral-Cloning-P3/data_hard/IMG/center_2017_04_28_18_27_53_788.jpg,/home/esteve/self-driving-ND/CarND-Behavioral-Cloning-P3/data_hard/IMG/left_2017_04_28_18_27_53_788.jpg,/home/esteve/self-driving-ND/CarND-Behavioral-Cloning-P3/data_hard/IMG/right_2017_04_28_18_27_53_788.jpg,-0.05263158,0.1168227,0,19.12452
/home/esteve/self-driving-ND/CarND-Behavioral-Cloning-P3/data_hard/IMG/center_2017_04_28_18_27_53_864.jpg,/home/esteve/self-driving-ND/CarND-Behavioral-Cloning-P3/data_hard/IMG/left_2017_04_28_18_27_53_864.jpg,/home/esteve/self-driving-ND/CarND-Behavioral-Cloning-P3/data_hard/IMG/right_2017_04_28_18_27_53_864.jpg,-0.01503759,0.3463104,0,19.11624
/home/esteve/self-driving-ND/CarND-Behavioral-Cloning-P3/data_hard/IMG/center_2017_04_28_18_27_53_942.jpg,/home/esteve/self-driving-ND/CarND-Behavioral-Cloning-P3/data_hard/IMG/left_2017_04_28_18_27_53_942.jpg,/home/esteve/self-driving-ND/CarND-Behavioral-Cloning-P3/data_hard/IMG/right_2017_04_28_18_27_53_942.jpg,0.03759398,0.1110649,0,18.98488
/home/esteve/self-driving-ND/CarND-Behavioral-Cloning-P3/data_hard/IMG/center_2017_04_28_18_27_54_028.jpg,/home/esteve/self-driving-ND/CarND-Behavioral-Cloning-P3/data_hard/IMG/left_2017_04_28_18_27_54_028.jpg,/home/esteve/self-driving-ND/CarND-Behavioral-Cloning-P3/data_hard/IMG/right_2017_04_28_18_27_54_028.jpg,0.07518797,0.1342471,0,18.53728
/home/esteve/self-driving-ND/CarND-Behavioral-Cloning-P3/data_hard/IMG/center_2017_04_28_18_27_54_101.jpg,/home/esteve/self-driving-ND/CarND-Behavioral-Cloning-P3/data_hard/IMG/left_2017_04_28_18_27_54_101.jpg,/home/esteve/self-driving-ND/CarND-Behavioral-Cloning-P3/data_hard/IMG/right_2017_04_28_18_27_54_101.jpg,0.07518797,0.3143821,0,18.322
/home/esteve/self-driving-ND/CarND-Behavioral-Cloning-P3/data_hard/IMG/center_2017_04_28_18_27_54_178.jpg,/home/esteve/self-driving-ND/CarND-Behavioral-Cloning-P3/data_hard/IMG/left_2017_04_28_18_27_54_178.jpg,/home/esteve/self-driving-ND/CarND-Behavioral-Cloning-P3/data_hard/IMG/right_2017_04_28_18_27_54_178.jpg,0.1879699,0.5936186,0,18.39676
/home/esteve/self-driving-ND/CarND-Behavioral-Cloning-P3/data_hard/IMG/center_2017_04_28_18_27_54_253.jpg,/home/esteve/self-driving-ND/CarND-Behavioral-Cloning-P3/data_hard/IMG/left_2017_04_28_18_27_54_253.jpg,/home/esteve/self-driving-ND/CarND-Behavioral-Cloning-P3/data_hard/IMG/right_2017_04_28_18_27_54_253.jpg,0.3007519,0.8157928,0,18.34035
/home/esteve/self-driving-ND/CarND-Behavioral-Cloning-P3/data_hard/IMG/center_2017_04_28_18_27_54_332.jpg,/home/esteve/self-driving-ND/CarND-Behavioral-Cloning-P3/data_hard/IMG/left_2017_04_28_18_27_54_332.jpg,/home/esteve/self-driving-ND/CarND-Behavioral-Cloning-P3/data_hard/IMG/right_2017_04_28_18_27_54_332.jpg,0.3834586,1,0,18.91134
/home/esteve/self-driving-ND/CarND-Behavioral-Cloning-P3/data_hard/IMG/center_2017_04_28_18_27_54_410.jpg,/home/esteve/self-driving-ND/CarND-Behavioral-Cloning-P3/data_hard/IMG/left_2017_04_28_18_27_54_410.jpg,/home/esteve/self-driving-ND/CarND-Behavioral-Cloning-P3/data_hard/IMG/right_2017_04_28_18_27_54_410.jpg,0.406015,1,0,19.29821
/home/esteve/self-driving-ND/CarND-Behavioral-Cloning-P3/data_hard/IMG/center_2017_04_28_18_27_54_478.jpg,/home/esteve/self-driving-ND/CarND-Behavioral-Cloning-P3/data_hard/IMG/left_2017_04_28_18_27_54_478.jpg,/home/esteve/self-driving-ND/CarND-Behavioral-Cloning-P3/data_hard/IMG/right_2017_04_28_18_27_54_478.jpg,0.406015,0.888526,0,19.45251
/home/esteve/self-driving-ND/CarND-Behavioral-Cloning-P3/data_hard/IMG/center_2017_04_28_18_27_54_556.jpg,/home/esteve/self-driving-ND/CarND-Behavioral-Cloning-P3/data_hard/IMG/left_2017_04_28_18_27_54_556.jpg,/home/esteve/self-driving-ND/CarND-Behavioral-Cloning-P3/data_hard/IMG/right_2017_04_28_18_27_54_556.jpg,0.406015,0.6638706,0,19.7338
/home/esteve/self-driving-ND/CarND-Behavioral-Cloning-P3/data_hard/IMG/center_2017_04_28_18_27_54_635.jpg,/home/esteve/self-driving-ND/CarND-Behavioral-Cloning-P3/data_hard/IMG/left_2017_04_28_18_27_54_635.jpg,/home/esteve/self-driving-ND/CarND-Behavioral-Cloning-P3/data_hard/IMG/right_2017_04_28_18_27_54_635.jpg,0.406015,0.4274199,0,19.76695
/home/esteve/self-driving-ND/CarND-Behavioral-Cloning-P3/data_hard/IMG/center_2017_04_28_18_27_54_702.jpg,/home/esteve/self-driving-ND/CarND-Behavioral-Cloning-P3/data_hard/IMG/left_2017_04_28_18_27_54_702.jpg,/home/esteve/self-driving-ND/CarND-Behavioral-Cloning-P3/data_hard/IMG/right_2017_04_28_18_27_54_702.jpg,0.406015,0.2170389,0,19.57992
/home/esteve/self-driving-ND/CarND-Behavioral-Cloning-P3/data_hard/IMG/center_2017_04_28_18_27_54_780.jpg,/home/esteve/self-driving-ND/CarND-Behavioral-Cloning-P3/data_hard/IMG/left_2017_04_28_18_27_54_780.jpg,/home/esteve/self-driving-ND/CarND-Behavioral-Cloning-P3/data_hard/IMG/right_2017_04_28_18_27_54_780.jpg,0.406015,0.02992582,0,19.05769
/home/esteve/self-driving-ND/CarND-Behavioral-Cloning-P3/data_hard/IMG/center_2017_04_28_18_27_54_863.jpg,/home/esteve/self-driving-ND/CarND-Behavioral-Cloning-P3/data_hard/IMG/left_2017_04_28_18_27_54_863.jpg,/home/esteve/self-driving-ND/CarND-Behavioral-Cloning-P3/data_hard/IMG/right_2017_04_28_18_27_54_863.jpg,0.4135338,0.1807258,0,18.41681
/home/esteve/self-driving-ND/CarND-Behavioral-Cloning-P3/data_hard/IMG/center_2017_04_28_18_27_54_933.jpg,/home/esteve/self-driving-ND/CarND-Behavioral-Cloning-P3/data_hard/IMG/left_2017_04_28_18_27_54_933.jpg,/home/esteve/self-driving-ND/CarND-Behavioral-Cloning-P3/data_hard/IMG/right_2017_04_28_18_27_54_933.jpg,0.5488722,0.4021289,0,18.35309
/home/esteve/self-driving-ND/CarND-Behavioral-Cloning-P3/data_hard/IMG/center_2017_04_28_18_27_55_010.jpg,/home/esteve/self-driving-ND/CarND-Behavioral-Cloning-P3/data_hard/IMG/left_2017_04_28_18_27_55_010.jpg,/home/esteve/self-driving-ND/CarND-Behavioral-Cloning-P3/data_hard/IMG/right_2017_04_28_18_27_55_010.jpg,0.5714286,0.634047,0,18.2737
/home/esteve/self-driving-ND/CarND-Behavioral-Cloning-P3/data_hard/IMG/center_2017_04_28_18_27_55_092.jpg,/home/esteve/self-driving-ND/CarND-Behavioral-Cloning-P3/data_hard/IMG/left_2017_04_28_18_27_55_092.jpg,/home/esteve/self-driving-ND/CarND-Behavioral-Cloning-P3/data_hard/IMG/right_2017_04_28_18_27_55_092.jpg,0.5789474,0.8681581,0,18.50272
/home/esteve/self-driving-ND/CarND-Behavioral-Cloning-P3/data_hard/IMG/center_2017_04_28_18_27_55_165.jpg,/home/esteve/self-driving-ND/CarND-Behavioral-Cloning-P3/data_hard/IMG/left_2017_04_28_18_27_55_165.jpg,/home/esteve/self-driving-ND/CarND-Behavioral-Cloning-P3/data_hard/IMG/right_2017_04_28_18_27_55_165.jpg,0.5789474,0.7558043,0,18.48965
/home/esteve/self-driving-ND/CarND-Behavioral-Cloning-P3/data_hard/IMG/center_2017_04_28_18_27_55_244.jpg,/home/esteve/self-driving-ND/CarND-Behavioral-Cloning-P3/data_hard/IMG/left_2017_04_28_18_27_55_244.jpg,/home/esteve/self-driving-ND/CarND-Behavioral-Cloning-P3/data_hard/IMG/right_2017_04_28_18_27_55_244.jpg,0.481203,0.5178208,0,18.70878
/home/esteve/self-driving-ND/CarND-Behavioral-Cloning-P3/data_hard/IMG/center_2017_04_28_18_27_55_327.jpg,/home/esteve/self-driving-ND/CarND-Behavioral-Cloning-P3/data_hard/IMG/left_2017_04_28_18_27_55_327.jpg,/home/esteve/self-driving-ND/CarND-Behavioral-Cloning-P3/data_hard/IMG/right_2017_04_28_18_27_55_327.jpg,0.368421,0.2690063,0,18.54511
/home/esteve/self-driving-ND/CarND-Behavioral-Cloning-P3/data_hard/IMG/center_2017_04_28_18_27_55_416.jpg,/home/esteve/self-driving-ND/CarND-Behavioral-Cloning-P3/data_hard/IMG/left_2017_04_28_18_27_55_416.jpg,/home/esteve/self-driving-ND/CarND-Behavioral-Cloning-P3/data_hard/IMG/right_2017_04_28_18_27_55_416.jpg,0.368421,0.01684141,0,17.94308
/home/esteve/self-driving-ND/CarND-Behavioral-Cloning-P3/data_hard/IMG/center_2017_04_28_18_27_55_497.jpg,/home/esteve/self-driving-ND/CarND-Behavioral-Cloning-P3/data_hard/IMG/left_2017_04_28_18_27_55_497.jpg,/home/esteve/self-driving-ND/CarND-Behavioral-Cloning-P3/data_hard/IMG/right_2017_04_28_18_27_55_497.jpg,0.3308271,0.2611556,0,17.58897
/home/esteve/self-driving-ND/CarND-Behavioral-Cloning-P3/data_hard/IMG/center_2017_04_28_18_27_55_572.jpg,/home/esteve/self-driving-ND/CarND-Behavioral-Cloning-P3/data_hard/IMG/left_2017_04_28_18_27_55_572.jpg,/home/esteve/self-driving-ND/CarND-Behavioral-Cloning-P3/data_hard/IMG/right_2017_04_28_18_27_55_572.jpg,0.3233083,0.157289,0,17.41632
/home/esteve/self-driving-ND/CarND-Behavioral-Cloning-P3/data_hard/IMG/center_2017_04_28_18_27_55_655.jpg,/home/esteve/self-driving-ND/CarND-Behavioral-Cloning-P3/data_hard/IMG/left_2017_04_28_18_27_55_655.jpg,/home/esteve/self-driving-ND/CarND-Behavioral-Cloning-P3/data_hard/IMG/right_2017_04_28_18_27_55_655.jpg,0.3233083,0.06317425,0,16.88012
/home/esteve/self-driving-ND/CarND-Behavioral-Cloning-P3/data_hard/IMG/center_2017_04_28_18_27_55_728.jpg,/home/esteve/self-driving-ND/CarND-Behavioral-Cloning-P3/data_hard/IMG/left_2017_04_28_18_27_55_728.jpg,/home/esteve/self-driving-ND/CarND-Behavioral-Cloning-P3/data_hard/IMG/right_2017_04_28_18_27_55_728.jpg,0.3233083,0,0,16.20532
/home/esteve/self-driving-ND/CarND-Behavioral-Cloning-P3/data_hard/IMG/center_2017_04_28_18_27_55_813.jpg,/home/esteve/self-driving-ND/CarND-Behavioral-Cloning-P3/data_hard/IMG/left_2017_04_28_18_27_55_813.jpg,/home/esteve/self-driving-ND/CarND-Behavioral-Cloning-P3/data_hard/IMG/right_2017_04_28_18_27_55_813.jpg,0.3233083,0,0,15.82112
/home/esteve/self-driving-ND/CarND-Behavioral-Cloning-P3/data_hard/IMG/center_2017_04_28_18_27_55_890.jpg,/home/esteve/self-driving-ND/CarND-Behavioral-Cloning-P3/data_hard/IMG/left_2017_04_28_18_27_55_890.jpg,/home/esteve/self-driving-ND/CarND-Behavioral-Cloning-P3/data_hard/IMG/right_2017_04_28_18_27_55_890.jpg,0.3233083,0.07000494,0,15.46376
/home/esteve/self-driving-ND/CarND-Behavioral-Cloning-P3/data_hard/IMG/center_2017_04_28_18_27_55_972.jpg,/home/esteve/self-driving-ND/CarND-Behavioral-Cloning-P3/data_hard/IMG/left_2017_04_28_18_27_55_972.jpg,/home/esteve/self-driving-ND/CarND-Behavioral-Cloning-P3/data_hard/IMG/right_2017_04_28_18_27_55_972.jpg,0.3458647,0.3175106,0,15.16617
/home/esteve/self-driving-ND/CarND-Behavioral-Cloning-P3/data_hard/IMG/center_2017_04_28_18_27_56_057.jpg,/home/esteve/self-driving-ND/CarND-Behavioral-Cloning-P3/data_hard/IMG/left_2017_04_28_18_27_56_057.jpg,/home/esteve/self-driving-ND/CarND-Behavioral-Cloning-P3/data_hard/IMG/right_2017_04_28_18_27_56_057.jpg,0.3458647,0.571425,0,14.92619
/home/esteve/self-driving-ND/CarND-Behavioral-Cloning-P3/data_hard/IMG/center_2017_04_28_18_27_56_148.jpg,/home/esteve/self-driving-ND/CarND-Behavioral-Cloning-P3/data_hard/IMG/left_2017_04_28_18_27_56_148.jpg,/home/esteve/self-driving-ND/CarND-Behavioral-Cloning-P3/data_hard/IMG/right_2017_04_28_18_27_56_148.jpg,0.3458647,0.4572451,0,15.25922
/home/esteve/self-driving-ND/CarND-Behavioral-Cloning-P3/data_hard/IMG/center_2017_04_28_18_27_56_223.jpg,/home/esteve/self-driving-ND/CarND-Behavioral-Cloning-P3/data_hard/IMG/left_2017_04_28_18_27_56_223.jpg,/home/esteve/self-driving-ND/CarND-Behavioral-Cloning-P3/data_hard/IMG/right_2017_04_28_18_27_56_223.jpg,0.3458647,0.2148986,0,15.00541
/home/esteve/self-driving-ND/CarND-Behavioral-Cloning-P3/data_hard/IMG/center_2017_04_28_18_27_56_318.jpg,/home/esteve/self-driving-ND/CarND-Behavioral-Cloning-P3/data_hard/IMG/left_2017_04_28_18_27_56_318.jpg,/home/esteve/self-driving-ND/CarND-Behavioral-Cloning-P3/data_hard/IMG/right_2017_04_28_18_27_56_318.jpg,0.3308271,0.2246819,0,14.69439
/home/esteve/self-driving-ND/CarND-Behavioral-Cloning-P3/data_hard/IMG/center_2017_04_28_18_27_56_401.jpg,/home/esteve/self-driving-ND/CarND-Behavioral-Cloning-P3/data_hard/IMG/left_2017_04_28_18_27_56_401.jpg,/home/esteve/self-driving-ND/CarND-Behavioral-Cloning-P3/data_hard/IMG/right_2017_04_28_18_27_56_401.jpg,0.2932331,0.4791892,0,14.55573
/home/esteve/self-driving-ND/CarND-Behavioral-Cloning-P3/data_hard/IMG/center_2017_04_28_18_27_56_479.jpg,/home/esteve/self-driving-ND/CarND-Behavioral-Cloning-P3/data_hard/IMG/left_2017_04_28_18_27_56_479.jpg,/home/esteve/self-driving-ND/CarND-Behavioral-Cloning-P3/data_hard/IMG/right_2017_04_28_18_27_56_479.jpg,0.2706767,0.7310092,0,14.5856
/home/esteve/self-driving-ND/CarND-Behavioral-Cloning-P3/data_hard/IMG/center_2017_04_28_18_27_56_569.jpg,/home/esteve/self-driving-ND/CarND-Behavioral-Cloning-P3/data_hard/IMG/left_2017_04_28_18_27_56_569.jpg,/home/esteve/self-driving-ND/CarND-Behavioral-Cloning-P3/data_hard/IMG/right_2017_04_28_18_27_56_569.jpg,0.2631579,0.9822206,0,15.65158
/home/esteve/self-driving-ND/CarND-Behavioral-Cloning-P3/data_hard/IMG/center_2017_04_28_18_27_56_632.jpg,/home/esteve/self-driving-ND/CarND-Behavioral-Cloning-P3/data_hard/IMG/left_2017_04_28_18_27_56_632.jpg,/home/esteve/self-driving-ND/CarND-Behavioral-Cloning-P3/data_hard/IMG/right_2017_04_28_18_27_56_632.jpg,0.2556391,1,0,16.05991
/home/esteve/self-driving-ND/CarND-Behavioral-Cloning-P3/data_hard/IMG/center_2017_04_28_18_27_56_700.jpg,/home/esteve/self-driving-ND/CarND-Behavioral-Cloning-P3/data_hard/IMG/left_2017_04_28_18_27_56_700.jpg,/home/esteve/self-driving-ND/CarND-Behavioral-Cloning-P3/data_hard/IMG/right_2017_04_28_18_27_56_700.jpg,0.2556391,1,0,16.55232
/home/esteve/self-driving-ND/CarND-Behavioral-Cloning-P3/data_hard/IMG/center_2017_04_28_18_27_56_767.jpg,/home/esteve/self-driving-ND/CarND-Behavioral-Cloning-P3/data_hard/IMG/left_2017_04_28_18_27_56_767.jpg,/home/esteve/self-driving-ND/CarND-Behavioral-Cloning-P3/data_hard/IMG/right_2017_04_28_18_27_56_767.jpg,0.2556391,1,0,17.12941
/home/esteve/self-driving-ND/CarND-Behavioral-Cloning-P3/data_hard/IMG/center_2017_04_28_18_27_56_856.jpg,/home/esteve/self-driving-ND/CarND-Behavioral-Cloning-P3/data_hard/IMG/left_2017_04_28_18_27_56_856.jpg,/home/esteve/self-driving-ND/CarND-Behavioral-Cloning-P3/data_hard/IMG/right_2017_04_28_18_27_56_856.jpg,0.2556391,0.8695123,0,17.78017
/home/esteve/self-driving-ND/CarND-Behavioral-Cloning-P3/data_hard/IMG/center_2017_04_28_18_27_56_940.jpg,/home/esteve/self-driving-ND/CarND-Behavioral-Cloning-P3/data_hard/IMG/left_2017_04_28_18_27_56_940.jpg,/home/esteve/self-driving-ND/CarND-Behavioral-Cloning-P3/data_hard/IMG/right_2017_04_28_18_27_56_940.jpg,0.3007519,0.6168847,0,18.16991
/home/esteve/self-driving-ND/CarND-Behavioral-Cloning-P3/data_hard/IMG/center_2017_04_28_18_27_57_024.jpg,/home/esteve/self-driving-ND/CarND-Behavioral-Cloning-P3/data_hard/IMG/left_2017_04_28_18_27_57_024.jpg,/home/esteve/self-driving-ND/CarND-Behavioral-Cloning-P3/data_hard/IMG/right_2017_04_28_18_27_57_024.jpg,0.368421,0.3637872,0,18.51435
/home/esteve/self-driving-ND/CarND-Behavioral-Cloning-P3/data_hard/IMG/center_2017_04_28_18_27_57_115.jpg,/home/esteve/self-driving-ND/CarND-Behavioral-Cloning-P3/data_hard/IMG/left_2017_04_28_18_27_57_115.jpg,/home/esteve/self-driving-ND/CarND-Behavioral-Cloning-P3/data_hard/IMG/right_2017_04_28_18_27_57_115.jpg,0.368421,0.6342976,0,18.82778
/home/esteve/self-driving-ND/CarND-Behavioral-Cloning-P3/data_hard/IMG/center_2017_04_28_18_27_57_205.jpg,/home/esteve/self-driving-ND/CarND-Behavioral-Cloning-P3/data_hard/IMG/left_2017_04_28_18_27_57_205.jpg,/home/esteve/self-driving-ND/CarND-Behavioral-Cloning-P3/data_hard/IMG/right_2017_04_28_18_27_57_205.jpg,0.368421,0.886549,0,19.30363
/home/esteve/self-driving-ND/CarND-Behavioral-Cloning-P3/data_hard/IMG/center_2017_04_28_18_27_57_271.jpg,/home/esteve/self-driving-ND/CarND-Behavioral-Cloning-P3/data_hard/IMG/left_2017_04_28_18_27_57_271.jpg,/home/esteve/self-driving-ND/CarND-Behavioral-Cloning-P3/data_hard/IMG/right_2017_04_28_18_27_57_271.jpg,0.3834586,1,0,19.6632
/home/esteve/self-driving-ND/CarND-Behavioral-Cloning-P3/data_hard/IMG/center_2017_04_28_18_27_57_360.jpg,/home/esteve/self-driving-ND/CarND-Behavioral-Cloning-P3/data_hard/IMG/left_2017_04_28_18_27_57_360.jpg,/home/esteve/self-driving-ND/CarND-Behavioral-Cloning-P3/data_hard/IMG/right_2017_04_28_18_27_57_360.jpg,0.3984962,0.7319021,0,20.17547
/home/esteve/self-driving-ND/CarND-Behavioral-Cloning-P3/data_hard/IMG/center_2017_04_28_18_27_57_446.jpg,/home/esteve/self-driving-ND/CarND-Behavioral-Cloning-P3/data_hard/IMG/left_2017_04_28_18_27_57_446.jpg,/home/esteve/self-driving-ND/CarND-Behavioral-Cloning-P3/data_hard/IMG/right_2017_04_28_18_27_57_446.jpg,0.3984962,0.4738357,0,20.40259
/home/esteve/self-driving-ND/CarND-Behavioral-Cloning-P3/data_hard/IMG/center_2017_04_28_18_27_57_522.jpg,/home/esteve/self-driving-ND/CarND-Behavioral-Cloning-P3/data_hard/IMG/left_2017_04_28_18_27_57_522.jpg,/home/esteve/self-driving-ND/CarND-Behavioral-Cloning-P3/data_hard/IMG/right_2017_04_28_18_27_57_522.jpg,0.3984962,0.6804395,0,20.37383
/home/esteve/self-driving-ND/CarND-Behavioral-Cloning-P3/data_hard/IMG/center_2017_04_28_18_27_57_609.jpg,/home/esteve/self-driving-ND/CarND-Behavioral-Cloning-P3/data_hard/IMG/left_2017_04_28_18_27_57_609.jpg,/home/esteve/self-driving-ND/CarND-Behavioral-Cloning-P3/data_hard/IMG/right_2017_04_28_18_27_57_609.jpg,0.518797,0.9409027,0,20.82127
/home/esteve/self-driving-ND/CarND-Behavioral-Cloning-P3/data_hard/IMG/center_2017_04_28_18_27_57_676.jpg,/home/esteve/self-driving-ND/CarND-Behavioral-Cloning-P3/data_hard/IMG/left_2017_04_28_18_27_57_676.jpg,/home/esteve/self-driving-ND/CarND-Behavioral-Cloning-P3/data_hard/IMG/right_2017_04_28_18_27_57_676.jpg,0.5864662,1,0,21.26779
/home/esteve/self-driving-ND/CarND-Behavioral-Cloning-P3/data_hard/IMG/center_2017_04_28_18_27_57_767.jpg,/home/esteve/self-driving-ND/CarND-Behavioral-Cloning-P3/data_hard/IMG/left_2017_04_28_18_27_57_767.jpg,/home/esteve/self-driving-ND/CarND-Behavioral-Cloning-P3/data_hard/IMG/right_2017_04_28_18_27_57_767.jpg,0.593985,1,0,21.62464
/home/esteve/self-driving-ND/CarND-Behavioral-Cloning-P3/data_hard/IMG/center_2017_04_28_18_27_57_850.jpg,/home/esteve/self-driving-ND/CarND-Behavioral-Cloning-P3/data_hard/IMG/left_2017_04_28_18_27_57_850.jpg,/home/esteve/self-driving-ND/CarND-Behavioral-Cloning-P3/data_hard/IMG/right_2017_04_28_18_27_57_850.jpg,0.593985,1,0,22.16452
/home/esteve/self-driving-ND/CarND-Behavioral-Cloning-P3/data_hard/IMG/center_2017_04_28_18_27_57_919.jpg,/home/esteve/self-driving-ND/CarND-Behavioral-Cloning-P3/data_hard/IMG/left_2017_04_28_18_27_57_919.jpg,/home/esteve/self-driving-ND/CarND-Behavioral-Cloning-P3/data_hard/IMG/right_2017_04_28_18_27_57_919.jpg,0.593985,0.9276698,0,22.49333
/home/esteve/self-driving-ND/CarND-Behavioral-Cloning-P3/data_hard/IMG/center_2017_04_28_18_27_57_996.jpg,/home/esteve/self-driving-ND/CarND-Behavioral-Cloning-P3/data_hard/IMG/left_2017_04_28_18_27_57_996.jpg,/home/esteve/self-driving-ND/CarND-Behavioral-Cloning-P3/data_hard/IMG/right_2017_04_28_18_27_57_996.jpg,0.593985,0.7174897,0,22.65988
/home/esteve/self-driving-ND/CarND-Behavioral-Cloning-P3/data_hard/IMG/center_2017_04_28_18_27_58_060.jpg,/home/esteve/self-driving-ND/CarND-Behavioral-Cloning-P3/data_hard/IMG/left_2017_04_28_18_27_58_060.jpg,/home/esteve/self-driving-ND/CarND-Behavioral-Cloning-P3/data_hard/IMG/right_2017_04_28_18_27_58_060.jpg,0.5338346,0.5048227,0,22.64184
/home/esteve/self-driving-ND/CarND-Behavioral-Cloning-P3/data_hard/IMG/center_2017_04_28_18_27_58_132.jpg,/home/esteve/self-driving-ND/CarND-Behavioral-Cloning-P3/data_hard/IMG/left_2017_04_28_18_27_58_132.jpg,/home/esteve/self-driving-ND/CarND-Behavioral-Cloning-P3/data_hard/IMG/right_2017_04_28_18_27_58_132.jpg,0.4135338,0.2869987,0,22.53205
/home/esteve/self-driving-ND/CarND-Behavioral-Cloning-P3/data_hard/IMG/center_2017_04_28_18_27_58_204.jpg,/home/esteve/self-driving-ND/CarND-Behavioral-Cloning-P3/data_hard/IMG/left_2017_04_28_18_27_58_204.jpg,/home/esteve/self-driving-ND/CarND-Behavioral-Cloning-P3/data_hard/IMG/right_2017_04_28_18_27_58_204.jpg,0.3308271,0.5001457,0,22.4732
/home/esteve/self-driving-ND/CarND-Behavioral-Cloning-P3/data_hard/IMG/center_2017_04_28_18_27_58_275.jpg,/home/esteve/self-driving-ND/CarND-Behavioral-Cloning-P3/data_hard/IMG/left_2017_04_28_18_27_58_275.jpg,/home/esteve/self-driving-ND/CarND-Behavioral-Cloning-P3/data_hard/IMG/right_2017_04_28_18_27_58_275.jpg,0.3308271,0.7158453,0,22.17101
/home/esteve/self-driving-ND/CarND-Behavioral-Cloning-P3/data_hard/IMG/center_2017_04_28_18_27_58_348.jpg,/home/esteve/self-driving-ND/CarND-Behavioral-Cloning-P3/data_hard/IMG/left_2017_04_28_18_27_58_348.jpg,/home/esteve/self-driving-ND/CarND-Behavioral-Cloning-P3/data_hard/IMG/right_2017_04_28_18_27_58_348.jpg,0.3308271,0.9346836,0,22.54921
/home/esteve/self-driving-ND/CarND-Behavioral-Cloning-P3/data_hard/IMG/center_2017_04_28_18_27_58_434.jpg,/home/esteve/self-driving-ND/CarND-Behavioral-Cloning-P3/data_hard/IMG/left_2017_04_28_18_27_58_434.jpg,/home/esteve/self-driving-ND/CarND-Behavioral-Cloning-P3/data_hard/IMG/right_2017_04_28_18_27_58_434.jpg,0.3308271,1,0,22.86425
/home/esteve/self-driving-ND/CarND-Behavioral-Cloning-P3/data_hard/IMG/center_2017_04_28_18_27_58_518.jpg,/home/esteve/self-driving-ND/CarND-Behavioral-Cloning-P3/data_hard/IMG/left_2017_04_28_18_27_58_518.jpg,/home/esteve/self-driving-ND/CarND-Behavioral-Cloning-P3/data_hard/IMG/right_2017_04_28_18_27_58_518.jpg,0.2932331,0.788182,0,23.07058
/home/esteve/self-driving-ND/CarND-Behavioral-Cloning-P3/data_hard/IMG/center_2017_04_28_18_27_58_587.jpg,/home/esteve/self-driving-ND/CarND-Behavioral-Cloning-P3/data_hard/IMG/left_2017_04_28_18_27_58_587.jpg,/home/esteve/self-driving-ND/CarND-Behavioral-Cloning-P3/data_hard/IMG/right_2017_04_28_18_27_58_587.jpg,0.2706767,0.5812092,0,23.245
/home/esteve/self-driving-ND/CarND-Behavioral-Cloning-P3/data_hard/IMG/center_2017_04_28_18_27_58_658.jpg,/home/esteve/self-driving-ND/CarND-Behavioral-Cloning-P3/data_hard/IMG/left_2017_04_28_18_27_58_658.jpg,/home/esteve/self-driving-ND/CarND-Behavioral-Cloning-P3/data_hard/IMG/right_2017_04_28_18_27_58_658.jpg,0.2631579,0.3700693,0,23.1266
/home/esteve/self-driving-ND/CarND-Behavioral-Cloning-P3/data_hard/IMG/center_2017_04_28_18_27_58_727.jpg,/home/esteve/self-driving-ND/CarND-Behavioral-Cloning-P3/data_hard/IMG/left_2017_04_28_18_27_58_727.jpg,/home/esteve/self-driving-ND/CarND-Behavioral-Cloning-P3/data_hard/IMG/right_2017_04_28_18_27_58_727.jpg,0.2631579,0.1631951,0,22.68032
/home/esteve/self-driving-ND/CarND-Behavioral-Cloning-P3/data_hard/IMG/center_2017_04_28_18_27_58_795.jpg,/home/esteve/self-driving-ND/CarND-Behavioral-Cloning-P3/data_hard/IMG/left_2017_04_28_18_27_58_795.jpg,/home/esteve/self-driving-ND/CarND-Behavioral-Cloning-P3/data_hard/IMG/right_2017_04_28_18_27_58_795.jpg,0.2706767,0,0,22.45695
/home/esteve/self-driving-ND/CarND-Behavioral-Cloning-P3/data_hard/IMG/center_2017_04_28_18_27_58_886.jpg,/home/esteve/self-driving-ND/CarND-Behavioral-Cloning-P3/data_hard/IMG/left_2017_04_28_18_27_58_886.jpg,/home/esteve/self-driving-ND/CarND-Behavioral-Cloning-P3/data_hard/IMG/right_2017_04_28_18_27_58_886.jpg,0.2706767,0,0,21.66512
/home/esteve/self-driving-ND/CarND-Behavioral-Cloning-P3/data_hard/IMG/center_2017_04_28_18_27_58_954.jpg,/home/esteve/self-driving-ND/CarND-Behavioral-Cloning-P3/data_hard/IMG/left_2017_04_28_18_27_58_954.jpg,/home/esteve/self-driving-ND/CarND-Behavioral-Cloning-P3/data_hard/IMG/right_2017_04_28_18_27_58_954.jpg,0.2406015,0,0,21.21709
/home/esteve/self-driving-ND/CarND-Behavioral-Cloning-P3/data_hard/IMG/center_2017_04_28_18_27_59_023.jpg,/home/esteve/self-driving-ND/CarND-Behavioral-Cloning-P3/data_hard/IMG/left_2017_04_28_18_27_59_023.jpg,/home/esteve/self-driving-ND/CarND-Behavioral-Cloning-P3/data_hard/IMG/right_2017_04_28_18_27_59_023.jpg,0.1729323,0,0,20.65746
/home/esteve/self-driving-ND/CarND-Behavioral-Cloning-P3/data_hard/IMG/center_2017_04_28_18_27_59_090.jpg,/home/esteve/self-driving-ND/CarND-Behavioral-Cloning-P3/data_hard/IMG/left_2017_04_28_18_27_59_090.jpg,/home/esteve/self-driving-ND/CarND-Behavioral-Cloning-P3/data_hard/IMG/right_2017_04_28_18_27_59_090.jpg,0.1729323,0,0,20.2406
/home/esteve/self-driving-ND/CarND-Behavioral-Cloning-P3/data_hard/IMG/center_2017_04_28_18_27_59_158.jpg,/home/esteve/self-driving-ND/CarND-Behavioral-Cloning-P3/data_hard/IMG/left_2017_04_28_18_27_59_158.jpg,/home/esteve/self-driving-ND/CarND-Behavioral-Cloning-P3/data_hard/IMG/right_2017_04_28_18_27_59_158.jpg,0.1729323,0,0,19.88872
/home/esteve/self-driving-ND/CarND-Behavioral-Cloning-P3/data_hard/IMG/center_2017_04_28_18_27_59_233.jpg,/home/esteve/self-driving-ND/CarND-Behavioral-Cloning-P3/data_hard/IMG/left_2017_04_28_18_27_59_233.jpg,/home/esteve/self-driving-ND/CarND-Behavioral-Cloning-P3/data_hard/IMG/right_2017_04_28_18_27_59_233.jpg,0.1729323,0.06883264,0,19.41423
/home/esteve/self-driving-ND/CarND-Behavioral-Cloning-P3/data_hard/IMG/center_2017_04_28_18_27_59_302.jpg,/home/esteve/self-driving-ND/CarND-Behavioral-Cloning-P3/data_hard/IMG/left_2017_04_28_18_27_59_302.jpg,/home/esteve/self-driving-ND/CarND-Behavioral-Cloning-P3/data_hard/IMG/right_2017_04_28_18_27_59_302.jpg,0.1729323,0.1377089,0,18.90091
/home/esteve/self-driving-ND/CarND-Behavioral-Cloning-P3/data_hard/IMG/center_2017_04_28_18_27_59_378.jpg,/home/esteve/self-driving-ND/CarND-Behavioral-Cloning-P3/data_hard/IMG/left_2017_04_28_18_27_59_378.jpg,/home/esteve/self-driving-ND/CarND-Behavioral-Cloning-P3/data_hard/IMG/right_2017_04_28_18_27_59_378.jpg,0.1729323,0,0,18.73965
/home/esteve/self-driving-ND/CarND-Behavioral-Cloning-P3/data_hard/IMG/center_2017_04_28_18_27_59_466.jpg,/home/esteve/self-driving-ND/CarND-Behavioral-Cloning-P3/data_hard/IMG/left_2017_04_28_18_27_59_466.jpg,/home/esteve/self-driving-ND/CarND-Behavioral-Cloning-P3/data_hard/IMG/right_2017_04_28_18_27_59_466.jpg,0.1578947,0,0,17.93138
/home/esteve/self-driving-ND/CarND-Behavioral-Cloning-P3/data_hard/IMG/center_2017_04_28_18_27_59_545.jpg,/home/esteve/self-driving-ND/CarND-Behavioral-Cloning-P3/data_hard/IMG/left_2017_04_28_18_27_59_545.jpg,/home/esteve/self-driving-ND/CarND-Behavioral-Cloning-P3/data_hard/IMG/right_2017_04_28_18_27_59_545.jpg,0.1578947,0,0,17.89484
/home/esteve/self-driving-ND/CarND-Behavioral-Cloning-P3/data_hard/IMG/center_2017_04_28_18_27_59_625.jpg,/home/esteve/self-driving-ND/CarND-Behavioral-Cloning-P3/data_hard/IMG/left_2017_04_28_18_27_59_625.jpg,/home/esteve/self-driving-ND/CarND-Behavioral-Cloning-P3/data_hard/IMG/right_2017_04_28_18_27_59_625.jpg,0.1578947,0.1935632,0,17.35915
/home/esteve/self-driving-ND/CarND-Behavioral-Cloning-P3/data_hard/IMG/center_2017_04_28_18_27_59_695.jpg,/home/esteve/self-driving-ND/CarND-Behavioral-Cloning-P3/data_hard/IMG/left_2017_04_28_18_27_59_695.jpg,/home/esteve/self-driving-ND/CarND-Behavioral-Cloning-P3/data_hard/IMG/right_2017_04_28_18_27_59_695.jpg,0.1578947,0.4038119,0,17.42627
/home/esteve/self-driving-ND/CarND-Behavioral-Cloning-P3/data_hard/IMG/center_2017_04_28_18_27_59_765.jpg,/home/esteve/self-driving-ND/CarND-Behavioral-Cloning-P3/data_hard/IMG/left_2017_04_28_18_27_59_765.jpg,/home/esteve/self-driving-ND/CarND-Behavioral-Cloning-P3/data_hard/IMG/right_2017_04_28_18_27_59_765.jpg,0.2030075,0.6129606,0,17.63594
/home/esteve/self-driving-ND/CarND-Behavioral-Cloning-P3/data_hard/IMG/center_2017_04_28_18_27_59_833.jpg,/home/esteve/self-driving-ND/CarND-Behavioral-Cloning-P3/data_hard/IMG/left_2017_04_28_18_27_59_833.jpg,/home/esteve/self-driving-ND/CarND-Behavioral-Cloning-P3/data_hard/IMG/right_2017_04_28_18_27_59_833.jpg,0.2781955,0.8171375,0,17.78415
/home/esteve/self-driving-ND/CarND-Behavioral-Cloning-P3/data_hard/IMG/center_2017_04_28_18_27_59_919.jpg,/home/esteve/self-driving-ND/CarND-Behavioral-Cloning-P3/data_hard/IMG/left_2017_04_28_18_27_59_919.jpg,/home/esteve/self-driving-ND/CarND-Behavioral-Cloning-P3/data_hard/IMG/right_2017_04_28_18_27_59_919.jpg,0.2781955,0.559516,0,18.11718
/home/esteve/self-driving-ND/CarND-Behavioral-Cloning-P3/data_hard/IMG/center_2017_04_28_18_28_00_010.jpg,/home/esteve/self-driving-ND/CarND-Behavioral-Cloning-P3/data_hard/IMG/left_2017_04_28_18_28_00_010.jpg,/home/esteve/self-driving-ND/CarND-Behavioral-Cloning-P3/data_hard/IMG/right_2017_04_28_18_28_00_010.jpg,0.2781955,0.2861166,0,18.49527
/home/esteve/self-driving-ND/CarND-Behavioral-Cloning-P3/data_hard/IMG/center_2017_04_28_18_28_00_095.jpg,/home/esteve/self-driving-ND/CarND-Behavioral-Cloning-P3/data_hard/IMG/left_2017_04_28_18_28_00_095.jpg,/home/esteve/self-driving-ND/CarND-Behavioral-Cloning-P3/data_hard/IMG/right_2017_04_28_18_28_00_095.jpg,0.2781955,0.03015947,0,18.54284
/home/esteve/self-driving-ND/CarND-Behavioral-Cloning-P3/data_hard/IMG/center_2017_04_28_18_28_00_178.jpg,/home/esteve/self-driving-ND/CarND-Behavioral-Cloning-P3/data_hard/IMG/left_2017_04_28_18_28_00_178.jpg,/home/esteve/self-driving-ND/CarND-Behavioral-Cloning-P3/data_hard/IMG/right_2017_04_28_18_28_00_178.jpg,0.2631579,0.162843,0,18.41067
/home/esteve/self-driving-ND/CarND-Behavioral-Cloning-P3/data_hard/IMG/center_2017_04_28_18_28_00_247.jpg,/home/esteve/self-driving-ND/CarND-Behavioral-Cloning-P3/data_hard/IMG/left_2017_04_28_18_28_00_247.jpg,/home/esteve/self-driving-ND/CarND-Behavioral-Cloning-P3/data_hard/IMG/right_2017_04_28_18_28_00_247.jpg,0.2631579,0.3711269,0,18.35857
/home/esteve/self-driving-ND/CarND-Behavioral-Cloning-P3/data_hard/IMG/center_2017_04_28_18_28_00_322.jpg,/home/esteve/self-driving-ND/CarND-Behavioral-Cloning-P3/data_hard/IMG/left_2017_04_28_18_28_00_322.jpg,/home/esteve/self-driving-ND/CarND-Behavioral-Cloning-P3/data_hard/IMG/right_2017_04_28_18_28_00_322.jpg,0.2631579,0.4320145,0,18.47864
/home/esteve/self-driving-ND/CarND-Behavioral-Cloning-P3/data_hard/IMG/center_2017_04_28_18_28_00_383.jpg,/home/esteve/self-driving-ND/CarND-Behavioral-Cloning-P3/data_hard/IMG/left_2017_04_28_18_28_00_383.jpg,/home/esteve/self-driving-ND/CarND-Behavioral-Cloning-P3/data_hard/IMG/right_2017_04_28_18_28_00_383.jpg,0.2631579,0.2254944,0,18.50509
/home/esteve/self-driving-ND/CarND-Behavioral-Cloning-P3/data_hard/IMG/center_2017_04_28_18_28_00_472.jpg,/home/esteve/self-driving-ND/CarND-Behavioral-Cloning-P3/data_hard/IMG/left_2017_04_28_18_28_00_472.jpg,/home/esteve/self-driving-ND/CarND-Behavioral-Cloning-P3/data_hard/IMG/right_2017_04_28_18_28_00_472.jpg,0.2631579,0,0,18.38296
/home/esteve/self-driving-ND/CarND-Behavioral-Cloning-P3/data_hard/IMG/center_2017_04_28_18_28_00_539.jpg,/home/esteve/self-driving-ND/CarND-Behavioral-Cloning-P3/data_hard/IMG/left_2017_04_28_18_28_00_539.jpg,/home/esteve/self-driving-ND/CarND-Behavioral-Cloning-P3/data_hard/IMG/right_2017_04_28_18_28_00_539.jpg,0.2631579,0,0,18.70517
/home/esteve/self-driving-ND/CarND-Behavioral-Cloning-P3/data_hard/IMG/center_2017_04_28_18_28_00_606.jpg,/home/esteve/self-driving-ND/CarND-Behavioral-Cloning-P3/data_hard/IMG/left_2017_04_28_18_28_00_606.jpg,/home/esteve/self-driving-ND/CarND-Behavioral-Cloning-P3/data_hard/IMG/right_2017_04_28_18_28_00_606.jpg,0.2631579,0,0,18.56414
/home/esteve/self-driving-ND/CarND-Behavioral-Cloning-P3/data_hard/IMG/center_2017_04_28_18_28_00_685.jpg,/home/esteve/self-driving-ND/CarND-Behavioral-Cloning-P3/data_hard/IMG/left_2017_04_28_18_28_00_685.jpg,/home/esteve/self-driving-ND/CarND-Behavioral-Cloning-P3/data_hard/IMG/right_2017_04_28_18_28_00_685.jpg,0.2481203,0,0,18.41836
/home/esteve/self-driving-ND/CarND-Behavioral-Cloning-P3/data_hard/IMG/center_2017_04_28_18_28_00_771.jpg,/home/esteve/self-driving-ND/CarND-Behavioral-Cloning-P3/data_hard/IMG/left_2017_04_28_18_28_00_771.jpg,/home/esteve/self-driving-ND/CarND-Behavioral-Cloning-P3/data_hard/IMG/right_2017_04_28_18_28_00_771.jpg,0.1954887,0,0,18.27706
/home/esteve/self-driving-ND/CarND-Behavioral-Cloning-P3/data_hard/IMG/center_2017_04_28_18_28_00_862.jpg,/home/esteve/self-driving-ND/CarND-Behavioral-Cloning-P3/data_hard/IMG/left_2017_04_28_18_28_00_862.jpg,/home/esteve/self-driving-ND/CarND-Behavioral-Cloning-P3/data_hard/IMG/right_2017_04_28_18_28_00_862.jpg,0.1954887,0,0,17.58702
/home/esteve/self-driving-ND/CarND-Behavioral-Cloning-P3/data_hard/IMG/center_2017_04_28_18_28_00_949.jpg,/home/esteve/self-driving-ND/CarND-Behavioral-Cloning-P3/data_hard/IMG/left_2017_04_28_18_28_00_949.jpg,/home/esteve/self-driving-ND/CarND-Behavioral-Cloning-P3/data_hard/IMG/right_2017_04_28_18_28_00_949.jpg,0.1954887,0,0,17.44055
/home/esteve/self-driving-ND/CarND-Behavioral-Cloning-P3/data_hard/IMG/center_2017_04_28_18_28_01_038.jpg,/home/esteve/self-driving-ND/CarND-Behavioral-Cloning-P3/data_hard/IMG/left_2017_04_28_18_28_01_038.jpg,/home/esteve/self-driving-ND/CarND-Behavioral-Cloning-P3/data_hard/IMG/right_2017_04_28_18_28_01_038.jpg,0.1954887,0,0,17.29486
/home/esteve/self-driving-ND/CarND-Behavioral-Cloning-P3/data_hard/IMG/center_2017_04_28_18_28_01_121.jpg,/home/esteve/self-driving-ND/CarND-Behavioral-Cloning-P3/data_hard/IMG/left_2017_04_28_18_28_01_121.jpg,/home/esteve/self-driving-ND/CarND-Behavioral-Cloning-P3/data_hard/IMG/right_2017_04_28_18_28_01_121.jpg,0.1954887,0,0,17.15051
/home/esteve/self-driving-ND/CarND-Behavioral-Cloning-P3/data_hard/IMG/center_2017_04_28_18_28_01_189.jpg,/home/esteve/self-driving-ND/CarND-Behavioral-Cloning-P3/data_hard/IMG/left_2017_04_28_18_28_01_189.jpg,/home/esteve/self-driving-ND/CarND-Behavioral-Cloning-P3/data_hard/IMG/right_2017_04_28_18_28_01_189.jpg,0.1954887,0,0,17.00687
/home/esteve/self-driving-ND/CarND-Behavioral-Cloning-P3/data_hard/IMG/center_2017_04_28_18_28_01_275.jpg,/home/esteve/self-driving-ND/CarND-Behavioral-Cloning-P3/data_hard/IMG/left_2017_04_28_18_28_01_275.jpg,/home/esteve/self-driving-ND/CarND-Behavioral-Cloning-P3/data_hard/IMG/right_2017_04_28_18_28_01_275.jpg,0.4436091,0,0,16.83792
/home/esteve/self-driving-ND/CarND-Behavioral-Cloning-P3/data_hard/IMG/center_2017_04_28_18_28_01_362.jpg,/home/esteve/self-driving-ND/CarND-Behavioral-Cloning-P3/data_hard/IMG/left_2017_04_28_18_28_01_362.jpg,/home/esteve/self-driving-ND/CarND-Behavioral-Cloning-P3/data_hard/IMG/right_2017_04_28_18_28_01_362.jpg,0.5864662,0,0,16.60372
/home/esteve/self-driving-ND/CarND-Behavioral-Cloning-P3/data_hard/IMG/center_2017_04_28_18_28_01_452.jpg,/home/esteve/self-driving-ND/CarND-Behavioral-Cloning-P3/data_hard/IMG/left_2017_04_28_18_28_01_452.jpg,/home/esteve/self-driving-ND/CarND-Behavioral-Cloning-P3/data_hard/IMG/right_2017_04_28_18_28_01_452.jpg,0.593985,0,0,16.88872
/home/esteve/self-driving-ND/CarND-Behavioral-Cloning-P3/data_hard/IMG/center_2017_04_28_18_28_01_538.jpg,/home/esteve/self-driving-ND/CarND-Behavioral-Cloning-P3/data_hard/IMG/left_2017_04_28_18_28_01_538.jpg,/home/esteve/self-driving-ND/CarND-Behavioral-Cloning-P3/data_hard/IMG/right_2017_04_28_18_28_01_538.jpg,0.593985,0,0,16.73593
/home/esteve/self-driving-ND/CarND-Behavioral-Cloning-P3/data_hard/IMG/center_2017_04_28_18_28_01_610.jpg,/home/esteve/self-driving-ND/CarND-Behavioral-Cloning-P3/data_hard/IMG/left_2017_04_28_18_28_01_610.jpg,/home/esteve/self-driving-ND/CarND-Behavioral-Cloning-P3/data_hard/IMG/right_2017_04_28_18_28_01_610.jpg,0.593985,0,0,16.59723
/home/esteve/self-driving-ND/CarND-Behavioral-Cloning-P3/data_hard/IMG/center_2017_04_28_18_28_01_671.jpg,/home/esteve/self-driving-ND/CarND-Behavioral-Cloning-P3/data_hard/IMG/left_2017_04_28_18_28_01_671.jpg,/home/esteve/self-driving-ND/CarND-Behavioral-Cloning-P3/data_hard/IMG/right_2017_04_28_18_28_01_671.jpg,0.593985,0,0,15.97615
/home/esteve/self-driving-ND/CarND-Behavioral-Cloning-P3/data_hard/IMG/center_2017_04_28_18_28_01_753.jpg,/home/esteve/self-driving-ND/CarND-Behavioral-Cloning-P3/data_hard/IMG/left_2017_04_28_18_28_01_753.jpg,/home/esteve/self-driving-ND/CarND-Behavioral-Cloning-P3/data_hard/IMG/right_2017_04_28_18_28_01_753.jpg,0.3759399,0,0,15.8618
/home/esteve/self-driving-ND/CarND-Behavioral-Cloning-P3/data_hard/IMG/center_2017_04_28_18_28_01_849.jpg,/home/esteve/self-driving-ND/CarND-Behavioral-Cloning-P3/data_hard/IMG/left_2017_04_28_18_28_01_849.jpg,/home/esteve/self-driving-ND/CarND-Behavioral-Cloning-P3/data_hard/IMG/right_2017_04_28_18_28_01_849.jpg,0.368421,0,0,16.23777
/home/esteve/self-driving-ND/CarND-Behavioral-Cloning-P3/data_hard/IMG/center_2017_04_28_18_28_01_932.jpg,/home/esteve/self-driving-ND/CarND-Behavioral-Cloning-P3/data_hard/IMG/left_2017_04_28_18_28_01_932.jpg,/home/esteve/self-driving-ND/CarND-Behavioral-Cloning-P3/data_hard/IMG/right_2017_04_28_18_28_01_932.jpg,0.4436091,0,0,16.10636
/home/esteve/self-driving-ND/CarND-Behavioral-Cloning-P3/data_hard/IMG/center_2017_04_28_18_28_02_013.jpg,/home/esteve/self-driving-ND/CarND-Behavioral-Cloning-P3/data_hard/IMG/left_2017_04_28_18_28_02_013.jpg,/home/esteve/self-driving-ND/CarND-Behavioral-Cloning-P3/data_hard/IMG/right_2017_04_28_18_28_02_013.jpg,0.5338346,0.07810807,0,15.98262
/home/esteve/self-driving-ND/CarND-Behavioral-Cloning-P3/data_hard/IMG/center_2017_04_28_18_28_02_093.jpg,/home/esteve/self-driving-ND/CarND-Behavioral-Cloning-P3/data_hard/IMG/left_2017_04_28_18_28_02_093.jpg,/home/esteve/self-driving-ND/CarND-Behavioral-Cloning-P3/data_hard/IMG/right_2017_04_28_18_28_02_093.jpg,0.6240602,0,0,15.85565
/home/esteve/self-driving-ND/CarND-Behavioral-Cloning-P3/data_hard/IMG/center_2017_04_28_18_28_02_175.jpg,/home/esteve/self-driving-ND/CarND-Behavioral-Cloning-P3/data_hard/IMG/left_2017_04_28_18_28_02_175.jpg,/home/esteve/self-driving-ND/CarND-Behavioral-Cloning-P3/data_hard/IMG/right_2017_04_28_18_28_02_175.jpg,0.6842105,0,0,15.67946
/home/esteve/self-driving-ND/CarND-Behavioral-Cloning-P3/data_hard/IMG/center_2017_04_28_18_28_02_259.jpg,/home/esteve/self-driving-ND/CarND-Behavioral-Cloning-P3/data_hard/IMG/left_2017_04_28_18_28_02_259.jpg,/home/esteve/self-driving-ND/CarND-Behavioral-Cloning-P3/data_hard/IMG/right_2017_04_28_18_28_02_259.jpg,0.7218045,0,0,15.51601
/home/esteve/self-driving-ND/CarND-Behavioral-Cloning-P3/data_hard/IMG/center_2017_04_28_18_28_02_327.jpg,/home/esteve/self-driving-ND/CarND-Behavioral-Cloning-P3/data_hard/IMG/left_2017_04_28_18_28_02_327.jpg,/home/esteve/self-driving-ND/CarND-Behavioral-Cloning-P3/data_hard/IMG/right_2017_04_28_18_28_02_327.jpg,0.7744361,0,0,15.34875
/home/esteve/self-driving-ND/CarND-Behavioral-Cloning-P3/data_hard/IMG/center_2017_04_28_18_28_02_402.jpg,/home/esteve/self-driving-ND/CarND-Behavioral-Cloning-P3/data_hard/IMG/left_2017_04_28_18_28_02_402.jpg,/home/esteve/self-driving-ND/CarND-Behavioral-Cloning-P3/data_hard/IMG/right_2017_04_28_18_28_02_402.jpg,0.7969925,0,0,14.7049
/home/esteve/self-driving-ND/CarND-Behavioral-Cloning-P3/data_hard/IMG/center_2017_04_28_18_28_02_474.jpg,/home/esteve/self-driving-ND/CarND-Behavioral-Cloning-P3/data_hard/IMG/left_2017_04_28_18_28_02_474.jpg,/home/esteve/self-driving-ND/CarND-Behavioral-Cloning-P3/data_hard/IMG/right_2017_04_28_18_28_02_474.jpg,0.7969925,0,0,14.51343
/home/esteve/self-driving-ND/CarND-Behavioral-Cloning-P3/data_hard/IMG/center_2017_04_28_18_28_02_558.jpg,/home/esteve/self-driving-ND/CarND-Behavioral-Cloning-P3/data_hard/IMG/left_2017_04_28_18_28_02_558.jpg,/home/esteve/self-driving-ND/CarND-Behavioral-Cloning-P3/data_hard/IMG/right_2017_04_28_18_28_02_558.jpg,0.6616541,0,0,14.39996
/home/esteve/self-driving-ND/CarND-Behavioral-Cloning-P3/data_hard/IMG/center_2017_04_28_18_28_02_636.jpg,/home/esteve/self-driving-ND/CarND-Behavioral-Cloning-P3/data_hard/IMG/left_2017_04_28_18_28_02_636.jpg,/home/esteve/self-driving-ND/CarND-Behavioral-Cloning-P3/data_hard/IMG/right_2017_04_28_18_28_02_636.jpg,0.5263158,0,0,14.31554
/home/esteve/self-driving-ND/CarND-Behavioral-Cloning-P3/data_hard/IMG/center_2017_04_28_18_28_02_719.jpg,/home/esteve/self-driving-ND/CarND-Behavioral-Cloning-P3/data_hard/IMG/left_2017_04_28_18_28_02_719.jpg,/home/esteve/self-driving-ND/CarND-Behavioral-Cloning-P3/data_hard/IMG/right_2017_04_28_18_28_02_719.jpg,0.5263158,0,0,14.23348
/home/esteve/self-driving-ND/CarND-Behavioral-Cloning-P3/data_hard/IMG/center_2017_04_28_18_28_02_791.jpg,/home/esteve/self-driving-ND/CarND-Behavioral-Cloning-P3/data_hard/IMG/left_2017_04_28_18_28_02_791.jpg,/home/esteve/self-driving-ND/CarND-Behavioral-Cloning-P3/data_hard/IMG/right_2017_04_28_18_28_02_791.jpg,0.5263158,0,0,14.10465
/home/esteve/self-driving-ND/CarND-Behavioral-Cloning-P3/data_hard/IMG/center_2017_04_28_18_28_02_869.jpg,/home/esteve/self-driving-ND/CarND-Behavioral-Cloning-P3/data_hard/IMG/left_2017_04_28_18_28_02_869.jpg,/home/esteve/self-driving-ND/CarND-Behavioral-Cloning-P3/data_hard/IMG/right_2017_04_28_18_28_02_869.jpg,0.5263158,0,0,14.05916
/home/esteve/self-driving-ND/CarND-Behavioral-Cloning-P3/data_hard/IMG/center_2017_04_28_18_28_02_958.jpg,/home/esteve/self-driving-ND/CarND-Behavioral-Cloning-P3/data_hard/IMG/left_2017_04_28_18_28_02_958.jpg,/home/esteve/self-driving-ND/CarND-Behavioral-Cloning-P3/data_hard/IMG/right_2017_04_28_18_28_02_958.jpg,0.4887218,0,0,13.86951
/home/esteve/self-driving-ND/CarND-Behavioral-Cloning-P3/data_hard/IMG/center_2017_04_28_18_28_03_036.jpg,/home/esteve/self-driving-ND/CarND-Behavioral-Cloning-P3/data_hard/IMG/left_2017_04_28_18_28_03_036.jpg,/home/esteve/self-driving-ND/CarND-Behavioral-Cloning-P3/data_hard/IMG/right_2017_04_28_18_28_03_036.jpg,0.5488722,0,0,13.76667
/home/esteve/self-driving-ND/CarND-Behavioral-Cloning-P3/data_hard/IMG/center_2017_04_28_18_28_03_114.jpg,/home/esteve/self-driving-ND/CarND-Behavioral-Cloning-P3/data_hard/IMG/left_2017_04_28_18_28_03_114.jpg,/home/esteve/self-driving-ND/CarND-Behavioral-Cloning-P3/data_hard/IMG/right_2017_04_28_18_28_03_114.jpg,0.6315789,0,0,13.63375
/home/esteve/self-driving-ND/CarND-Behavioral-Cloning-P3/data_hard/IMG/center_2017_04_28_18_28_03_191.jpg,/home/esteve/self-driving-ND/CarND-Behavioral-Cloning-P3/data_hard/IMG/left_2017_04_28_18_28_03_191.jpg,/home/esteve/self-driving-ND/CarND-Behavioral-Cloning-P3/data_hard/IMG/right_2017_04_28_18_28_03_191.jpg,0.6842105,0,0,13.47682
/home/esteve/self-driving-ND/CarND-Behavioral-Cloning-P3/data_hard/IMG/center_2017_04_28_18_28_03_267.jpg,/home/esteve/self-driving-ND/CarND-Behavioral-Cloning-P3/data_hard/IMG/left_2017_04_28_18_28_03_267.jpg,/home/esteve/self-driving-ND/CarND-Behavioral-Cloning-P3/data_hard/IMG/right_2017_04_28_18_28_03_267.jpg,0.6090226,0,0,13.34947
/home/esteve/self-driving-ND/CarND-Behavioral-Cloning-P3/data_hard/IMG/center_2017_04_28_18_28_03_343.jpg,/home/esteve/self-driving-ND/CarND-Behavioral-Cloning-P3/data_hard/IMG/left_2017_04_28_18_28_03_343.jpg,/home/esteve/self-driving-ND/CarND-Behavioral-Cloning-P3/data_hard/IMG/right_2017_04_28_18_28_03_343.jpg,0.2105263,0,0,13.80207
/home/esteve/self-driving-ND/CarND-Behavioral-Cloning-P3/data_hard/IMG/center_2017_04_28_18_28_03_419.jpg,/home/esteve/self-driving-ND/CarND-Behavioral-Cloning-P3/data_hard/IMG/left_2017_04_28_18_28_03_419.jpg,/home/esteve/self-driving-ND/CarND-Behavioral-Cloning-P3/data_hard/IMG/right_2017_04_28_18_28_03_419.jpg,0.1203007,0,0,13.71358
/home/esteve/self-driving-ND/CarND-Behavioral-Cloning-P3/data_hard/IMG/center_2017_04_28_18_28_03_497.jpg,/home/esteve/self-driving-ND/CarND-Behavioral-Cloning-P3/data_hard/IMG/left_2017_04_28_18_28_03_497.jpg,/home/esteve/self-driving-ND/CarND-Behavioral-Cloning-P3/data_hard/IMG/right_2017_04_28_18_28_03_497.jpg,0,0,0,13.62424
/home/esteve/self-driving-ND/CarND-Behavioral-Cloning-P3/data_hard/IMG/center_2017_04_28_18_28_03_570.jpg,/home/esteve/self-driving-ND/CarND-Behavioral-Cloning-P3/data_hard/IMG/left_2017_04_28_18_28_03_570.jpg,/home/esteve/self-driving-ND/CarND-Behavioral-Cloning-P3/data_hard/IMG/right_2017_04_28_18_28_03_570.jpg,-0.1729323,0.1134295,0,13.46617
/home/esteve/self-driving-ND/CarND-Behavioral-Cloning-P3/data_hard/IMG/center_2017_04_28_18_28_03_646.jpg,/home/esteve/self-driving-ND/CarND-Behavioral-Cloning-P3/data_hard/IMG/left_2017_04_28_18_28_03_646.jpg,/home/esteve/self-driving-ND/CarND-Behavioral-Cloning-P3/data_hard/IMG/right_2017_04_28_18_28_03_646.jpg,-0.2781955,0.3534236,0,13.52647
/home/esteve/self-driving-ND/CarND-Behavioral-Cloning-P3/data_hard/IMG/center_2017_04_28_18_28_03_722.jpg,/home/esteve/self-driving-ND/CarND-Behavioral-Cloning-P3/data_hard/IMG/left_2017_04_28_18_28_03_722.jpg,/home/esteve/self-driving-ND/CarND-Behavioral-Cloning-P3/data_hard/IMG/right_2017_04_28_18_28_03_722.jpg,-0.2932331,0.1265395,0,13.68921
/home/esteve/self-driving-ND/CarND-Behavioral-Cloning-P3/data_hard/IMG/center_2017_04_28_18_28_03_797.jpg,/home/esteve/self-driving-ND/CarND-Behavioral-Cloning-P3/data_hard/IMG/left_2017_04_28_18_28_03_797.jpg,/home/esteve/self-driving-ND/CarND-Behavioral-Cloning-P3/data_hard/IMG/right_2017_04_28_18_28_03_797.jpg,-0.2857143,0,0,13.15406
/home/esteve/self-driving-ND/CarND-Behavioral-Cloning-P3/data_hard/IMG/center_2017_04_28_18_28_03_872.jpg,/home/esteve/self-driving-ND/CarND-Behavioral-Cloning-P3/data_hard/IMG/left_2017_04_28_18_28_03_872.jpg,/home/esteve/self-driving-ND/CarND-Behavioral-Cloning-P3/data_hard/IMG/right_2017_04_28_18_28_03_872.jpg,-0.2857143,0.05758166,0,13.02072
/home/esteve/self-driving-ND/CarND-Behavioral-Cloning-P3/data_hard/IMG/center_2017_04_28_18_28_03_950.jpg,/home/esteve/self-driving-ND/CarND-Behavioral-Cloning-P3/data_hard/IMG/left_2017_04_28_18_28_03_950.jpg,/home/esteve/self-driving-ND/CarND-Behavioral-Cloning-P3/data_hard/IMG/right_2017_04_28_18_28_03_950.jpg,-0.3759399,0.2822728,0,13.00776
/home/esteve/self-driving-ND/CarND-Behavioral-Cloning-P3/data_hard/IMG/center_2017_04_28_18_28_04_027.jpg,/home/esteve/self-driving-ND/CarND-Behavioral-Cloning-P3/data_hard/IMG/left_2017_04_28_18_28_04_027.jpg,/home/esteve/self-driving-ND/CarND-Behavioral-Cloning-P3/data_hard/IMG/right_2017_04_28_18_28_04_027.jpg,-0.4285714,0.5156372,0,13.38365
/home/esteve/self-driving-ND/CarND-Behavioral-Cloning-P3/data_hard/IMG/center_2017_04_28_18_28_04_094.jpg,/home/esteve/self-driving-ND/CarND-Behavioral-Cloning-P3/data_hard/IMG/left_2017_04_28_18_28_04_094.jpg,/home/esteve/self-driving-ND/CarND-Behavioral-Cloning-P3/data_hard/IMG/right_2017_04_28_18_28_04_094.jpg,-0.4285714,0.6116874,0,13.99599
/home/esteve/self-driving-ND/CarND-Behavioral-Cloning-P3/data_hard/IMG/center_2017_04_28_18_28_04_168.jpg,/home/esteve/self-driving-ND/CarND-Behavioral-Cloning-P3/data_hard/IMG/left_2017_04_28_18_28_04_168.jpg,/home/esteve/self-driving-ND/CarND-Behavioral-Cloning-P3/data_hard/IMG/right_2017_04_28_18_28_04_168.jpg,-0.4285714,0.3909116,0,14.301
/home/esteve/self-driving-ND/CarND-Behavioral-Cloning-P3/data_hard/IMG/center_2017_04_28_18_28_04_239.jpg,/home/esteve/self-driving-ND/CarND-Behavioral-Cloning-P3/data_hard/IMG/left_2017_04_28_18_28_04_239.jpg,/home/esteve/self-driving-ND/CarND-Behavioral-Cloning-P3/data_hard/IMG/right_2017_04_28_18_28_04_239.jpg,-0.5112782,0.1791236,0,14.303
/home/esteve/self-driving-ND/CarND-Behavioral-Cloning-P3/data_hard/IMG/center_2017_04_28_18_28_04_316.jpg,/home/esteve/self-driving-ND/CarND-Behavioral-Cloning-P3/data_hard/IMG/left_2017_04_28_18_28_04_316.jpg,/home/esteve/self-driving-ND/CarND-Behavioral-Cloning-P3/data_hard/IMG/right_2017_04_28_18_28_04_316.jpg,-0.5789474,0.2909818,0,14.27435
/home/esteve/self-driving-ND/CarND-Behavioral-Cloning-P3/data_hard/IMG/center_2017_04_28_18_28_04_392.jpg,/home/esteve/self-driving-ND/CarND-Behavioral-Cloning-P3/data_hard/IMG/left_2017_04_28_18_28_04_392.jpg,/home/esteve/self-driving-ND/CarND-Behavioral-Cloning-P3/data_hard/IMG/right_2017_04_28_18_28_04_392.jpg,-0.6541353,0.2728415,0,14.48899
/home/esteve/self-driving-ND/CarND-Behavioral-Cloning-P3/data_hard/IMG/center_2017_04_28_18_28_04_471.jpg,/home/esteve/self-driving-ND/CarND-Behavioral-Cloning-P3/data_hard/IMG/left_2017_04_28_18_28_04_471.jpg,/home/esteve/self-driving-ND/CarND-Behavioral-Cloning-P3/data_hard/IMG/right_2017_04_28_18_28_04_471.jpg,-0.7142857,0.03538227,0,14.44784
/home/esteve/self-driving-ND/CarND-Behavioral-Cloning-P3/data_hard/IMG/center_2017_04_28_18_28_04_547.jpg,/home/esteve/self-driving-ND/CarND-Behavioral-Cloning-P3/data_hard/IMG/left_2017_04_28_18_28_04_547.jpg,/home/esteve/self-driving-ND/CarND-Behavioral-Cloning-P3/data_hard/IMG/right_2017_04_28_18_28_04_547.jpg,-0.7593985,0,0,14.28866
/home/esteve/self-driving-ND/CarND-Behavioral-Cloning-P3/data_hard/IMG/center_2017_04_28_18_28_04_619.jpg,/home/esteve/self-driving-ND/CarND-Behavioral-Cloning-P3/data_hard/IMG/left_2017_04_28_18_28_04_619.jpg,/home/esteve/self-driving-ND/CarND-Behavioral-Cloning-P3/data_hard/IMG/right_2017_04_28_18_28_04_619.jpg,-0.7744361,0,0,14.41648
/home/esteve/self-driving-ND/CarND-Behavioral-Cloning-P3/data_hard/IMG/center_2017_04_28_18_28_04_709.jpg,/home/esteve/self-driving-ND/CarND-Behavioral-Cloning-P3/data_hard/IMG/left_2017_04_28_18_28_04_709.jpg,/home/esteve/self-driving-ND/CarND-Behavioral-Cloning-P3/data_hard/IMG/right_2017_04_28_18_28_04_709.jpg,-0.7969925,0,0,14.02873
/home/esteve/self-driving-ND/CarND-Behavioral-Cloning-P3/data_hard/IMG/center_2017_04_28_18_28_04_781.jpg,/home/esteve/self-driving-ND/CarND-Behavioral-Cloning-P3/data_hard/IMG/left_2017_04_28_18_28_04_781.jpg,/home/esteve/self-driving-ND/CarND-Behavioral-Cloning-P3/data_hard/IMG/right_2017_04_28_18_28_04_781.jpg,-0.8045112,0,0,14.12543
/home/esteve/self-driving-ND/CarND-Behavioral-Cloning-P3/data_hard/IMG/center_2017_04_28_18_28_04_866.jpg,/home/esteve/self-driving-ND/CarND-Behavioral-Cloning-P3/data_hard/IMG/left_2017_04_28_18_28_04_866.jpg,/home/esteve/self-driving-ND/CarND-Behavioral-Cloning-P3/data_hard/IMG/right_2017_04_28_18_28_04_866.jpg,-0.8045112,0,0,13.94448
/home/esteve/self-driving-ND/CarND-Behavioral-Cloning-P3/data_hard/IMG/center_2017_04_28_18_28_04_943.jpg,/home/esteve/self-driving-ND/CarND-Behavioral-Cloning-P3/data_hard/IMG/left_2017_04_28_18_28_04_943.jpg,/home/esteve/self-driving-ND/CarND-Behavioral-Cloning-P3/data_hard/IMG/right_2017_04_28_18_28_04_943.jpg,-0.8045112,0.2277725,0,13.97229
/home/esteve/self-driving-ND/CarND-Behavioral-Cloning-P3/data_hard/IMG/center_2017_04_28_18_28_05_021.jpg,/home/esteve/self-driving-ND/CarND-Behavioral-Cloning-P3/data_hard/IMG/left_2017_04_28_18_28_05_021.jpg,/home/esteve/self-driving-ND/CarND-Behavioral-Cloning-P3/data_hard/IMG/right_2017_04_28_18_28_05_021.jpg,-0.8045112,0.4620931,0,14.11434
/home/esteve/self-driving-ND/CarND-Behavioral-Cloning-P3/data_hard/IMG/center_2017_04_28_18_28_05_101.jpg,/home/esteve/self-driving-ND/CarND-Behavioral-Cloning-P3/data_hard/IMG/left_2017_04_28_18_28_05_101.jpg,/home/esteve/self-driving-ND/CarND-Behavioral-Cloning-P3/data_hard/IMG/right_2017_04_28_18_28_05_101.jpg,-0.7894737,0.5834491,0,14.5409
/home/esteve/self-driving-ND/CarND-Behavioral-Cloning-P3/data_hard/IMG/center_2017_04_28_18_28_05_180.jpg,/home/esteve/self-driving-ND/CarND-Behavioral-Cloning-P3/data_hard/IMG/left_2017_04_28_18_28_05_180.jpg,/home/esteve/self-driving-ND/CarND-Behavioral-Cloning-P3/data_hard/IMG/right_2017_04_28_18_28_05_180.jpg,-0.7593985,0.6805987,0,15.03159
/home/esteve/self-driving-ND/CarND-Behavioral-Cloning-P3/data_hard/IMG/center_2017_04_28_18_28_05_265.jpg,/home/esteve/self-driving-ND/CarND-Behavioral-Cloning-P3/data_hard/IMG/left_2017_04_28_18_28_05_265.jpg,/home/esteve/self-driving-ND/CarND-Behavioral-Cloning-P3/data_hard/IMG/right_2017_04_28_18_28_05_265.jpg,-0.744361,0.4432297,0,15.40751
/home/esteve/self-driving-ND/CarND-Behavioral-Cloning-P3/data_hard/IMG/center_2017_04_28_18_28_05_345.jpg,/home/esteve/self-driving-ND/CarND-Behavioral-Cloning-P3/data_hard/IMG/left_2017_04_28_18_28_05_345.jpg,/home/esteve/self-driving-ND/CarND-Behavioral-Cloning-P3/data_hard/IMG/right_2017_04_28_18_28_05_345.jpg,-0.6766918,0.2026384,0,15.58584
/home/esteve/self-driving-ND/CarND-Behavioral-Cloning-P3/data_hard/IMG/center_2017_04_28_18_28_05_420.jpg,/home/esteve/self-driving-ND/CarND-Behavioral-Cloning-P3/data_hard/IMG/left_2017_04_28_18_28_05_420.jpg,/home/esteve/self-driving-ND/CarND-Behavioral-Cloning-P3/data_hard/IMG/right_2017_04_28_18_28_05_420.jpg,-0.6315789,0,0,15.49525
/home/esteve/self-driving-ND/CarND-Behavioral-Cloning-P3/data_hard/IMG/center_2017_04_28_18_28_05_500.jpg,/home/esteve/self-driving-ND/CarND-Behavioral-Cloning-P3/data_hard/IMG/left_2017_04_28_18_28_05_500.jpg,/home/esteve/self-driving-ND/CarND-Behavioral-Cloning-P3/data_hard/IMG/right_2017_04_28_18_28_05_500.jpg,-0.6090226,0.180861,0,15.40137
/home/esteve/self-driving-ND/CarND-Behavioral-Cloning-P3/data_hard/IMG/center_2017_04_28_18_28_05_588.jpg,/home/esteve/self-driving-ND/CarND-Behavioral-Cloning-P3/data_hard/IMG/left_2017_04_28_18_28_05_588.jpg,/home/esteve/self-driving-ND/CarND-Behavioral-Cloning-P3/data_hard/IMG/right_2017_04_28_18_28_05_588.jpg,-0.5789474,0.4226303,0,15.57347
/home/esteve/self-driving-ND/CarND-Behavioral-Cloning-P3/data_hard/IMG/center_2017_04_28_18_28_05_665.jpg,/home/esteve/self-driving-ND/CarND-Behavioral-Cloning-P3/data_hard/IMG/left_2017_04_28_18_28_05_665.jpg,/home/esteve/self-driving-ND/CarND-Behavioral-Cloning-P3/data_hard/IMG/right_2017_04_28_18_28_05_665.jpg,-0.5488722,0.39659,0,16.21903
/home/esteve/self-driving-ND/CarND-Behavioral-Cloning-P3/data_hard/IMG/center_2017_04_28_18_28_05_749.jpg,/home/esteve/self-driving-ND/CarND-Behavioral-Cloning-P3/data_hard/IMG/left_2017_04_28_18_28_05_749.jpg,/home/esteve/self-driving-ND/CarND-Behavioral-Cloning-P3/data_hard/IMG/right_2017_04_28_18_28_05_749.jpg,-0.481203,0.145448,0,16.3637
/home/esteve/self-driving-ND/CarND-Behavioral-Cloning-P3/data_hard/IMG/center_2017_04_28_18_28_05_838.jpg,/home/esteve/self-driving-ND/CarND-Behavioral-Cloning-P3/data_hard/IMG/left_2017_04_28_18_28_05_838.jpg,/home/esteve/self-driving-ND/CarND-Behavioral-Cloning-P3/data_hard/IMG/right_2017_04_28_18_28_05_838.jpg,-0.4586466,0,0,16.31667
/home/esteve/self-driving-ND/CarND-Behavioral-Cloning-P3/data_hard/IMG/center_2017_04_28_18_28_05_920.jpg,/home/esteve/self-driving-ND/CarND-Behavioral-Cloning-P3/data_hard/IMG/left_2017_04_28_18_28_05_920.jpg,/home/esteve/self-driving-ND/CarND-Behavioral-Cloning-P3/data_hard/IMG/right_2017_04_28_18_28_05_920.jpg,-0.481203,0.1758184,0,16.23267
/home/esteve/self-driving-ND/CarND-Behavioral-Cloning-P3/data_hard/IMG/center_2017_04_28_18_28_05_997.jpg,/home/esteve/self-driving-ND/CarND-Behavioral-Cloning-P3/data_hard/IMG/left_2017_04_28_18_28_05_997.jpg,/home/esteve/self-driving-ND/CarND-Behavioral-Cloning-P3/data_hard/IMG/right_2017_04_28_18_28_05_997.jpg,-0.6090226,0.4261379,0,16.362
/home/esteve/self-driving-ND/CarND-Behavioral-Cloning-P3/data_hard/IMG/center_2017_04_28_18_28_06_083.jpg,/home/esteve/self-driving-ND/CarND-Behavioral-Cloning-P3/data_hard/IMG/left_2017_04_28_18_28_06_083.jpg,/home/esteve/self-driving-ND/CarND-Behavioral-Cloning-P3/data_hard/IMG/right_2017_04_28_18_28_06_083.jpg,-0.6992481,0.6824312,0,16.68967
/home/esteve/self-driving-ND/CarND-Behavioral-Cloning-P3/data_hard/IMG/center_2017_04_28_18_28_06_165.jpg,/home/esteve/self-driving-ND/CarND-Behavioral-Cloning-P3/data_hard/IMG/left_2017_04_28_18_28_06_165.jpg,/home/esteve/self-driving-ND/CarND-Behavioral-Cloning-P3/data_hard/IMG/right_2017_04_28_18_28_06_165.jpg,-0.7142857,0.9294899,0,17.27627
/home/esteve/self-driving-ND/CarND-Behavioral-Cloning-P3/data_hard/IMG/center_2017_04_28_18_28_06_246.jpg,/home/esteve/self-driving-ND/CarND-Behavioral-Cloning-P3/data_hard/IMG/left_2017_04_28_18_28_06_246.jpg,/home/esteve/self-driving-ND/CarND-Behavioral-Cloning-P3/data_hard/IMG/right_2017_04_28_18_28_06_246.jpg,-0.7142857,0.7910886,0,17.98252
/home/esteve/self-driving-ND/CarND-Behavioral-Cloning-P3/data_hard/IMG/center_2017_04_28_18_28_06_314.jpg,/home/esteve/self-driving-ND/CarND-Behavioral-Cloning-P3/data_hard/IMG/left_2017_04_28_18_28_06_314.jpg,/home/esteve/self-driving-ND/CarND-Behavioral-Cloning-P3/data_hard/IMG/right_2017_04_28_18_28_06_314.jpg,-0.7067669,0.5880904,0,18.50386
/home/esteve/self-driving-ND/CarND-Behavioral-Cloning-P3/data_hard/IMG/center_2017_04_28_18_28_06_382.jpg,/home/esteve/self-driving-ND/CarND-Behavioral-Cloning-P3/data_hard/IMG/left_2017_04_28_18_28_06_382.jpg,/home/esteve/self-driving-ND/CarND-Behavioral-Cloning-P3/data_hard/IMG/right_2017_04_28_18_28_06_382.jpg,-0.5338346,0.3837032,0,18.58283
/home/esteve/self-driving-ND/CarND-Behavioral-Cloning-P3/data_hard/IMG/center_2017_04_28_18_28_06_452.jpg,/home/esteve/self-driving-ND/CarND-Behavioral-Cloning-P3/data_hard/IMG/left_2017_04_28_18_28_06_452.jpg,/home/esteve/self-driving-ND/CarND-Behavioral-Cloning-P3/data_hard/IMG/right_2017_04_28_18_28_06_452.jpg,-0.4586466,0.1716034,0,18.7033
/home/esteve/self-driving-ND/CarND-Behavioral-Cloning-P3/data_hard/IMG/center_2017_04_28_18_28_06_539.jpg,/home/esteve/self-driving-ND/CarND-Behavioral-Cloning-P3/data_hard/IMG/left_2017_04_28_18_28_06_539.jpg,/home/esteve/self-driving-ND/CarND-Behavioral-Cloning-P3/data_hard/IMG/right_2017_04_28_18_28_06_539.jpg,-0.4135338,0,0,18.58645
/home/esteve/self-driving-ND/CarND-Behavioral-Cloning-P3/data_hard/IMG/center_2017_04_28_18_28_06_606.jpg,/home/esteve/self-driving-ND/CarND-Behavioral-Cloning-P3/data_hard/IMG/left_2017_04_28_18_28_06_606.jpg,/home/esteve/self-driving-ND/CarND-Behavioral-Cloning-P3/data_hard/IMG/right_2017_04_28_18_28_06_606.jpg,-0.4135338,0,0,18.41566
/home/esteve/self-driving-ND/CarND-Behavioral-Cloning-P3/data_hard/IMG/center_2017_04_28_18_28_06_680.jpg,/home/esteve/self-driving-ND/CarND-Behavioral-Cloning-P3/data_hard/IMG/left_2017_04_28_18_28_06_680.jpg,/home/esteve/self-driving-ND/CarND-Behavioral-Cloning-P3/data_hard/IMG/right_2017_04_28_18_28_06_680.jpg,-0.4135338,0,0,18.71968
/home/esteve/self-driving-ND/CarND-Behavioral-Cloning-P3/data_hard/IMG/center_2017_04_28_18_28_06_769.jpg,/home/esteve/self-driving-ND/CarND-Behavioral-Cloning-P3/data_hard/IMG/left_2017_04_28_18_28_06_769.jpg,/home/esteve/self-driving-ND/CarND-Behavioral-Cloning-P3/data_hard/IMG/right_2017_04_28_18_28_06_769.jpg,-0.4436091,0.1247463,0,18.1066
/home/esteve/self-driving-ND/CarND-Behavioral-Cloning-P3/data_hard/IMG/center_2017_04_28_18_28_06_840.jpg,/home/esteve/self-driving-ND/CarND-Behavioral-Cloning-P3/data_hard/IMG/left_2017_04_28_18_28_06_840.jpg,/home/esteve/self-driving-ND/CarND-Behavioral-Cloning-P3/data_hard/IMG/right_2017_04_28_18_28_06_840.jpg,-0.4962406,0.3383367,0,18.56995
/home/esteve/self-driving-ND/CarND-Behavioral-Cloning-P3/data_hard/IMG/center_2017_04_28_18_28_06_909.jpg,/home/esteve/self-driving-ND/CarND-Behavioral-Cloning-P3/data_hard/IMG/left_2017_04_28_18_28_06_909.jpg,/home/esteve/self-driving-ND/CarND-Behavioral-Cloning-P3/data_hard/IMG/right_2017_04_28_18_28_06_909.jpg,-0.5864662,0.5458832,0,18.7896
/home/esteve/self-driving-ND/CarND-Behavioral-Cloning-P3/data_hard/IMG/center_2017_04_28_18_28_06_999.jpg,/home/esteve/self-driving-ND/CarND-Behavioral-Cloning-P3/data_hard/IMG/left_2017_04_28_18_28_06_999.jpg,/home/esteve/self-driving-ND/CarND-Behavioral-Cloning-P3/data_hard/IMG/right_2017_04_28_18_28_06_999.jpg,-0.6541353,0.8167713,0,19.19437
/home/esteve/self-driving-ND/CarND-Behavioral-Cloning-P3/data_hard/IMG/center_2017_04_28_18_28_07_071.jpg,/home/esteve/self-driving-ND/CarND-Behavioral-Cloning-P3/data_hard/IMG/left_2017_04_28_18_28_07_071.jpg,/home/esteve/self-driving-ND/CarND-Behavioral-Cloning-P3/data_hard/IMG/right_2017_04_28_18_28_07_071.jpg,-0.6541353,0.7161269,0,19.7805
/home/esteve/self-driving-ND/CarND-Behavioral-Cloning-P3/data_hard/IMG/center_2017_04_28_18_28_07_143.jpg,/home/esteve/self-driving-ND/CarND-Behavioral-Cloning-P3/data_hard/IMG/left_2017_04_28_18_28_07_143.jpg,/home/esteve/self-driving-ND/CarND-Behavioral-Cloning-P3/data_hard/IMG/right_2017_04_28_18_28_07_143.jpg,-0.6165413,0.5018671,0,20.16461
/home/esteve/self-driving-ND/CarND-Behavioral-Cloning-P3/data_hard/IMG/center_2017_04_28_18_28_07_212.jpg,/home/esteve/self-driving-ND/CarND-Behavioral-Cloning-P3/data_hard/IMG/left_2017_04_28_18_28_07_212.jpg,/home/esteve/self-driving-ND/CarND-Behavioral-Cloning-P3/data_hard/IMG/right_2017_04_28_18_28_07_212.jpg,-0.5714286,0.2939279,0,20.14622
/home/esteve/self-driving-ND/CarND-Behavioral-Cloning-P3/data_hard/IMG/center_2017_04_28_18_28_07_304.jpg,/home/esteve/self-driving-ND/CarND-Behavioral-Cloning-P3/data_hard/IMG/left_2017_04_28_18_28_07_304.jpg,/home/esteve/self-driving-ND/CarND-Behavioral-Cloning-P3/data_hard/IMG/right_2017_04_28_18_28_07_304.jpg,-0.5037594,0.01934695,0,20.33128
/home/esteve/self-driving-ND/CarND-Behavioral-Cloning-P3/data_hard/IMG/center_2017_04_28_18_28_07_372.jpg,/home/esteve/self-driving-ND/CarND-Behavioral-Cloning-P3/data_hard/IMG/left_2017_04_28_18_28_07_372.jpg,/home/esteve/self-driving-ND/CarND-Behavioral-Cloning-P3/data_hard/IMG/right_2017_04_28_18_28_07_372.jpg,-0.5037594,0,0,19.97168
/home/esteve/self-driving-ND/CarND-Behavioral-Cloning-P3/data_hard/IMG/center_2017_04_28_18_28_07_441.jpg,/home/esteve/self-driving-ND/CarND-Behavioral-Cloning-P3/data_hard/IMG/left_2017_04_28_18_28_07_441.jpg,/home/esteve/self-driving-ND/CarND-Behavioral-Cloning-P3/data_hard/IMG/right_2017_04_28_18_28_07_441.jpg,-0.4586466,0,0,20.13921
/home/esteve/self-driving-ND/CarND-Behavioral-Cloning-P3/data_hard/IMG/center_2017_04_28_18_28_07_507.jpg,/home/esteve/self-driving-ND/CarND-Behavioral-Cloning-P3/data_hard/IMG/left_2017_04_28_18_28_07_507.jpg,/home/esteve/self-driving-ND/CarND-Behavioral-Cloning-P3/data_hard/IMG/right_2017_04_28_18_28_07_507.jpg,-0.3609022,0,0,20.02798
/home/esteve/self-driving-ND/CarND-Behavioral-Cloning-P3/data_hard/IMG/center_2017_04_28_18_28_07_580.jpg,/home/esteve/self-driving-ND/CarND-Behavioral-Cloning-P3/data_hard/IMG/left_2017_04_28_18_28_07_580.jpg,/home/esteve/self-driving-ND/CarND-Behavioral-Cloning-P3/data_hard/IMG/right_2017_04_28_18_28_07_580.jpg,-0.3383459,0,0,19.52872
/home/esteve/self-driving-ND/CarND-Behavioral-Cloning-P3/data_hard/IMG/center_2017_04_28_18_28_07_652.jpg,/home/esteve/self-driving-ND/CarND-Behavioral-Cloning-P3/data_hard/IMG/left_2017_04_28_18_28_07_652.jpg,/home/esteve/self-driving-ND/CarND-Behavioral-Cloning-P3/data_hard/IMG/right_2017_04_28_18_28_07_652.jpg,-0.3082707,0,0,19.37664
/home/esteve/self-driving-ND/CarND-Behavioral-Cloning-P3/data_hard/IMG/center_2017_04_28_18_28_07_731.jpg,/home/esteve/self-driving-ND/CarND-Behavioral-Cloning-P3/data_hard/IMG/left_2017_04_28_18_28_07_731.jpg,/home/esteve/self-driving-ND/CarND-Behavioral-Cloning-P3/data_hard/IMG/right_2017_04_28_18_28_07_731.jpg,-0.2781955,0,0,19.22443
/home/esteve/self-driving-ND/CarND-Behavioral-Cloning-P3/data_hard/IMG/center_2017_04_28_18_28_07_804.jpg,/home/esteve/self-driving-ND/CarND-Behavioral-Cloning-P3/data_hard/IMG/left_2017_04_28_18_28_07_804.jpg,/home/esteve/self-driving-ND/CarND-Behavioral-Cloning-P3/data_hard/IMG/right_2017_04_28_18_28_07_804.jpg,-0.112782,0.06928253,0,19.10859
/home/esteve/self-driving-ND/CarND-Behavioral-Cloning-P3/data_hard/IMG/center_2017_04_28_18_28_07_876.jpg,/home/esteve/self-driving-ND/CarND-Behavioral-Cloning-P3/data_hard/IMG/left_2017_04_28_18_28_07_876.jpg,/home/esteve/self-driving-ND/CarND-Behavioral-Cloning-P3/data_hard/IMG/right_2017_04_28_18_28_07_876.jpg,-0.01503759,0.2841604,0,19.48763
/home/esteve/self-driving-ND/CarND-Behavioral-Cloning-P3/data_hard/IMG/center_2017_04_28_18_28_07_950.jpg,/home/esteve/self-driving-ND/CarND-Behavioral-Cloning-P3/data_hard/IMG/left_2017_04_28_18_28_07_950.jpg,/home/esteve/self-driving-ND/CarND-Behavioral-Cloning-P3/data_hard/IMG/right_2017_04_28_18_28_07_950.jpg,-0.01503759,0.2184899,0,19.6402
/home/esteve/self-driving-ND/CarND-Behavioral-Cloning-P3/data_hard/IMG/center_2017_04_28_18_28_08_023.jpg,/home/esteve/self-driving-ND/CarND-Behavioral-Cloning-P3/data_hard/IMG/left_2017_04_28_18_28_08_023.jpg,/home/esteve/self-driving-ND/CarND-Behavioral-Cloning-P3/data_hard/IMG/right_2017_04_28_18_28_08_023.jpg,-0.03007519,0.0004556179,0,19.5759
/home/esteve/self-driving-ND/CarND-Behavioral-Cloning-P3/data_hard/IMG/center_2017_04_28_18_28_08_096.jpg,/home/esteve/self-driving-ND/CarND-Behavioral-Cloning-P3/data_hard/IMG/left_2017_04_28_18_28_08_096.jpg,/home/esteve/self-driving-ND/CarND-Behavioral-Cloning-P3/data_hard/IMG/right_2017_04_28_18_28_08_096.jpg,-0.05263158,0,0,19.07316
/home/esteve/self-driving-ND/CarND-Behavioral-Cloning-P3/data_hard/IMG/center_2017_04_28_18_28_08_167.jpg,/home/esteve/self-driving-ND/CarND-Behavioral-Cloning-P3/data_hard/IMG/left_2017_04_28_18_28_08_167.jpg,/home/esteve/self-driving-ND/CarND-Behavioral-Cloning-P3/data_hard/IMG/right_2017_04_28_18_28_08_167.jpg,-0.04511278,0.1429353,0,18.95884
/home/esteve/self-driving-ND/CarND-Behavioral-Cloning-P3/data_hard/IMG/center_2017_04_28_18_28_08_241.jpg,/home/esteve/self-driving-ND/CarND-Behavioral-Cloning-P3/data_hard/IMG/left_2017_04_28_18_28_08_241.jpg,/home/esteve/self-driving-ND/CarND-Behavioral-Cloning-P3/data_hard/IMG/right_2017_04_28_18_28_08_241.jpg,0.04511278,0.22809,0,19.41277
/home/esteve/self-driving-ND/CarND-Behavioral-Cloning-P3/data_hard/IMG/center_2017_04_28_18_28_08_312.jpg,/home/esteve/self-driving-ND/CarND-Behavioral-Cloning-P3/data_hard/IMG/left_2017_04_28_18_28_08_312.jpg,/home/esteve/self-driving-ND/CarND-Behavioral-Cloning-P3/data_hard/IMG/right_2017_04_28_18_28_08_312.jpg,0.1203007,0.0137043,0,19.38597
/home/esteve/self-driving-ND/CarND-Behavioral-Cloning-P3/data_hard/IMG/center_2017_04_28_18_28_08_386.jpg,/home/esteve/self-driving-ND/CarND-Behavioral-Cloning-P3/data_hard/IMG/left_2017_04_28_18_28_08_386.jpg,/home/esteve/self-driving-ND/CarND-Behavioral-Cloning-P3/data_hard/IMG/right_2017_04_28_18_28_08_386.jpg,0.1954887,0,0,19.22811
/home/esteve/self-driving-ND/CarND-Behavioral-Cloning-P3/data_hard/IMG/center_2017_04_28_18_28_08_465.jpg,/home/esteve/self-driving-ND/CarND-Behavioral-Cloning-P3/data_hard/IMG/left_2017_04_28_18_28_08_465.jpg,/home/esteve/self-driving-ND/CarND-Behavioral-Cloning-P3/data_hard/IMG/right_2017_04_28_18_28_08_465.jpg,0.2932331,0,0,19.0585
/home/esteve/self-driving-ND/CarND-Behavioral-Cloning-P3/data_hard/IMG/center_2017_04_28_18_28_08_535.jpg,/home/esteve/self-driving-ND/CarND-Behavioral-Cloning-P3/data_hard/IMG/left_2017_04_28_18_28_08_535.jpg,/home/esteve/self-driving-ND/CarND-Behavioral-Cloning-P3/data_hard/IMG/right_2017_04_28_18_28_08_535.jpg,0.368421,0,0,18.44678
/home/esteve/self-driving-ND/CarND-Behavioral-Cloning-P3/data_hard/IMG/center_2017_04_28_18_28_08_609.jpg,/home/esteve/self-driving-ND/CarND-Behavioral-Cloning-P3/data_hard/IMG/left_2017_04_28_18_28_08_609.jpg,/home/esteve/self-driving-ND/CarND-Behavioral-Cloning-P3/data_hard/IMG/right_2017_04_28_18_28_08_609.jpg,0.368421,0,0,18.25852
/home/esteve/self-driving-ND/CarND-Behavioral-Cloning-P3/data_hard/IMG/center_2017_04_28_18_28_08_685.jpg,/home/esteve/self-driving-ND/CarND-Behavioral-Cloning-P3/data_hard/IMG/left_2017_04_28_18_28_08_685.jpg,/home/esteve/self-driving-ND/CarND-Behavioral-Cloning-P3/data_hard/IMG/right_2017_04_28_18_28_08_685.jpg,0.3458647,0,0,18.09691
/home/esteve/self-driving-ND/CarND-Behavioral-Cloning-P3/data_hard/IMG/center_2017_04_28_18_28_08_759.jpg,/home/esteve/self-driving-ND/CarND-Behavioral-Cloning-P3/data_hard/IMG/left_2017_04_28_18_28_08_759.jpg,/home/esteve/self-driving-ND/CarND-Behavioral-Cloning-P3/data_hard/IMG/right_2017_04_28_18_28_08_759.jpg,0.2857143,0,0,18.48095
/home/esteve/self-driving-ND/CarND-Behavioral-Cloning-P3/data_hard/IMG/center_2017_04_28_18_28_08_829.jpg,/home/esteve/self-driving-ND/CarND-Behavioral-Cloning-P3/data_hard/IMG/left_2017_04_28_18_28_08_829.jpg,/home/esteve/self-driving-ND/CarND-Behavioral-Cloning-P3/data_hard/IMG/right_2017_04_28_18_28_08_829.jpg,0.1804511,0.06910801,0,18.34289
/home/esteve/self-driving-ND/CarND-Behavioral-Cloning-P3/data_hard/IMG/center_2017_04_28_18_28_08_903.jpg,/home/esteve/self-driving-ND/CarND-Behavioral-Cloning-P3/data_hard/IMG/left_2017_04_28_18_28_08_903.jpg,/home/esteve/self-driving-ND/CarND-Behavioral-Cloning-P3/data_hard/IMG/right_2017_04_28_18_28_08_903.jpg,0.05263158,0.2899168,0,18.36719
/home/esteve/self-driving-ND/CarND-Behavioral-Cloning-P3/data_hard/IMG/center_2017_04_28_18_28_08_971.jpg,/home/esteve/self-driving-ND/CarND-Behavioral-Cloning-P3/data_hard/IMG/left_2017_04_28_18_28_08_971.jpg,/home/esteve/self-driving-ND/CarND-Behavioral-Cloning-P3/data_hard/IMG/right_2017_04_28_18_28_08_971.jpg,0.05263158,0.216759,0,18.0725
/home/esteve/self-driving-ND/CarND-Behavioral-Cloning-P3/data_hard/IMG/center_2017_04_28_18_28_09_044.jpg,/home/esteve/self-driving-ND/CarND-Behavioral-Cloning-P3/data_hard/IMG/left_2017_04_28_18_28_09_044.jpg,/home/esteve/self-driving-ND/CarND-Behavioral-Cloning-P3/data_hard/IMG/right_2017_04_28_18_28_09_044.jpg,0.05263158,0,0,17.95218
/home/esteve/self-driving-ND/CarND-Behavioral-Cloning-P3/data_hard/IMG/center_2017_04_28_18_28_09_119.jpg,/home/esteve/self-driving-ND/CarND-Behavioral-Cloning-P3/data_hard/IMG/left_2017_04_28_18_28_09_119.jpg,/home/esteve/self-driving-ND/CarND-Behavioral-Cloning-P3/data_hard/IMG/right_2017_04_28_18_28_09_119.jpg,0.09022556,0,0,18.33731
/home/esteve/self-driving-ND/CarND-Behavioral-Cloning-P3/data_hard/IMG/center_2017_04_28_18_28_09_194.jpg,/home/esteve/self-driving-ND/CarND-Behavioral-Cloning-P3/data_hard/IMG/left_2017_04_28_18_28_09_194.jpg,/home/esteve/self-driving-ND/CarND-Behavioral-Cloning-P3/data_hard/IMG/right_2017_04_28_18_28_09_194.jpg,0.1203007,0,0,18.19258
/home/esteve/self-driving-ND/CarND-Behavioral-Cloning-P3/data_hard/IMG/center_2017_04_28_18_28_09_262.jpg,/home/esteve/self-driving-ND/CarND-Behavioral-Cloning-P3/data_hard/IMG/left_2017_04_28_18_28_09_262.jpg,/home/esteve/self-driving-ND/CarND-Behavioral-Cloning-P3/data_hard/IMG/right_2017_04_28_18_28_09_262.jpg,0.3834586,0,0,17.96975
/home/esteve/self-driving-ND/CarND-Behavioral-Cloning-P3/data_hard/IMG/center_2017_04_28_18_28_09_336.jpg,/home/esteve/self-driving-ND/CarND-Behavioral-Cloning-P3/data_hard/IMG/left_2017_04_28_18_28_09_336.jpg,/home/esteve/self-driving-ND/CarND-Behavioral-Cloning-P3/data_hard/IMG/right_2017_04_28_18_28_09_336.jpg,0.4511278,0,0,17.33786
/home/esteve/self-driving-ND/CarND-Behavioral-Cloning-P3/data_hard/IMG/center_2017_04_28_18_28_09_404.jpg,/home/esteve/self-driving-ND/CarND-Behavioral-Cloning-P3/data_hard/IMG/left_2017_04_28_18_28_09_404.jpg,/home/esteve/self-driving-ND/CarND-Behavioral-Cloning-P3/data_hard/IMG/right_2017_04_28_18_28_09_404.jpg,0.518797,0,0,17.12649
/home/esteve/self-driving-ND/CarND-Behavioral-Cloning-P3/data_hard/IMG/center_2017_04_28_18_28_09_484.jpg,/home/esteve/self-driving-ND/CarND-Behavioral-Cloning-P3/data_hard/IMG/left_2017_04_28_18_28_09_484.jpg,/home/esteve/self-driving-ND/CarND-Behavioral-Cloning-P3/data_hard/IMG/right_2017_04_28_18_28_09_484.jpg,0.518797,0.07672477,0,17.50303
/home/esteve/self-driving-ND/CarND-Behavioral-Cloning-P3/data_hard/IMG/center_2017_04_28_18_28_09_546.jpg,/home/esteve/self-driving-ND/CarND-Behavioral-Cloning-P3/data_hard/IMG/left_2017_04_28_18_28_09_546.jpg,/home/esteve/self-driving-ND/CarND-Behavioral-Cloning-P3/data_hard/IMG/right_2017_04_28_18_28_09_546.jpg,0.518797,0.01777482,0,17.42169
/home/esteve/self-driving-ND/CarND-Behavioral-Cloning-P3/data_hard/IMG/center_2017_04_28_18_28_09_640.jpg,/home/esteve/self-driving-ND/CarND-Behavioral-Cloning-P3/data_hard/IMG/left_2017_04_28_18_28_09_640.jpg,/home/esteve/self-driving-ND/CarND-Behavioral-Cloning-P3/data_hard/IMG/right_2017_04_28_18_28_09_640.jpg,-0.1278196,0,0,17.20964
/home/esteve/self-driving-ND/CarND-Behavioral-Cloning-P3/data_hard/IMG/center_2017_04_28_18_28_09_711.jpg,/home/esteve/self-driving-ND/CarND-Behavioral-Cloning-P3/data_hard/IMG/left_2017_04_28_18_28_09_711.jpg,/home/esteve/self-driving-ND/CarND-Behavioral-Cloning-P3/data_hard/IMG/right_2017_04_28_18_28_09_711.jpg,-0.2556391,0,0,16.97315
/home/esteve/self-driving-ND/CarND-Behavioral-Cloning-P3/data_hard/IMG/center_2017_04_28_18_28_09_783.jpg,/home/esteve/self-driving-ND/CarND-Behavioral-Cloning-P3/data_hard/IMG/left_2017_04_28_18_28_09_783.jpg,/home/esteve/self-driving-ND/CarND-Behavioral-Cloning-P3/data_hard/IMG/right_2017_04_28_18_28_09_783.jpg,-0.3533835,0,0,16.75901
/home/esteve/self-driving-ND/CarND-Behavioral-Cloning-P3/data_hard/IMG/center_2017_04_28_18_28_09_853.jpg,/home/esteve/self-driving-ND/CarND-Behavioral-Cloning-P3/data_hard/IMG/left_2017_04_28_18_28_09_853.jpg,/home/esteve/self-driving-ND/CarND-Behavioral-Cloning-P3/data_hard/IMG/right_2017_04_28_18_28_09_853.jpg,-0.4135338,0,0,16.09549
/home/esteve/self-driving-ND/CarND-Behavioral-Cloning-P3/data_hard/IMG/center_2017_04_28_18_28_09_925.jpg,/home/esteve/self-driving-ND/CarND-Behavioral-Cloning-P3/data_hard/IMG/left_2017_04_28_18_28_09_925.jpg,/home/esteve/self-driving-ND/CarND-Behavioral-Cloning-P3/data_hard/IMG/right_2017_04_28_18_28_09_925.jpg,-0.4887218,0,0,15.88211
/home/esteve/self-driving-ND/CarND-Behavioral-Cloning-P3/data_hard/IMG/center_2017_04_28_18_28_10_002.jpg,/home/esteve/self-driving-ND/CarND-Behavioral-Cloning-P3/data_hard/IMG/left_2017_04_28_18_28_10_002.jpg,/home/esteve/self-driving-ND/CarND-Behavioral-Cloning-P3/data_hard/IMG/right_2017_04_28_18_28_10_002.jpg,-0.5037594,0,0,16.29376
/home/esteve/self-driving-ND/CarND-Behavioral-Cloning-P3/data_hard/IMG/center_2017_04_28_18_28_10_091.jpg,/home/esteve/self-driving-ND/CarND-Behavioral-Cloning-P3/data_hard/IMG/left_2017_04_28_18_28_10_091.jpg,/home/esteve/self-driving-ND/CarND-Behavioral-Cloning-P3/data_hard/IMG/right_2017_04_28_18_28_10_091.jpg,-0.518797,0,0,15.57175
/home/esteve/self-driving-ND/CarND-Behavioral-Cloning-P3/data_hard/IMG/center_2017_04_28_18_28_10_162.jpg,/home/esteve/self-driving-ND/CarND-Behavioral-Cloning-P3/data_hard/IMG/left_2017_04_28_18_28_10_162.jpg,/home/esteve/self-driving-ND/CarND-Behavioral-Cloning-P3/data_hard/IMG/right_2017_04_28_18_28_10_162.jpg,-0.518797,0,0,16.01432
/home/esteve/self-driving-ND/CarND-Behavioral-Cloning-P3/data_hard/IMG/center_2017_04_28_18_28_10_221.jpg,/home/esteve/self-driving-ND/CarND-Behavioral-Cloning-P3/data_hard/IMG/left_2017_04_28_18_28_10_221.jpg,/home/esteve/self-driving-ND/CarND-Behavioral-Cloning-P3/data_hard/IMG/right_2017_04_28_18_28_10_221.jpg,-0.518797,0.1447084,0,15.38305
/home/esteve/self-driving-ND/CarND-Behavioral-Cloning-P3/data_hard/IMG/center_2017_04_28_18_28_10_313.jpg,/home/esteve/self-driving-ND/CarND-Behavioral-Cloning-P3/data_hard/IMG/left_2017_04_28_18_28_10_313.jpg,/home/esteve/self-driving-ND/CarND-Behavioral-Cloning-P3/data_hard/IMG/right_2017_04_28_18_28_10_313.jpg,-0.481203,0.140703,0,16.0393
/home/esteve/self-driving-ND/CarND-Behavioral-Cloning-P3/data_hard/IMG/center_2017_04_28_18_28_10_381.jpg,/home/esteve/self-driving-ND/CarND-Behavioral-Cloning-P3/data_hard/IMG/left_2017_04_28_18_28_10_381.jpg,/home/esteve/self-driving-ND/CarND-Behavioral-Cloning-P3/data_hard/IMG/right_2017_04_28_18_28_10_381.jpg,-0.4736842,0,0,15.46146
/home/esteve/self-driving-ND/CarND-Behavioral-Cloning-P3/data_hard/IMG/center_2017_04_28_18_28_10_482.jpg,/home/esteve/self-driving-ND/CarND-Behavioral-Cloning-P3/data_hard/IMG/left_2017_04_28_18_28_10_482.jpg,/home/esteve/self-driving-ND/CarND-Behavioral-Cloning-P3/data_hard/IMG/right_2017_04_28_18_28_10_482.jpg,-0.4736842,0.2122772,0,15.90154
/home/esteve/self-driving-ND/CarND-Behavioral-Cloning-P3/data_hard/IMG/center_2017_04_28_18_28_10_551.jpg,/home/esteve/self-driving-ND/CarND-Behavioral-Cloning-P3/data_hard/IMG/left_2017_04_28_18_28_10_551.jpg,/home/esteve/self-driving-ND/CarND-Behavioral-Cloning-P3/data_hard/IMG/right_2017_04_28_18_28_10_551.jpg,-0.4736842,0.4278266,0,16.08228
/home/esteve/self-driving-ND/CarND-Behavioral-Cloning-P3/data_hard/IMG/center_2017_04_28_18_28_10_634.jpg,/home/esteve/self-driving-ND/CarND-Behavioral-Cloning-P3/data_hard/IMG/left_2017_04_28_18_28_10_634.jpg,/home/esteve/self-driving-ND/CarND-Behavioral-Cloning-P3/data_hard/IMG/right_2017_04_28_18_28_10_634.jpg,-0.4736842,0.6991138,0,16.46646
/home/esteve/self-driving-ND/CarND-Behavioral-Cloning-P3/data_hard/IMG/center_2017_04_28_18_28_10_705.jpg,/home/esteve/self-driving-ND/CarND-Behavioral-Cloning-P3/data_hard/IMG/left_2017_04_28_18_28_10_705.jpg,/home/esteve/self-driving-ND/CarND-Behavioral-Cloning-P3/data_hard/IMG/right_2017_04_28_18_28_10_705.jpg,-0.4736842,0.4849591,0,16.90688
/home/esteve/self-driving-ND/CarND-Behavioral-Cloning-P3/data_hard/IMG/center_2017_04_28_18_28_10_796.jpg,/home/esteve/self-driving-ND/CarND-Behavioral-Cloning-P3/data_hard/IMG/left_2017_04_28_18_28_10_796.jpg,/home/esteve/self-driving-ND/CarND-Behavioral-Cloning-P3/data_hard/IMG/right_2017_04_28_18_28_10_796.jpg,-0.4736842,0.2115476,0,17.12948
/home/esteve/self-driving-ND/CarND-Behavioral-Cloning-P3/data_hard/IMG/center_2017_04_28_18_28_10_882.jpg,/home/esteve/self-driving-ND/CarND-Behavioral-Cloning-P3/data_hard/IMG/left_2017_04_28_18_28_10_882.jpg,/home/esteve/self-driving-ND/CarND-Behavioral-Cloning-P3/data_hard/IMG/right_2017_04_28_18_28_10_882.jpg,-0.4736842,0,0,16.54922
/home/esteve/self-driving-ND/CarND-Behavioral-Cloning-P3/data_hard/IMG/center_2017_04_28_18_28_10_951.jpg,/home/esteve/self-driving-ND/CarND-Behavioral-Cloning-P3/data_hard/IMG/left_2017_04_28_18_28_10_951.jpg,/home/esteve/self-driving-ND/CarND-Behavioral-Cloning-P3/data_hard/IMG/right_2017_04_28_18_28_10_951.jpg,-0.4736842,0.206568,0,17.01117
/home/esteve/self-driving-ND/CarND-Behavioral-Cloning-P3/data_hard/IMG/center_2017_04_28_18_28_11_036.jpg,/home/esteve/self-driving-ND/CarND-Behavioral-Cloning-P3/data_hard/IMG/left_2017_04_28_18_28_11_036.jpg,/home/esteve/self-driving-ND/CarND-Behavioral-Cloning-P3/data_hard/IMG/right_2017_04_28_18_28_11_036.jpg,-0.4736842,0.4613156,0,17.17259
/home/esteve/self-driving-ND/CarND-Behavioral-Cloning-P3/data_hard/IMG/center_2017_04_28_18_28_11_134.jpg,/home/esteve/self-driving-ND/CarND-Behavioral-Cloning-P3/data_hard/IMG/left_2017_04_28_18_28_11_134.jpg,/home/esteve/self-driving-ND/CarND-Behavioral-Cloning-P3/data_hard/IMG/right_2017_04_28_18_28_11_134.jpg,-0.368421,0.1879492,0,17.02163
/home/esteve/self-driving-ND/CarND-Behavioral-Cloning-P3/data_hard/IMG/center_2017_04_28_18_28_11_203.jpg,/home/esteve/self-driving-ND/CarND-Behavioral-Cloning-P3/data_hard/IMG/left_2017_04_28_18_28_11_203.jpg,/home/esteve/self-driving-ND/CarND-Behavioral-Cloning-P3/data_hard/IMG/right_2017_04_28_18_28_11_203.jpg,-0.3157895,0,0,17.44285
/home/esteve/self-driving-ND/CarND-Behavioral-Cloning-P3/data_hard/IMG/center_2017_04_28_18_28_11_290.jpg,/home/esteve/self-driving-ND/CarND-Behavioral-Cloning-P3/data_hard/IMG/left_2017_04_28_18_28_11_290.jpg,/home/esteve/self-driving-ND/CarND-Behavioral-Cloning-P3/data_hard/IMG/right_2017_04_28_18_28_11_290.jpg,-0.3157895,0.1192052,0,16.79825
/home/esteve/self-driving-ND/CarND-Behavioral-Cloning-P3/data_hard/IMG/center_2017_04_28_18_28_11_373.jpg,/home/esteve/self-driving-ND/CarND-Behavioral-Cloning-P3/data_hard/IMG/left_2017_04_28_18_28_11_373.jpg,/home/esteve/self-driving-ND/CarND-Behavioral-Cloning-P3/data_hard/IMG/right_2017_04_28_18_28_11_373.jpg,-0.3157895,0.1054916,0,16.86631
/home/esteve/self-driving-ND/CarND-Behavioral-Cloning-P3/data_hard/IMG/center_2017_04_28_18_28_11_458.jpg,/home/esteve/self-driving-ND/CarND-Behavioral-Cloning-P3/data_hard/IMG/left_2017_04_28_18_28_11_458.jpg,/home/esteve/self-driving-ND/CarND-Behavioral-Cloning-P3/data_hard/IMG/right_2017_04_28_18_28_11_458.jpg,-0.3157895,0.05803156,0,16.72595
/home/esteve/self-driving-ND/CarND-Behavioral-Cloning-P3/data_hard/IMG/center_2017_04_28_18_28_11_549.jpg,/home/esteve/self-driving-ND/CarND-Behavioral-Cloning-P3/data_hard/IMG/left_2017_04_28_18_28_11_549.jpg,/home/esteve/self-driving-ND/CarND-Behavioral-Cloning-P3/data_hard/IMG/right_2017_04_28_18_28_11_549.jpg,-0.3157895,0.3309717,0,17.28182
/home/esteve/self-driving-ND/CarND-Behavioral-Cloning-P3/data_hard/IMG/center_2017_04_28_18_28_11_623.jpg,/home/esteve/self-driving-ND/CarND-Behavioral-Cloning-P3/data_hard/IMG/left_2017_04_28_18_28_11_623.jpg,/home/esteve/self-driving-ND/CarND-Behavioral-Cloning-P3/data_hard/IMG/right_2017_04_28_18_28_11_623.jpg,-0.3157895,0.5538597,0,17.56506
/home/esteve/self-driving-ND/CarND-Behavioral-Cloning-P3/data_hard/IMG/center_2017_04_28_18_28_11_705.jpg,/home/esteve/self-driving-ND/CarND-Behavioral-Cloning-P3/data_hard/IMG/left_2017_04_28_18_28_11_705.jpg,/home/esteve/self-driving-ND/CarND-Behavioral-Cloning-P3/data_hard/IMG/right_2017_04_28_18_28_11_705.jpg,-0.3308271,0.3074033,0,17.81856
/home/esteve/self-driving-ND/CarND-Behavioral-Cloning-P3/data_hard/IMG/center_2017_04_28_18_28_11_793.jpg,/home/esteve/self-driving-ND/CarND-Behavioral-Cloning-P3/data_hard/IMG/left_2017_04_28_18_28_11_793.jpg,/home/esteve/self-driving-ND/CarND-Behavioral-Cloning-P3/data_hard/IMG/right_2017_04_28_18_28_11_793.jpg,-0.4135338,0.04283023,0,17.86338
/home/esteve/self-driving-ND/CarND-Behavioral-Cloning-P3/data_hard/IMG/center_2017_04_28_18_28_11_879.jpg,/home/esteve/self-driving-ND/CarND-Behavioral-Cloning-P3/data_hard/IMG/left_2017_04_28_18_28_11_879.jpg,/home/esteve/self-driving-ND/CarND-Behavioral-Cloning-P3/data_hard/IMG/right_2017_04_28_18_28_11_879.jpg,-0.4210526,0.07051206,0,17.72302
/home/esteve/self-driving-ND/CarND-Behavioral-Cloning-P3/data_hard/IMG/center_2017_04_28_18_28_11_950.jpg,/home/esteve/self-driving-ND/CarND-Behavioral-Cloning-P3/data_hard/IMG/left_2017_04_28_18_28_11_950.jpg,/home/esteve/self-driving-ND/CarND-Behavioral-Cloning-P3/data_hard/IMG/right_2017_04_28_18_28_11_950.jpg,-0.3984962,0.2819338,0,17.70579
/home/esteve/self-driving-ND/CarND-Behavioral-Cloning-P3/data_hard/IMG/center_2017_04_28_18_28_12_037.jpg,/home/esteve/self-driving-ND/CarND-Behavioral-Cloning-P3/data_hard/IMG/left_2017_04_28_18_28_12_037.jpg,/home/esteve/self-driving-ND/CarND-Behavioral-Cloning-P3/data_hard/IMG/right_2017_04_28_18_28_12_037.jpg,-0.3157895,0.5428977,0,17.94302
/home/esteve/self-driving-ND/CarND-Behavioral-Cloning-P3/data_hard/IMG/center_2017_04_28_18_28_12_121.jpg,/home/esteve/self-driving-ND/CarND-Behavioral-Cloning-P3/data_hard/IMG/left_2017_04_28_18_28_12_121.jpg,/home/esteve/self-driving-ND/CarND-Behavioral-Cloning-P3/data_hard/IMG/right_2017_04_28_18_28_12_121.jpg,-0.2105263,0.2912636,0,18.22837
/home/esteve/self-driving-ND/CarND-Behavioral-Cloning-P3/data_hard/IMG/center_2017_04_28_18_28_12_209.jpg,/home/esteve/self-driving-ND/CarND-Behavioral-Cloning-P3/data_hard/IMG/left_2017_04_28_18_28_12_209.jpg,/home/esteve/self-driving-ND/CarND-Behavioral-Cloning-P3/data_hard/IMG/right_2017_04_28_18_28_12_209.jpg,-0.1954887,0.02727842,0,17.84986
/home/esteve/self-driving-ND/CarND-Behavioral-Cloning-P3/data_hard/IMG/center_2017_04_28_18_28_12_291.jpg,/home/esteve/self-driving-ND/CarND-Behavioral-Cloning-P3/data_hard/IMG/left_2017_04_28_18_28_12_291.jpg,/home/esteve/self-driving-ND/CarND-Behavioral-Cloning-P3/data_hard/IMG/right_2017_04_28_18_28_12_291.jpg,-0.1954887,0.1833658,0,17.75266
/home/esteve/self-driving-ND/CarND-Behavioral-Cloning-P3/data_hard/IMG/center_2017_04_28_18_28_12_376.jpg,/home/esteve/self-driving-ND/CarND-Behavioral-Cloning-P3/data_hard/IMG/left_2017_04_28_18_28_12_376.jpg,/home/esteve/self-driving-ND/CarND-Behavioral-Cloning-P3/data_hard/IMG/right_2017_04_28_18_28_12_376.jpg,-0.1954887,0.437484,0,17.95825
/home/esteve/self-driving-ND/CarND-Behavioral-Cloning-P3/data_hard/IMG/center_2017_04_28_18_28_12_461.jpg,/home/esteve/self-driving-ND/CarND-Behavioral-Cloning-P3/data_hard/IMG/left_2017_04_28_18_28_12_461.jpg,/home/esteve/self-driving-ND/CarND-Behavioral-Cloning-P3/data_hard/IMG/right_2017_04_28_18_28_12_461.jpg,-0.2330827,0.1837678,0,18.10053
/home/esteve/self-driving-ND/CarND-Behavioral-Cloning-P3/data_hard/IMG/center_2017_04_28_18_28_12_549.jpg,/home/esteve/self-driving-ND/CarND-Behavioral-Cloning-P3/data_hard/IMG/left_2017_04_28_18_28_12_549.jpg,/home/esteve/self-driving-ND/CarND-Behavioral-Cloning-P3/data_hard/IMG/right_2017_04_28_18_28_12_549.jpg,-0.3308271,0.3019774,0,18.50075
/home/esteve/self-driving-ND/CarND-Behavioral-Cloning-P3/data_hard/IMG/center_2017_04_28_18_28_12_635.jpg,/home/esteve/self-driving-ND/CarND-Behavioral-Cloning-P3/data_hard/IMG/left_2017_04_28_18_28_12_635.jpg,/home/esteve/self-driving-ND/CarND-Behavioral-Cloning-P3/data_hard/IMG/right_2017_04_28_18_28_12_635.jpg,-0.3458647,0.4168532,0,18.7195
/home/esteve/self-driving-ND/CarND-Behavioral-Cloning-P3/data_hard/IMG/center_2017_04_28_18_28_12_705.jpg,/home/esteve/self-driving-ND/CarND-Behavioral-Cloning-P3/data_hard/IMG/left_2017_04_28_18_28_12_705.jpg,/home/esteve/self-driving-ND/CarND-Behavioral-Cloning-P3/data_hard/IMG/right_2017_04_28_18_28_12_705.jpg,-0.3458647,0.2074385,0,18.86383
/home/esteve/self-driving-ND/CarND-Behavioral-Cloning-P3/data_hard/IMG/center_2017_04_28_18_28_12_808.jpg,/home/esteve/self-driving-ND/CarND-Behavioral-Cloning-P3/data_hard/IMG/left_2017_04_28_18_28_12_808.jpg,/home/esteve/self-driving-ND/CarND-Behavioral-Cloning-P3/data_hard/IMG/right_2017_04_28_18_28_12_808.jpg,-0.3458647,0.1563606,0,18.38884
/home/esteve/self-driving-ND/CarND-Behavioral-Cloning-P3/data_hard/IMG/center_2017_04_28_18_28_12_878.jpg,/home/esteve/self-driving-ND/CarND-Behavioral-Cloning-P3/data_hard/IMG/left_2017_04_28_18_28_12_878.jpg,/home/esteve/self-driving-ND/CarND-Behavioral-Cloning-P3/data_hard/IMG/right_2017_04_28_18_28_12_878.jpg,-0.3458647,0.09202337,0,18.82001
/home/esteve/self-driving-ND/CarND-Behavioral-Cloning-P3/data_hard/IMG/center_2017_04_28_18_28_12_946.jpg,/home/esteve/self-driving-ND/CarND-Behavioral-Cloning-P3/data_hard/IMG/left_2017_04_28_18_28_12_946.jpg,/home/esteve/self-driving-ND/CarND-Behavioral-Cloning-P3/data_hard/IMG/right_2017_04_28_18_28_12_946.jpg,-0.3157895,0,0,18.70435
/home/esteve/self-driving-ND/CarND-Behavioral-Cloning-P3/data_hard/IMG/center_2017_04_28_18_28_13_034.jpg,/home/esteve/self-driving-ND/CarND-Behavioral-Cloning-P3/data_hard/IMG/left_2017_04_28_18_28_13_034.jpg,/home/esteve/self-driving-ND/CarND-Behavioral-Cloning-P3/data_hard/IMG/right_2017_04_28_18_28_13_034.jpg,-0.2255639,0.06668115,0,18.56841
/home/esteve/self-driving-ND/CarND-Behavioral-Cloning-P3/data_hard/IMG/center_2017_04_28_18_28_13_120.jpg,/home/esteve/self-driving-ND/CarND-Behavioral-Cloning-P3/data_hard/IMG/left_2017_04_28_18_28_13_120.jpg,/home/esteve/self-driving-ND/CarND-Behavioral-Cloning-P3/data_hard/IMG/right_2017_04_28_18_28_13_120.jpg,-0.2255639,0.3260307,0,18.58465
/home/esteve/self-driving-ND/CarND-Behavioral-Cloning-P3/data_hard/IMG/center_2017_04_28_18_28_13_189.jpg,/home/esteve/self-driving-ND/CarND-Behavioral-Cloning-P3/data_hard/IMG/left_2017_04_28_18_28_13_189.jpg,/home/esteve/self-driving-ND/CarND-Behavioral-Cloning-P3/data_hard/IMG/right_2017_04_28_18_28_13_189.jpg,-0.2255639,0.5328033,0,18.84271
/home/esteve/self-driving-ND/CarND-Behavioral-Cloning-P3/data_hard/IMG/center_2017_04_28_18_28_13_263.jpg,/home/esteve/self-driving-ND/CarND-Behavioral-Cloning-P3/data_hard/IMG/left_2017_04_28_18_28_13_263.jpg,/home/esteve/self-driving-ND/CarND-Behavioral-Cloning-P3/data_hard/IMG/right_2017_04_28_18_28_13_263.jpg,-0.3157895,0.7528982,0,19.30083
/home/esteve/self-driving-ND/CarND-Behavioral-Cloning-P3/data_hard/IMG/center_2017_04_28_18_28_13_330.jpg,/home/esteve/self-driving-ND/CarND-Behavioral-Cloning-P3/data_hard/IMG/left_2017_04_28_18_28_13_330.jpg,/home/esteve/self-driving-ND/CarND-Behavioral-Cloning-P3/data_hard/IMG/right_2017_04_28_18_28_13_330.jpg,-0.3984962,0.5512955,0,19.41273
/home/esteve/self-driving-ND/CarND-Behavioral-Cloning-P3/data_hard/IMG/center_2017_04_28_18_28_13_414.jpg,/home/esteve/self-driving-ND/CarND-Behavioral-Cloning-P3/data_hard/IMG/left_2017_04_28_18_28_13_414.jpg,/home/esteve/self-driving-ND/CarND-Behavioral-Cloning-P3/data_hard/IMG/right_2017_04_28_18_28_13_414.jpg,-0.406015,0.2983832,0,19.61253
/home/esteve/self-driving-ND/CarND-Behavioral-Cloning-P3/data_hard/IMG/center_2017_04_28_18_28_13_497.jpg,/home/esteve/self-driving-ND/CarND-Behavioral-Cloning-P3/data_hard/IMG/left_2017_04_28_18_28_13_497.jpg,/home/esteve/self-driving-ND/CarND-Behavioral-Cloning-P3/data_hard/IMG/right_2017_04_28_18_28_13_497.jpg,-0.406015,0.04946136,0,19.5908
/home/esteve/self-driving-ND/CarND-Behavioral-Cloning-P3/data_hard/IMG/center_2017_04_28_18_28_13_564.jpg,/home/esteve/self-driving-ND/CarND-Behavioral-Cloning-P3/data_hard/IMG/left_2017_04_28_18_28_13_564.jpg,/home/esteve/self-driving-ND/CarND-Behavioral-Cloning-P3/data_hard/IMG/right_2017_04_28_18_28_13_564.jpg,-0.406015,0.2505155,0,19.57736
/home/esteve/self-driving-ND/CarND-Behavioral-Cloning-P3/data_hard/IMG/center_2017_04_28_18_28_13_641.jpg,/home/esteve/self-driving-ND/CarND-Behavioral-Cloning-P3/data_hard/IMG/left_2017_04_28_18_28_13_641.jpg,/home/esteve/self-driving-ND/CarND-Behavioral-Cloning-P3/data_hard/IMG/right_2017_04_28_18_28_13_641.jpg,-0.406015,0.4786141,0,20.00447
/home/esteve/self-driving-ND/CarND-Behavioral-Cloning-P3/data_hard/IMG/center_2017_04_28_18_28_13_707.jpg,/home/esteve/self-driving-ND/CarND-Behavioral-Cloning-P3/data_hard/IMG/left_2017_04_28_18_28_13_707.jpg,/home/esteve/self-driving-ND/CarND-Behavioral-Cloning-P3/data_hard/IMG/right_2017_04_28_18_28_13_707.jpg,-0.406015,0.4355614,0,20.3372
/home/esteve/self-driving-ND/CarND-Behavioral-Cloning-P3/data_hard/IMG/center_2017_04_28_18_28_13_789.jpg,/home/esteve/self-driving-ND/CarND-Behavioral-Cloning-P3/data_hard/IMG/left_2017_04_28_18_28_13_789.jpg,/home/esteve/self-driving-ND/CarND-Behavioral-Cloning-P3/data_hard/IMG/right_2017_04_28_18_28_13_789.jpg,-0.406015,0.1877768,0,20.48793
/home/esteve/self-driving-ND/CarND-Behavioral-Cloning-P3/data_hard/IMG/center_2017_04_28_18_28_13_871.jpg,/home/esteve/self-driving-ND/CarND-Behavioral-Cloning-P3/data_hard/IMG/left_2017_04_28_18_28_13_871.jpg,/home/esteve/self-driving-ND/CarND-Behavioral-Cloning-P3/data_hard/IMG/right_2017_04_28_18_28_13_871.jpg,-0.406015,0,0,20.4169
/home/esteve/self-driving-ND/CarND-Behavioral-Cloning-P3/data_hard/IMG/center_2017_04_28_18_28_13_957.jpg,/home/esteve/self-driving-ND/CarND-Behavioral-Cloning-P3/data_hard/IMG/left_2017_04_28_18_28_13_957.jpg,/home/esteve/self-driving-ND/CarND-Behavioral-Cloning-P3/data_hard/IMG/right_2017_04_28_18_28_13_957.jpg,-0.406015,0,0,20.26229
/home/esteve/self-driving-ND/CarND-Behavioral-Cloning-P3/data_hard/IMG/center_2017_04_28_18_28_14_039.jpg,/home/esteve/self-driving-ND/CarND-Behavioral-Cloning-P3/data_hard/IMG/left_2017_04_28_18_28_14_039.jpg,/home/esteve/self-driving-ND/CarND-Behavioral-Cloning-P3/data_hard/IMG/right_2017_04_28_18_28_14_039.jpg,-0.2857143,0,0,20.11877
/home/esteve/self-driving-ND/CarND-Behavioral-Cloning-P3/data_hard/IMG/center_2017_04_28_18_28_14_125.jpg,/home/esteve/self-driving-ND/CarND-Behavioral-Cloning-P3/data_hard/IMG/left_2017_04_28_18_28_14_125.jpg,/home/esteve/self-driving-ND/CarND-Behavioral-Cloning-P3/data_hard/IMG/right_2017_04_28_18_28_14_125.jpg,-0.2330827,0,0,19.54785
/home/esteve/self-driving-ND/CarND-Behavioral-Cloning-P3/data_hard/IMG/center_2017_04_28_18_28_14_207.jpg,/home/esteve/self-driving-ND/CarND-Behavioral-Cloning-P3/data_hard/IMG/left_2017_04_28_18_28_14_207.jpg,/home/esteve/self-driving-ND/CarND-Behavioral-Cloning-P3/data_hard/IMG/right_2017_04_28_18_28_14_207.jpg,-0.1804511,0.1324439,0,19.42494
/home/esteve/self-driving-ND/CarND-Behavioral-Cloning-P3/data_hard/IMG/center_2017_04_28_18_28_14_289.jpg,/home/esteve/self-driving-ND/CarND-Behavioral-Cloning-P3/data_hard/IMG/left_2017_04_28_18_28_14_289.jpg,/home/esteve/self-driving-ND/CarND-Behavioral-Cloning-P3/data_hard/IMG/right_2017_04_28_18_28_14_289.jpg,-0.1804511,0.2366459,0,19.55046
/home/esteve/self-driving-ND/CarND-Behavioral-Cloning-P3/data_hard/IMG/center_2017_04_28_18_28_14_369.jpg,/home/esteve/self-driving-ND/CarND-Behavioral-Cloning-P3/data_hard/IMG/left_2017_04_28_18_28_14_369.jpg,/home/esteve/self-driving-ND/CarND-Behavioral-Cloning-P3/data_hard/IMG/right_2017_04_28_18_28_14_369.jpg,-0.1503759,0,0,19.48604
/home/esteve/self-driving-ND/CarND-Behavioral-Cloning-P3/data_hard/IMG/center_2017_04_28_18_28_14_449.jpg,/home/esteve/self-driving-ND/CarND-Behavioral-Cloning-P3/data_hard/IMG/left_2017_04_28_18_28_14_449.jpg,/home/esteve/self-driving-ND/CarND-Behavioral-Cloning-P3/data_hard/IMG/right_2017_04_28_18_28_14_449.jpg,-0.1503759,0.06979179,0,19.31268
/home/esteve/self-driving-ND/CarND-Behavioral-Cloning-P3/data_hard/IMG/center_2017_04_28_18_28_14_531.jpg,/home/esteve/self-driving-ND/CarND-Behavioral-Cloning-P3/data_hard/IMG/left_2017_04_28_18_28_14_531.jpg,/home/esteve/self-driving-ND/CarND-Behavioral-Cloning-P3/data_hard/IMG/right_2017_04_28_18_28_14_531.jpg,-0.1503759,0.1728144,0,19.36234
/home/esteve/self-driving-ND/CarND-Behavioral-Cloning-P3/data_hard/IMG/center_2017_04_28_18_28_14_613.jpg,/home/esteve/self-driving-ND/CarND-Behavioral-Cloning-P3/data_hard/IMG/left_2017_04_28_18_28_14_613.jpg,/home/esteve/self-driving-ND/CarND-Behavioral-Cloning-P3/data_hard/IMG/right_2017_04_28_18_28_14_613.jpg,-0.2105263,0,0,19.22858
/home/esteve/self-driving-ND/CarND-Behavioral-Cloning-P3/data_hard/IMG/center_2017_04_28_18_28_14_699.jpg,/home/esteve/self-driving-ND/CarND-Behavioral-Cloning-P3/data_hard/IMG/left_2017_04_28_18_28_14_699.jpg,/home/esteve/self-driving-ND/CarND-Behavioral-Cloning-P3/data_hard/IMG/right_2017_04_28_18_28_14_699.jpg,-0.2180451,0,0,19.05135
/home/esteve/self-driving-ND/CarND-Behavioral-Cloning-P3/data_hard/IMG/center_2017_04_28_18_28_14_780.jpg,/home/esteve/self-driving-ND/CarND-Behavioral-Cloning-P3/data_hard/IMG/left_2017_04_28_18_28_14_780.jpg,/home/esteve/self-driving-ND/CarND-Behavioral-Cloning-P3/data_hard/IMG/right_2017_04_28_18_28_14_780.jpg,-0.2180451,0,0,18.88096
/home/esteve/self-driving-ND/CarND-Behavioral-Cloning-P3/data_hard/IMG/center_2017_04_28_18_28_14_863.jpg,/home/esteve/self-driving-ND/CarND-Behavioral-Cloning-P3/data_hard/IMG/left_2017_04_28_18_28_14_863.jpg,/home/esteve/self-driving-ND/CarND-Behavioral-Cloning-P3/data_hard/IMG/right_2017_04_28_18_28_14_863.jpg,-0.06766918,0,0,19.13326
/home/esteve/self-driving-ND/CarND-Behavioral-Cloning-P3/data_hard/IMG/center_2017_04_28_18_28_14_948.jpg,/home/esteve/self-driving-ND/CarND-Behavioral-Cloning-P3/data_hard/IMG/left_2017_04_28_18_28_14_948.jpg,/home/esteve/self-driving-ND/CarND-Behavioral-Cloning-P3/data_hard/IMG/right_2017_04_28_18_28_14_948.jpg,0,0,0,18.9832
/home/esteve/self-driving-ND/CarND-Behavioral-Cloning-P3/data_hard/IMG/center_2017_04_28_18_28_15_029.jpg,/home/esteve/self-driving-ND/CarND-Behavioral-Cloning-P3/data_hard/IMG/left_2017_04_28_18_28_15_029.jpg,/home/esteve/self-driving-ND/CarND-Behavioral-Cloning-P3/data_hard/IMG/right_2017_04_28_18_28_15_029.jpg,0.02255639,0.1315234,0,18.84548
/home/esteve/self-driving-ND/CarND-Behavioral-Cloning-P3/data_hard/IMG/center_2017_04_28_18_28_15_111.jpg,/home/esteve/self-driving-ND/CarND-Behavioral-Cloning-P3/data_hard/IMG/left_2017_04_28_18_28_15_111.jpg,/home/esteve/self-driving-ND/CarND-Behavioral-Cloning-P3/data_hard/IMG/right_2017_04_28_18_28_15_111.jpg,0.06766918,0.3766294,0,18.90328
/home/esteve/self-driving-ND/CarND-Behavioral-Cloning-P3/data_hard/IMG/center_2017_04_28_18_28_15_191.jpg,/home/esteve/self-driving-ND/CarND-Behavioral-Cloning-P3/data_hard/IMG/left_2017_04_28_18_28_15_191.jpg,/home/esteve/self-driving-ND/CarND-Behavioral-Cloning-P3/data_hard/IMG/right_2017_04_28_18_28_15_191.jpg,0.112782,0.619365,0,19.18856
/home/esteve/self-driving-ND/CarND-Behavioral-Cloning-P3/data_hard/IMG/center_2017_04_28_18_28_15_272.jpg,/home/esteve/self-driving-ND/CarND-Behavioral-Cloning-P3/data_hard/IMG/left_2017_04_28_18_28_15_272.jpg,/home/esteve/self-driving-ND/CarND-Behavioral-Cloning-P3/data_hard/IMG/right_2017_04_28_18_28_15_272.jpg,0.112782,0.5981226,0,19.66609
/home/esteve/self-driving-ND/CarND-Behavioral-Cloning-P3/data_hard/IMG/center_2017_04_28_18_28_15_354.jpg,/home/esteve/self-driving-ND/CarND-Behavioral-Cloning-P3/data_hard/IMG/left_2017_04_28_18_28_15_354.jpg,/home/esteve/self-driving-ND/CarND-Behavioral-Cloning-P3/data_hard/IMG/right_2017_04_28_18_28_15_354.jpg,0.1203007,0.3492093,0,19.98883
/home/esteve/self-driving-ND/CarND-Behavioral-Cloning-P3/data_hard/IMG/center_2017_04_28_18_28_15_436.jpg,/home/esteve/self-driving-ND/CarND-Behavioral-Cloning-P3/data_hard/IMG/left_2017_04_28_18_28_15_436.jpg,/home/esteve/self-driving-ND/CarND-Behavioral-Cloning-P3/data_hard/IMG/right_2017_04_28_18_28_15_436.jpg,0.1203007,0.1055224,0,20.05808
/home/esteve/self-driving-ND/CarND-Behavioral-Cloning-P3/data_hard/IMG/center_2017_04_28_18_28_15_515.jpg,/home/esteve/self-driving-ND/CarND-Behavioral-Cloning-P3/data_hard/IMG/left_2017_04_28_18_28_15_515.jpg,/home/esteve/self-driving-ND/CarND-Behavioral-Cloning-P3/data_hard/IMG/right_2017_04_28_18_28_15_515.jpg,0.1203007,0,0,19.93354
/home/esteve/self-driving-ND/CarND-Behavioral-Cloning-P3/data_hard/IMG/center_2017_04_28_18_28_15_595.jpg,/home/esteve/self-driving-ND/CarND-Behavioral-Cloning-P3/data_hard/IMG/left_2017_04_28_18_28_15_595.jpg,/home/esteve/self-driving-ND/CarND-Behavioral-Cloning-P3/data_hard/IMG/right_2017_04_28_18_28_15_595.jpg,0.1804511,0,0,19.77763
/home/esteve/self-driving-ND/CarND-Behavioral-Cloning-P3/data_hard/IMG/center_2017_04_28_18_28_15_681.jpg,/home/esteve/self-driving-ND/CarND-Behavioral-Cloning-P3/data_hard/IMG/left_2017_04_28_18_28_15_681.jpg,/home/esteve/self-driving-ND/CarND-Behavioral-Cloning-P3/data_hard/IMG/right_2017_04_28_18_28_15_681.jpg,0.3007519,0.2581708,0,19.69837
/home/esteve/self-driving-ND/CarND-Behavioral-Cloning-P3/data_hard/IMG/center_2017_04_28_18_28_15_760.jpg,/home/esteve/self-driving-ND/CarND-Behavioral-Cloning-P3/data_hard/IMG/left_2017_04_28_18_28_15_760.jpg,/home/esteve/self-driving-ND/CarND-Behavioral-Cloning-P3/data_hard/IMG/right_2017_04_28_18_28_15_760.jpg,0.3233083,0.3766286,0,19.83411
/home/esteve/self-driving-ND/CarND-Behavioral-Cloning-P3/data_hard/IMG/center_2017_04_28_18_28_15_839.jpg,/home/esteve/self-driving-ND/CarND-Behavioral-Cloning-P3/data_hard/IMG/left_2017_04_28_18_28_15_839.jpg,/home/esteve/self-driving-ND/CarND-Behavioral-Cloning-P3/data_hard/IMG/right_2017_04_28_18_28_15_839.jpg,0.3308271,0.1405435,0,19.94523
/home/esteve/self-driving-ND/CarND-Behavioral-Cloning-P3/data_hard/IMG/center_2017_04_28_18_28_15_918.jpg,/home/esteve/self-driving-ND/CarND-Behavioral-Cloning-P3/data_hard/IMG/left_2017_04_28_18_28_15_918.jpg,/home/esteve/self-driving-ND/CarND-Behavioral-Cloning-P3/data_hard/IMG/right_2017_04_28_18_28_15_918.jpg,0.4285714,0,0,19.81806
/home/esteve/self-driving-ND/CarND-Behavioral-Cloning-P3/data_hard/IMG/center_2017_04_28_18_28_15_997.jpg,/home/esteve/self-driving-ND/CarND-Behavioral-Cloning-P3/data_hard/IMG/left_2017_04_28_18_28_15_997.jpg,/home/esteve/self-driving-ND/CarND-Behavioral-Cloning-P3/data_hard/IMG/right_2017_04_28_18_28_15_997.jpg,0.4736842,0,0,19.63604
/home/esteve/self-driving-ND/CarND-Behavioral-Cloning-P3/data_hard/IMG/center_2017_04_28_18_28_16_081.jpg,/home/esteve/self-driving-ND/CarND-Behavioral-Cloning-P3/data_hard/IMG/left_2017_04_28_18_28_16_081.jpg,/home/esteve/self-driving-ND/CarND-Behavioral-Cloning-P3/data_hard/IMG/right_2017_04_28_18_28_16_081.jpg,0.4736842,0,0,19.46524
/home/esteve/self-driving-ND/CarND-Behavioral-Cloning-P3/data_hard/IMG/center_2017_04_28_18_28_16_160.jpg,/home/esteve/self-driving-ND/CarND-Behavioral-Cloning-P3/data_hard/IMG/left_2017_04_28_18_28_16_160.jpg,/home/esteve/self-driving-ND/CarND-Behavioral-Cloning-P3/data_hard/IMG/right_2017_04_28_18_28_16_160.jpg,0.4736842,0.06026459,0,19.29843
/home/esteve/self-driving-ND/CarND-Behavioral-Cloning-P3/data_hard/IMG/center_2017_04_28_18_28_16_238.jpg,/home/esteve/self-driving-ND/CarND-Behavioral-Cloning-P3/data_hard/IMG/left_2017_04_28_18_28_16_238.jpg,/home/esteve/self-driving-ND/CarND-Behavioral-Cloning-P3/data_hard/IMG/right_2017_04_28_18_28_16_238.jpg,0.4736842,0.1484284,0,19.27581
/home/esteve/self-driving-ND/CarND-Behavioral-Cloning-P3/data_hard/IMG/center_2017_04_28_18_28_16_317.jpg,/home/esteve/self-driving-ND/CarND-Behavioral-Cloning-P3/data_hard/IMG/left_2017_04_28_18_28_16_317.jpg,/home/esteve/self-driving-ND/CarND-Behavioral-Cloning-P3/data_hard/IMG/right_2017_04_28_18_28_16_317.jpg,0.4736842,0,0,19.16128
/home/esteve/self-driving-ND/CarND-Behavioral-Cloning-P3/data_hard/IMG/center_2017_04_28_18_28_16_396.jpg,/home/esteve/self-driving-ND/CarND-Behavioral-Cloning-P3/data_hard/IMG/left_2017_04_28_18_28_16_396.jpg,/home/esteve/self-driving-ND/CarND-Behavioral-Cloning-P3/data_hard/IMG/right_2017_04_28_18_28_16_396.jpg,0.4736842,0.045717,0,19.00497
/home/esteve/self-driving-ND/CarND-Behavioral-Cloning-P3/data_hard/IMG/center_2017_04_28_18_28_16_480.jpg,/home/esteve/self-driving-ND/CarND-Behavioral-Cloning-P3/data_hard/IMG/left_2017_04_28_18_28_16_480.jpg,/home/esteve/self-driving-ND/CarND-Behavioral-Cloning-P3/data_hard/IMG/right_2017_04_28_18_28_16_480.jpg,0.3984962,0.1901636,0,18.99754
/home/esteve/self-driving-ND/CarND-Behavioral-Cloning-P3/data_hard/IMG/center_2017_04_28_18_28_16_559.jpg,/home/esteve/self-driving-ND/CarND-Behavioral-Cloning-P3/data_hard/IMG/left_2017_04_28_18_28_16_559.jpg,/home/esteve/self-driving-ND/CarND-Behavioral-Cloning-P3/data_hard/IMG/right_2017_04_28_18_28_16_559.jpg,0.2556391,0,0,18.95789
/home/esteve/self-driving-ND/CarND-Behavioral-Cloning-P3/data_hard/IMG/center_2017_04_28_18_28_16_641.jpg,/home/esteve/self-driving-ND/CarND-Behavioral-Cloning-P3/data_hard/IMG/left_2017_04_28_18_28_16_641.jpg,/home/esteve/self-driving-ND/CarND-Behavioral-Cloning-P3/data_hard/IMG/right_2017_04_28_18_28_16_641.jpg,0.2255639,0,0,18.82415
/home/esteve/self-driving-ND/CarND-Behavioral-Cloning-P3/data_hard/IMG/center_2017_04_28_18_28_16_724.jpg,/home/esteve/self-driving-ND/CarND-Behavioral-Cloning-P3/data_hard/IMG/left_2017_04_28_18_28_16_724.jpg,/home/esteve/self-driving-ND/CarND-Behavioral-Cloning-P3/data_hard/IMG/right_2017_04_28_18_28_16_724.jpg,0.1729323,0.05864096,0,18.18976
/home/esteve/self-driving-ND/CarND-Behavioral-Cloning-P3/data_hard/IMG/center_2017_04_28_18_28_16_803.jpg,/home/esteve/self-driving-ND/CarND-Behavioral-Cloning-P3/data_hard/IMG/left_2017_04_28_18_28_16_803.jpg,/home/esteve/self-driving-ND/CarND-Behavioral-Cloning-P3/data_hard/IMG/right_2017_04_28_18_28_16_803.jpg,0.1203007,0.294498,0,18.24939
/home/esteve/self-driving-ND/CarND-Behavioral-Cloning-P3/data_hard/IMG/center_2017_04_28_18_28_16_882.jpg,/home/esteve/self-driving-ND/CarND-Behavioral-Cloning-P3/data_hard/IMG/left_2017_04_28_18_28_16_882.jpg,/home/esteve/self-driving-ND/CarND-Behavioral-Cloning-P3/data_hard/IMG/right_2017_04_28_18_28_16_882.jpg,0.112782,0.1957684,0,18.4051
/home/esteve/self-driving-ND/CarND-Behavioral-Cloning-P3/data_hard/IMG/center_2017_04_28_18_28_16_962.jpg,/home/esteve/self-driving-ND/CarND-Behavioral-Cloning-P3/data_hard/IMG/left_2017_04_28_18_28_16_962.jpg,/home/esteve/self-driving-ND/CarND-Behavioral-Cloning-P3/data_hard/IMG/right_2017_04_28_18_28_16_962.jpg,0.2030075,0.1802824,0,18.32812
/home/esteve/self-driving-ND/CarND-Behavioral-Cloning-P3/data_hard/IMG/center_2017_04_28_18_28_17_042.jpg,/home/esteve/self-driving-ND/CarND-Behavioral-Cloning-P3/data_hard/IMG/left_2017_04_28_18_28_17_042.jpg,/home/esteve/self-driving-ND/CarND-Behavioral-Cloning-P3/data_hard/IMG/right_2017_04_28_18_28_17_042.jpg,0.3308271,0.4198987,0,18.4866
/home/esteve/self-driving-ND/CarND-Behavioral-Cloning-P3/data_hard/IMG/center_2017_04_28_18_28_17_123.jpg,/home/esteve/self-driving-ND/CarND-Behavioral-Cloning-P3/data_hard/IMG/left_2017_04_28_18_28_17_123.jpg,/home/esteve/self-driving-ND/CarND-Behavioral-Cloning-P3/data_hard/IMG/right_2017_04_28_18_28_17_123.jpg,0.3834586,0.6622953,0,18.91842
/home/esteve/self-driving-ND/CarND-Behavioral-Cloning-P3/data_hard/IMG/center_2017_04_28_18_28_17_203.jpg,/home/esteve/self-driving-ND/CarND-Behavioral-Cloning-P3/data_hard/IMG/left_2017_04_28_18_28_17_203.jpg,/home/esteve/self-driving-ND/CarND-Behavioral-Cloning-P3/data_hard/IMG/right_2017_04_28_18_28_17_203.jpg,0.3834586,0.5412991,0,19.40084
/home/esteve/self-driving-ND/CarND-Behavioral-Cloning-P3/data_hard/IMG/center_2017_04_28_18_28_17_284.jpg,/home/esteve/self-driving-ND/CarND-Behavioral-Cloning-P3/data_hard/IMG/left_2017_04_28_18_28_17_284.jpg,/home/esteve/self-driving-ND/CarND-Behavioral-Cloning-P3/data_hard/IMG/right_2017_04_28_18_28_17_284.jpg,0.3834586,0.296643,0,19.61181
/home/esteve/self-driving-ND/CarND-Behavioral-Cloning-P3/data_hard/IMG/center_2017_04_28_18_28_17_365.jpg,/home/esteve/self-driving-ND/CarND-Behavioral-Cloning-P3/data_hard/IMG/left_2017_04_28_18_28_17_365.jpg,/home/esteve/self-driving-ND/CarND-Behavioral-Cloning-P3/data_hard/IMG/right_2017_04_28_18_28_17_365.jpg,0.3909774,0.05458474,0,19.58312
/home/esteve/self-driving-ND/CarND-Behavioral-Cloning-P3/data_hard/IMG/center_2017_04_28_18_28_17_432.jpg,/home/esteve/self-driving-ND/CarND-Behavioral-Cloning-P3/data_hard/IMG/left_2017_04_28_18_28_17_432.jpg,/home/esteve/self-driving-ND/CarND-Behavioral-Cloning-P3/data_hard/IMG/right_2017_04_28_18_28_17_432.jpg,0.4436091,0.119781,0,19.80311
/home/esteve/self-driving-ND/CarND-Behavioral-Cloning-P3/data_hard/IMG/center_2017_04_28_18_28_17_520.jpg,/home/esteve/self-driving-ND/CarND-Behavioral-Cloning-P3/data_hard/IMG/left_2017_04_28_18_28_17_520.jpg,/home/esteve/self-driving-ND/CarND-Behavioral-Cloning-P3/data_hard/IMG/right_2017_04_28_18_28_17_520.jpg,0.4661654,0.3822119,0,19.8469
/home/esteve/self-driving-ND/CarND-Behavioral-Cloning-P3/data_hard/IMG/center_2017_04_28_18_28_17_602.jpg,/home/esteve/self-driving-ND/CarND-Behavioral-Cloning-P3/data_hard/IMG/left_2017_04_28_18_28_17_602.jpg,/home/esteve/self-driving-ND/CarND-Behavioral-Cloning-P3/data_hard/IMG/right_2017_04_28_18_28_17_602.jpg,0.4661654,0.238266,0,20.02779
/home/esteve/self-driving-ND/CarND-Behavioral-Cloning-P3/data_hard/IMG/center_2017_04_28_18_28_17_688.jpg,/home/esteve/self-driving-ND/CarND-Behavioral-Cloning-P3/data_hard/IMG/left_2017_04_28_18_28_17_688.jpg,/home/esteve/self-driving-ND/CarND-Behavioral-Cloning-P3/data_hard/IMG/right_2017_04_28_18_28_17_688.jpg,0.4661654,0,0,19.60859
/home/esteve/self-driving-ND/CarND-Behavioral-Cloning-P3/data_hard/IMG/center_2017_04_28_18_28_17_769.jpg,/home/esteve/self-driving-ND/CarND-Behavioral-Cloning-P3/data_hard/IMG/left_2017_04_28_18_28_17_769.jpg,/home/esteve/self-driving-ND/CarND-Behavioral-Cloning-P3/data_hard/IMG/right_2017_04_28_18_28_17_769.jpg,0.4661654,0,0,19.41661
/home/esteve/self-driving-ND/CarND-Behavioral-Cloning-P3/data_hard/IMG/center_2017_04_28_18_28_17_850.jpg,/home/esteve/self-driving-ND/CarND-Behavioral-Cloning-P3/data_hard/IMG/left_2017_04_28_18_28_17_850.jpg,/home/esteve/self-driving-ND/CarND-Behavioral-Cloning-P3/data_hard/IMG/right_2017_04_28_18_28_17_850.jpg,0.4661654,0.117327,0,19.27328
/home/esteve/self-driving-ND/CarND-Behavioral-Cloning-P3/data_hard/IMG/center_2017_04_28_18_28_17_934.jpg,/home/esteve/self-driving-ND/CarND-Behavioral-Cloning-P3/data_hard/IMG/left_2017_04_28_18_28_17_934.jpg,/home/esteve/self-driving-ND/CarND-Behavioral-Cloning-P3/data_hard/IMG/right_2017_04_28_18_28_17_934.jpg,0.4661654,0.3681965,0,19.38003
/home/esteve/self-driving-ND/CarND-Behavioral-Cloning-P3/data_hard/IMG/center_2017_04_28_18_28_18_019.jpg,/home/esteve/self-driving-ND/CarND-Behavioral-Cloning-P3/data_hard/IMG/left_2017_04_28_18_28_18_019.jpg,/home/esteve/self-driving-ND/CarND-Behavioral-Cloning-P3/data_hard/IMG/right_2017_04_28_18_28_18_019.jpg,0.4586466,0.1112587,0,19.45693
/home/esteve/self-driving-ND/CarND-Behavioral-Cloning-P3/data_hard/IMG/center_2017_04_28_18_28_18_104.jpg,/home/esteve/self-driving-ND/CarND-Behavioral-Cloning-P3/data_hard/IMG/left_2017_04_28_18_28_18_104.jpg,/home/esteve/self-driving-ND/CarND-Behavioral-Cloning-P3/data_hard/IMG/right_2017_04_28_18_28_18_104.jpg,0.3458647,0,0,19.67376
/home/esteve/self-driving-ND/CarND-Behavioral-Cloning-P3/data_hard/IMG/center_2017_04_28_18_28_18_187.jpg,/home/esteve/self-driving-ND/CarND-Behavioral-Cloning-P3/data_hard/IMG/left_2017_04_28_18_28_18_187.jpg,/home/esteve/self-driving-ND/CarND-Behavioral-Cloning-P3/data_hard/IMG/right_2017_04_28_18_28_18_187.jpg,0.2857143,0,0,19.53461
/home/esteve/self-driving-ND/CarND-Behavioral-Cloning-P3/data_hard/IMG/center_2017_04_28_18_28_18_276.jpg,/home/esteve/self-driving-ND/CarND-Behavioral-Cloning-P3/data_hard/IMG/left_2017_04_28_18_28_18_276.jpg,/home/esteve/self-driving-ND/CarND-Behavioral-Cloning-P3/data_hard/IMG/right_2017_04_28_18_28_18_276.jpg,0.2556391,0.267015,0,19.48827
/home/esteve/self-driving-ND/CarND-Behavioral-Cloning-P3/data_hard/IMG/center_2017_04_28_18_28_18_359.jpg,/home/esteve/self-driving-ND/CarND-Behavioral-Cloning-P3/data_hard/IMG/left_2017_04_28_18_28_18_359.jpg,/home/esteve/self-driving-ND/CarND-Behavioral-Cloning-P3/data_hard/IMG/right_2017_04_28_18_28_18_359.jpg,0.2556391,0.01914597,0,19.50017
/home/esteve/self-driving-ND/CarND-Behavioral-Cloning-P3/data_hard/IMG/center_2017_04_28_18_28_18_445.jpg,/home/esteve/self-driving-ND/CarND-Behavioral-Cloning-P3/data_hard/IMG/left_2017_04_28_18_28_18_445.jpg,/home/esteve/self-driving-ND/CarND-Behavioral-Cloning-P3/data_hard/IMG/right_2017_04_28_18_28_18_445.jpg,0.2030075,0.1951225,0,19.01176
/home/esteve/self-driving-ND/CarND-Behavioral-Cloning-P3/data_hard/IMG/center_2017_04_28_18_28_18_535.jpg,/home/esteve/self-driving-ND/CarND-Behavioral-Cloning-P3/data_hard/IMG/left_2017_04_28_18_28_18_535.jpg,/home/esteve/self-driving-ND/CarND-Behavioral-Cloning-P3/data_hard/IMG/right_2017_04_28_18_28_18_535.jpg,0.1353384,0.4654498,0,19.22312
/home/esteve/self-driving-ND/CarND-Behavioral-Cloning-P3/data_hard/IMG/center_2017_04_28_18_28_18_619.jpg,/home/esteve/self-driving-ND/CarND-Behavioral-Cloning-P3/data_hard/IMG/left_2017_04_28_18_28_18_619.jpg,/home/esteve/self-driving-ND/CarND-Behavioral-Cloning-P3/data_hard/IMG/right_2017_04_28_18_28_18_619.jpg,0.06766918,0.7173901,0,19.70435
/home/esteve/self-driving-ND/CarND-Behavioral-Cloning-P3/data_hard/IMG/center_2017_04_28_18_28_18_689.jpg,/home/esteve/self-driving-ND/CarND-Behavioral-Cloning-P3/data_hard/IMG/left_2017_04_28_18_28_18_689.jpg,/home/esteve/self-driving-ND/CarND-Behavioral-Cloning-P3/data_hard/IMG/right_2017_04_28_18_28_18_689.jpg,0,0.9257605,0,20.38146
/home/esteve/self-driving-ND/CarND-Behavioral-Cloning-P3/data_hard/IMG/center_2017_04_28_18_28_18_760.jpg,/home/esteve/self-driving-ND/CarND-Behavioral-Cloning-P3/data_hard/IMG/left_2017_04_28_18_28_18_760.jpg,/home/esteve/self-driving-ND/CarND-Behavioral-Cloning-P3/data_hard/IMG/right_2017_04_28_18_28_18_760.jpg,-0.07518797,0.7113619,0,20.99416
/home/esteve/self-driving-ND/CarND-Behavioral-Cloning-P3/data_hard/IMG/center_2017_04_28_18_28_18_845.jpg,/home/esteve/self-driving-ND/CarND-Behavioral-Cloning-P3/data_hard/IMG/left_2017_04_28_18_28_18_845.jpg,/home/esteve/self-driving-ND/CarND-Behavioral-Cloning-P3/data_hard/IMG/right_2017_04_28_18_28_18_845.jpg,-0.07518797,0.4572744,0,21.35647
/home/esteve/self-driving-ND/CarND-Behavioral-Cloning-P3/data_hard/IMG/center_2017_04_28_18_28_18_934.jpg,/home/esteve/self-driving-ND/CarND-Behavioral-Cloning-P3/data_hard/IMG/left_2017_04_28_18_28_18_934.jpg,/home/esteve/self-driving-ND/CarND-Behavioral-Cloning-P3/data_hard/IMG/right_2017_04_28_18_28_18_934.jpg,-0.07518797,0.1891072,0,21.48306
/home/esteve/self-driving-ND/CarND-Behavioral-Cloning-P3/data_hard/IMG/center_2017_04_28_18_28_19_017.jpg,/home/esteve/self-driving-ND/CarND-Behavioral-Cloning-P3/data_hard/IMG/left_2017_04_28_18_28_19_017.jpg,/home/esteve/self-driving-ND/CarND-Behavioral-Cloning-P3/data_hard/IMG/right_2017_04_28_18_28_19_017.jpg,-0.07518797,0,0,21.32331
/home/esteve/self-driving-ND/CarND-Behavioral-Cloning-P3/data_hard/IMG/center_2017_04_28_18_28_19_104.jpg,/home/esteve/self-driving-ND/CarND-Behavioral-Cloning-P3/data_hard/IMG/left_2017_04_28_18_28_19_104.jpg,/home/esteve/self-driving-ND/CarND-Behavioral-Cloning-P3/data_hard/IMG/right_2017_04_28_18_28_19_104.jpg,-0.1278196,0,0,21.36938
/home/esteve/self-driving-ND/CarND-Behavioral-Cloning-P3/data_hard/IMG/center_2017_04_28_18_28_19_173.jpg,/home/esteve/self-driving-ND/CarND-Behavioral-Cloning-P3/data_hard/IMG/left_2017_04_28_18_28_19_173.jpg,/home/esteve/self-driving-ND/CarND-Behavioral-Cloning-P3/data_hard/IMG/right_2017_04_28_18_28_19_173.jpg,-0.2932331,0,0,20.91345
/home/esteve/self-driving-ND/CarND-Behavioral-Cloning-P3/data_hard/IMG/center_2017_04_28_18_28_19_265.jpg,/home/esteve/self-driving-ND/CarND-Behavioral-Cloning-P3/data_hard/IMG/left_2017_04_28_18_28_19_265.jpg,/home/esteve/self-driving-ND/CarND-Behavioral-Cloning-P3/data_hard/IMG/right_2017_04_28_18_28_19_265.jpg,-0.3007519,0,0,20.96264
/home/esteve/self-driving-ND/CarND-Behavioral-Cloning-P3/data_hard/IMG/center_2017_04_28_18_28_19_348.jpg,/home/esteve/self-driving-ND/CarND-Behavioral-Cloning-P3/data_hard/IMG/left_2017_04_28_18_28_19_348.jpg,/home/esteve/self-driving-ND/CarND-Behavioral-Cloning-P3/data_hard/IMG/right_2017_04_28_18_28_19_348.jpg,-0.2556391,0,0,20.78852
/home/esteve/self-driving-ND/CarND-Behavioral-Cloning-P3/data_hard/IMG/center_2017_04_28_18_28_19_418.jpg,/home/esteve/self-driving-ND/CarND-Behavioral-Cloning-P3/data_hard/IMG/left_2017_04_28_18_28_19_418.jpg,/home/esteve/self-driving-ND/CarND-Behavioral-Cloning-P3/data_hard/IMG/right_2017_04_28_18_28_19_418.jpg,-0.2030075,0,0,20.35263
/home/esteve/self-driving-ND/CarND-Behavioral-Cloning-P3/data_hard/IMG/center_2017_04_28_18_28_19_484.jpg,/home/esteve/self-driving-ND/CarND-Behavioral-Cloning-P3/data_hard/IMG/left_2017_04_28_18_28_19_484.jpg,/home/esteve/self-driving-ND/CarND-Behavioral-Cloning-P3/data_hard/IMG/right_2017_04_28_18_28_19_484.jpg,-0.1879699,0,0,20.18527
/home/esteve/self-driving-ND/CarND-Behavioral-Cloning-P3/data_hard/IMG/center_2017_04_28_18_28_19_567.jpg,/home/esteve/self-driving-ND/CarND-Behavioral-Cloning-P3/data_hard/IMG/left_2017_04_28_18_28_19_567.jpg,/home/esteve/self-driving-ND/CarND-Behavioral-Cloning-P3/data_hard/IMG/right_2017_04_28_18_28_19_567.jpg,-0.03759398,0,0,20.01657
/home/esteve/self-driving-ND/CarND-Behavioral-Cloning-P3/data_hard/IMG/center_2017_04_28_18_28_19_660.jpg,/home/esteve/self-driving-ND/CarND-Behavioral-Cloning-P3/data_hard/IMG/left_2017_04_28_18_28_19_660.jpg,/home/esteve/self-driving-ND/CarND-Behavioral-Cloning-P3/data_hard/IMG/right_2017_04_28_18_28_19_660.jpg,0,0,0,19.84189
/home/esteve/self-driving-ND/CarND-Behavioral-Cloning-P3/data_hard/IMG/center_2017_04_28_18_28_19_727.jpg,/home/esteve/self-driving-ND/CarND-Behavioral-Cloning-P3/data_hard/IMG/left_2017_04_28_18_28_19_727.jpg,/home/esteve/self-driving-ND/CarND-Behavioral-Cloning-P3/data_hard/IMG/right_2017_04_28_18_28_19_727.jpg,0.03007519,0,0,19.66894
/home/esteve/self-driving-ND/CarND-Behavioral-Cloning-P3/data_hard/IMG/center_2017_04_28_18_28_19_808.jpg,/home/esteve/self-driving-ND/CarND-Behavioral-Cloning-P3/data_hard/IMG/left_2017_04_28_18_28_19_808.jpg,/home/esteve/self-driving-ND/CarND-Behavioral-Cloning-P3/data_hard/IMG/right_2017_04_28_18_28_19_808.jpg,0.03759398,0,0,19.49944
/home/esteve/self-driving-ND/CarND-Behavioral-Cloning-P3/data_hard/IMG/center_2017_04_28_18_28_19_891.jpg,/home/esteve/self-driving-ND/CarND-Behavioral-Cloning-P3/data_hard/IMG/left_2017_04_28_18_28_19_891.jpg,/home/esteve/self-driving-ND/CarND-Behavioral-Cloning-P3/data_hard/IMG/right_2017_04_28_18_28_19_891.jpg,0.03759398,0,0,19.33163
/home/esteve/self-driving-ND/CarND-Behavioral-Cloning-P3/data_hard/IMG/center_2017_04_28_18_28_19_975.jpg,/home/esteve/self-driving-ND/CarND-Behavioral-Cloning-P3/data_hard/IMG/left_2017_04_28_18_28_19_975.jpg,/home/esteve/self-driving-ND/CarND-Behavioral-Cloning-P3/data_hard/IMG/right_2017_04_28_18_28_19_975.jpg,0.03759398,0,0,19.16319
/home/esteve/self-driving-ND/CarND-Behavioral-Cloning-P3/data_hard/IMG/center_2017_04_28_18_28_20_058.jpg,/home/esteve/self-driving-ND/CarND-Behavioral-Cloning-P3/data_hard/IMG/left_2017_04_28_18_28_20_058.jpg,/home/esteve/self-driving-ND/CarND-Behavioral-Cloning-P3/data_hard/IMG/right_2017_04_28_18_28_20_058.jpg,-0.06015037,0.1193905,0,19.0229
/home/esteve/self-driving-ND/CarND-Behavioral-Cloning-P3/data_hard/IMG/center_2017_04_28_18_28_20_129.jpg,/home/esteve/self-driving-ND/CarND-Behavioral-Cloning-P3/data_hard/IMG/left_2017_04_28_18_28_20_129.jpg,/home/esteve/self-driving-ND/CarND-Behavioral-Cloning-P3/data_hard/IMG/right_2017_04_28_18_28_20_129.jpg,-0.09774436,0.05664611,0,18.99502
/home/esteve/self-driving-ND/CarND-Behavioral-Cloning-P3/data_hard/IMG/center_2017_04_28_18_28_20_195.jpg,/home/esteve/self-driving-ND/CarND-Behavioral-Cloning-P3/data_hard/IMG/left_2017_04_28_18_28_20_195.jpg,/home/esteve/self-driving-ND/CarND-Behavioral-Cloning-P3/data_hard/IMG/right_2017_04_28_18_28_20_195.jpg,-0.1052632,0,0,19.31391
/home/esteve/self-driving-ND/CarND-Behavioral-Cloning-P3/data_hard/IMG/center_2017_04_28_18_28_20_275.jpg,/home/esteve/self-driving-ND/CarND-Behavioral-Cloning-P3/data_hard/IMG/left_2017_04_28_18_28_20_275.jpg,/home/esteve/self-driving-ND/CarND-Behavioral-Cloning-P3/data_hard/IMG/right_2017_04_28_18_28_20_275.jpg,-0.112782,0,0,19.16383
/home/esteve/self-driving-ND/CarND-Behavioral-Cloning-P3/data_hard/IMG/center_2017_04_28_18_28_20_359.jpg,/home/esteve/self-driving-ND/CarND-Behavioral-Cloning-P3/data_hard/IMG/left_2017_04_28_18_28_20_359.jpg,/home/esteve/self-driving-ND/CarND-Behavioral-Cloning-P3/data_hard/IMG/right_2017_04_28_18_28_20_359.jpg,-0.112782,0,0,19.01355
/home/esteve/self-driving-ND/CarND-Behavioral-Cloning-P3/data_hard/IMG/center_2017_04_28_18_28_20_441.jpg,/home/esteve/self-driving-ND/CarND-Behavioral-Cloning-P3/data_hard/IMG/left_2017_04_28_18_28_20_441.jpg,/home/esteve/self-driving-ND/CarND-Behavioral-Cloning-P3/data_hard/IMG/right_2017_04_28_18_28_20_441.jpg,-0.112782,0,0,18.80008
/home/esteve/self-driving-ND/CarND-Behavioral-Cloning-P3/data_hard/IMG/center_2017_04_28_18_28_20_524.jpg,/home/esteve/self-driving-ND/CarND-Behavioral-Cloning-P3/data_hard/IMG/left_2017_04_28_18_28_20_524.jpg,/home/esteve/self-driving-ND/CarND-Behavioral-Cloning-P3/data_hard/IMG/right_2017_04_28_18_28_20_524.jpg,-0.09022556,0,0,18.43581
/home/esteve/self-driving-ND/CarND-Behavioral-Cloning-P3/data_hard/IMG/center_2017_04_28_18_28_20_607.jpg,/home/esteve/self-driving-ND/CarND-Behavioral-Cloning-P3/data_hard/IMG/left_2017_04_28_18_28_20_607.jpg,/home/esteve/self-driving-ND/CarND-Behavioral-Cloning-P3/data_hard/IMG/right_2017_04_28_18_28_20_607.jpg,-0.07518797,0,0,18.32669
/home/esteve/self-driving-ND/CarND-Behavioral-Cloning-P3/data_hard/IMG/center_2017_04_28_18_28_20_696.jpg,/home/esteve/self-driving-ND/CarND-Behavioral-Cloning-P3/data_hard/IMG/left_2017_04_28_18_28_20_696.jpg,/home/esteve/self-driving-ND/CarND-Behavioral-Cloning-P3/data_hard/IMG/right_2017_04_28_18_28_20_696.jpg,-0.06015037,0,0,18.11547
/home/esteve/self-driving-ND/CarND-Behavioral-Cloning-P3/data_hard/IMG/center_2017_04_28_18_28_20_779.jpg,/home/esteve/self-driving-ND/CarND-Behavioral-Cloning-P3/data_hard/IMG/left_2017_04_28_18_28_20_779.jpg,/home/esteve/self-driving-ND/CarND-Behavioral-Cloning-P3/data_hard/IMG/right_2017_04_28_18_28_20_779.jpg,-0.06015037,0,0,17.97047
/home/esteve/self-driving-ND/CarND-Behavioral-Cloning-P3/data_hard/IMG/center_2017_04_28_18_28_20_863.jpg,/home/esteve/self-driving-ND/CarND-Behavioral-Cloning-P3/data_hard/IMG/left_2017_04_28_18_28_20_863.jpg,/home/esteve/self-driving-ND/CarND-Behavioral-Cloning-P3/data_hard/IMG/right_2017_04_28_18_28_20_863.jpg,-0.06015037,0,0,18.24215
/home/esteve/self-driving-ND/CarND-Behavioral-Cloning-P3/data_hard/IMG/center_2017_04_28_18_28_20_946.jpg,/home/esteve/self-driving-ND/CarND-Behavioral-Cloning-P3/data_hard/IMG/left_2017_04_28_18_28_20_946.jpg,/home/esteve/self-driving-ND/CarND-Behavioral-Cloning-P3/data_hard/IMG/right_2017_04_28_18_28_20_946.jpg,-0.06766918,0,0,18.24604
/home/esteve/self-driving-ND/CarND-Behavioral-Cloning-P3/data_hard/IMG/center_2017_04_28_18_28_21_037.jpg,/home/esteve/self-driving-ND/CarND-Behavioral-Cloning-P3/data_hard/IMG/left_2017_04_28_18_28_21_037.jpg,/home/esteve/self-driving-ND/CarND-Behavioral-Cloning-P3/data_hard/IMG/right_2017_04_28_18_28_21_037.jpg,-0.08270676,0,0,18.21126
/home/esteve/self-driving-ND/CarND-Behavioral-Cloning-P3/data_hard/IMG/center_2017_04_28_18_28_21_116.jpg,/home/esteve/self-driving-ND/CarND-Behavioral-Cloning-P3/data_hard/IMG/left_2017_04_28_18_28_21_116.jpg,/home/esteve/self-driving-ND/CarND-Behavioral-Cloning-P3/data_hard/IMG/right_2017_04_28_18_28_21_116.jpg,-0.1654135,0,0,18.28281
/home/esteve/self-driving-ND/CarND-Behavioral-Cloning-P3/data_hard/IMG/center_2017_04_28_18_28_21_195.jpg,/home/esteve/self-driving-ND/CarND-Behavioral-Cloning-P3/data_hard/IMG/left_2017_04_28_18_28_21_195.jpg,/home/esteve/self-driving-ND/CarND-Behavioral-Cloning-P3/data_hard/IMG/right_2017_04_28_18_28_21_195.jpg,-0.2030075,0,0,18.247
/home/esteve/self-driving-ND/CarND-Behavioral-Cloning-P3/data_hard/IMG/center_2017_04_28_18_28_21_281.jpg,/home/esteve/self-driving-ND/CarND-Behavioral-Cloning-P3/data_hard/IMG/left_2017_04_28_18_28_21_281.jpg,/home/esteve/self-driving-ND/CarND-Behavioral-Cloning-P3/data_hard/IMG/right_2017_04_28_18_28_21_281.jpg,-0.2255639,0,0,18.28269
/home/esteve/self-driving-ND/CarND-Behavioral-Cloning-P3/data_hard/IMG/center_2017_04_28_18_28_21_363.jpg,/home/esteve/self-driving-ND/CarND-Behavioral-Cloning-P3/data_hard/IMG/left_2017_04_28_18_28_21_363.jpg,/home/esteve/self-driving-ND/CarND-Behavioral-Cloning-P3/data_hard/IMG/right_2017_04_28_18_28_21_363.jpg,-0.2330827,0,0,18.07037
/home/esteve/self-driving-ND/CarND-Behavioral-Cloning-P3/data_hard/IMG/center_2017_04_28_18_28_21_450.jpg,/home/esteve/self-driving-ND/CarND-Behavioral-Cloning-P3/data_hard/IMG/left_2017_04_28_18_28_21_450.jpg,/home/esteve/self-driving-ND/CarND-Behavioral-Cloning-P3/data_hard/IMG/right_2017_04_28_18_28_21_450.jpg,-0.2330827,0,0,18.09552
/home/esteve/self-driving-ND/CarND-Behavioral-Cloning-P3/data_hard/IMG/center_2017_04_28_18_28_21_517.jpg,/home/esteve/self-driving-ND/CarND-Behavioral-Cloning-P3/data_hard/IMG/left_2017_04_28_18_28_21_517.jpg,/home/esteve/self-driving-ND/CarND-Behavioral-Cloning-P3/data_hard/IMG/right_2017_04_28_18_28_21_517.jpg,-0.2330827,0,0,18.56425
/home/esteve/self-driving-ND/CarND-Behavioral-Cloning-P3/data_hard/IMG/center_2017_04_28_18_28_21_600.jpg,/home/esteve/self-driving-ND/CarND-Behavioral-Cloning-P3/data_hard/IMG/left_2017_04_28_18_28_21_600.jpg,/home/esteve/self-driving-ND/CarND-Behavioral-Cloning-P3/data_hard/IMG/right_2017_04_28_18_28_21_600.jpg,-0.2330827,0,0,18.6066
/home/esteve/self-driving-ND/CarND-Behavioral-Cloning-P3/data_hard/IMG/center_2017_04_28_18_28_21_685.jpg,/home/esteve/self-driving-ND/CarND-Behavioral-Cloning-P3/data_hard/IMG/left_2017_04_28_18_28_21_685.jpg,/home/esteve/self-driving-ND/CarND-Behavioral-Cloning-P3/data_hard/IMG/right_2017_04_28_18_28_21_685.jpg,-0.2406015,0,0,18.49153
/home/esteve/self-driving-ND/CarND-Behavioral-Cloning-P3/data_hard/IMG/center_2017_04_28_18_28_21_756.jpg,/home/esteve/self-driving-ND/CarND-Behavioral-Cloning-P3/data_hard/IMG/left_2017_04_28_18_28_21_756.jpg,/home/esteve/self-driving-ND/CarND-Behavioral-Cloning-P3/data_hard/IMG/right_2017_04_28_18_28_21_756.jpg,-0.2932331,0,0,18.89878
/home/esteve/self-driving-ND/CarND-Behavioral-Cloning-P3/data_hard/IMG/center_2017_04_28_18_28_21_840.jpg,/home/esteve/self-driving-ND/CarND-Behavioral-Cloning-P3/data_hard/IMG/left_2017_04_28_18_28_21_840.jpg,/home/esteve/self-driving-ND/CarND-Behavioral-Cloning-P3/data_hard/IMG/right_2017_04_28_18_28_21_840.jpg,-0.3308271,0,0,19.08153
/home/esteve/self-driving-ND/CarND-Behavioral-Cloning-P3/data_hard/IMG/center_2017_04_28_18_28_21_920.jpg,/home/esteve/self-driving-ND/CarND-Behavioral-Cloning-P3/data_hard/IMG/left_2017_04_28_18_28_21_920.jpg,/home/esteve/self-driving-ND/CarND-Behavioral-Cloning-P3/data_hard/IMG/right_2017_04_28_18_28_21_920.jpg,-0.3308271,0,0,19.15319
/home/esteve/self-driving-ND/CarND-Behavioral-Cloning-P3/data_hard/IMG/center_2017_04_28_18_28_22_003.jpg,/home/esteve/self-driving-ND/CarND-Behavioral-Cloning-P3/data_hard/IMG/left_2017_04_28_18_28_22_003.jpg,/home/esteve/self-driving-ND/CarND-Behavioral-Cloning-P3/data_hard/IMG/right_2017_04_28_18_28_22_003.jpg,-0.3308271,0,0,19.06763
/home/esteve/self-driving-ND/CarND-Behavioral-Cloning-P3/data_hard/IMG/center_2017_04_28_18_28_22_088.jpg,/home/esteve/self-driving-ND/CarND-Behavioral-Cloning-P3/data_hard/IMG/left_2017_04_28_18_28_22_088.jpg,/home/esteve/self-driving-ND/CarND-Behavioral-Cloning-P3/data_hard/IMG/right_2017_04_28_18_28_22_088.jpg,-0.3308271,0,0,19.21849
/home/esteve/self-driving-ND/CarND-Behavioral-Cloning-P3/data_hard/IMG/center_2017_04_28_18_28_22_174.jpg,/home/esteve/self-driving-ND/CarND-Behavioral-Cloning-P3/data_hard/IMG/left_2017_04_28_18_28_22_174.jpg,/home/esteve/self-driving-ND/CarND-Behavioral-Cloning-P3/data_hard/IMG/right_2017_04_28_18_28_22_174.jpg,-0.2932331,0.1279557,0,19.35289
/home/esteve/self-driving-ND/CarND-Behavioral-Cloning-P3/data_hard/IMG/center_2017_04_28_18_28_22_264.jpg,/home/esteve/self-driving-ND/CarND-Behavioral-Cloning-P3/data_hard/IMG/left_2017_04_28_18_28_22_264.jpg,/home/esteve/self-driving-ND/CarND-Behavioral-Cloning-P3/data_hard/IMG/right_2017_04_28_18_28_22_264.jpg,-0.2781955,0.002795935,0,19.74704
/home/esteve/self-driving-ND/CarND-Behavioral-Cloning-P3/data_hard/IMG/center_2017_04_28_18_28_22_340.jpg,/home/esteve/self-driving-ND/CarND-Behavioral-Cloning-P3/data_hard/IMG/left_2017_04_28_18_28_22_340.jpg,/home/esteve/self-driving-ND/CarND-Behavioral-Cloning-P3/data_hard/IMG/right_2017_04_28_18_28_22_340.jpg,-0.2781955,0,0,19.94655
/home/esteve/self-driving-ND/CarND-Behavioral-Cloning-P3/data_hard/IMG/center_2017_04_28_18_28_22_423.jpg,/home/esteve/self-driving-ND/CarND-Behavioral-Cloning-P3/data_hard/IMG/left_2017_04_28_18_28_22_423.jpg,/home/esteve/self-driving-ND/CarND-Behavioral-Cloning-P3/data_hard/IMG/right_2017_04_28_18_28_22_423.jpg,-0.2781955,0,0,20.36012
/home/esteve/self-driving-ND/CarND-Behavioral-Cloning-P3/data_hard/IMG/center_2017_04_28_18_28_22_506.jpg,/home/esteve/self-driving-ND/CarND-Behavioral-Cloning-P3/data_hard/IMG/left_2017_04_28_18_28_22_506.jpg,/home/esteve/self-driving-ND/CarND-Behavioral-Cloning-P3/data_hard/IMG/right_2017_04_28_18_28_22_506.jpg,-0.2932331,0,0,20.65841
/home/esteve/self-driving-ND/CarND-Behavioral-Cloning-P3/data_hard/IMG/center_2017_04_28_18_28_22_592.jpg,/home/esteve/self-driving-ND/CarND-Behavioral-Cloning-P3/data_hard/IMG/left_2017_04_28_18_28_22_592.jpg,/home/esteve/self-driving-ND/CarND-Behavioral-Cloning-P3/data_hard/IMG/right_2017_04_28_18_28_22_592.jpg,-0.2932331,0,0,20.74053
/home/esteve/self-driving-ND/CarND-Behavioral-Cloning-P3/data_hard/IMG/center_2017_04_28_18_28_22_680.jpg,/home/esteve/self-driving-ND/CarND-Behavioral-Cloning-P3/data_hard/IMG/left_2017_04_28_18_28_22_680.jpg,/home/esteve/self-driving-ND/CarND-Behavioral-Cloning-P3/data_hard/IMG/right_2017_04_28_18_28_22_680.jpg,-0.2932331,0.1454973,0,20.93321
/home/esteve/self-driving-ND/CarND-Behavioral-Cloning-P3/data_hard/IMG/center_2017_04_28_18_28_22_763.jpg,/home/esteve/self-driving-ND/CarND-Behavioral-Cloning-P3/data_hard/IMG/left_2017_04_28_18_28_22_763.jpg,/home/esteve/self-driving-ND/CarND-Behavioral-Cloning-P3/data_hard/IMG/right_2017_04_28_18_28_22_763.jpg,-0.2932331,0.3955142,0,21.42976
/home/esteve/self-driving-ND/CarND-Behavioral-Cloning-P3/data_hard/IMG/center_2017_04_28_18_28_22_850.jpg,/home/esteve/self-driving-ND/CarND-Behavioral-Cloning-P3/data_hard/IMG/left_2017_04_28_18_28_22_850.jpg,/home/esteve/self-driving-ND/CarND-Behavioral-Cloning-P3/data_hard/IMG/right_2017_04_28_18_28_22_850.jpg,-0.2932331,0.1358042,0,21.75842
/home/esteve/self-driving-ND/CarND-Behavioral-Cloning-P3/data_hard/IMG/center_2017_04_28_18_28_22_917.jpg,/home/esteve/self-driving-ND/CarND-Behavioral-Cloning-P3/data_hard/IMG/left_2017_04_28_18_28_22_917.jpg,/home/esteve/self-driving-ND/CarND-Behavioral-Cloning-P3/data_hard/IMG/right_2017_04_28_18_28_22_917.jpg,-0.2932331,0,0,22.06048
/home/esteve/self-driving-ND/CarND-Behavioral-Cloning-P3/data_hard/IMG/center_2017_04_28_18_28_22_999.jpg,/home/esteve/self-driving-ND/CarND-Behavioral-Cloning-P3/data_hard/IMG/left_2017_04_28_18_28_22_999.jpg,/home/esteve/self-driving-ND/CarND-Behavioral-Cloning-P3/data_hard/IMG/right_2017_04_28_18_28_22_999.jpg,-0.2932331,0,0,22.15752
/home/esteve/self-driving-ND/CarND-Behavioral-Cloning-P3/data_hard/IMG/center_2017_04_28_18_28_23_089.jpg,/home/esteve/self-driving-ND/CarND-Behavioral-Cloning-P3/data_hard/IMG/left_2017_04_28_18_28_23_089.jpg,/home/esteve/self-driving-ND/CarND-Behavioral-Cloning-P3/data_hard/IMG/right_2017_04_28_18_28_23_089.jpg,-0.2932331,0,0,22.31326
/home/esteve/self-driving-ND/CarND-Behavioral-Cloning-P3/data_hard/IMG/center_2017_04_28_18_28_23_175.jpg,/home/esteve/self-driving-ND/CarND-Behavioral-Cloning-P3/data_hard/IMG/left_2017_04_28_18_28_23_175.jpg,/home/esteve/self-driving-ND/CarND-Behavioral-Cloning-P3/data_hard/IMG/right_2017_04_28_18_28_23_175.jpg,-0.2932331,0,0,22.42072
/home/esteve/self-driving-ND/CarND-Behavioral-Cloning-P3/data_hard/IMG/center_2017_04_28_18_28_23_258.jpg,/home/esteve/self-driving-ND/CarND-Behavioral-Cloning-P3/data_hard/IMG/left_2017_04_28_18_28_23_258.jpg,/home/esteve/self-driving-ND/CarND-Behavioral-Cloning-P3/data_hard/IMG/right_2017_04_28_18_28_23_258.jpg,-0.2932331,0,0,22.55417
/home/esteve/self-driving-ND/CarND-Behavioral-Cloning-P3/data_hard/IMG/center_2017_04_28_18_28_23_325.jpg,/home/esteve/self-driving-ND/CarND-Behavioral-Cloning-P3/data_hard/IMG/left_2017_04_28_18_28_23_325.jpg,/home/esteve/self-driving-ND/CarND-Behavioral-Cloning-P3/data_hard/IMG/right_2017_04_28_18_28_23_325.jpg,-0.2932331,0,0,22.72077
/home/esteve/self-driving-ND/CarND-Behavioral-Cloning-P3/data_hard/IMG/center_2017_04_28_18_28_23_394.jpg,/home/esteve/self-driving-ND/CarND-Behavioral-Cloning-P3/data_hard/IMG/left_2017_04_28_18_28_23_394.jpg,/home/esteve/self-driving-ND/CarND-Behavioral-Cloning-P3/data_hard/IMG/right_2017_04_28_18_28_23_394.jpg,-0.2932331,0,0,22.72714
/home/esteve/self-driving-ND/CarND-Behavioral-Cloning-P3/data_hard/IMG/center_2017_04_28_18_28_23_481.jpg,/home/esteve/self-driving-ND/CarND-Behavioral-Cloning-P3/data_hard/IMG/left_2017_04_28_18_28_23_481.jpg,/home/esteve/self-driving-ND/CarND-Behavioral-Cloning-P3/data_hard/IMG/right_2017_04_28_18_28_23_481.jpg,-0.2932331,0,0,22.80878
/home/esteve/self-driving-ND/CarND-Behavioral-Cloning-P3/data_hard/IMG/center_2017_04_28_18_28_23_574.jpg,/home/esteve/self-driving-ND/CarND-Behavioral-Cloning-P3/data_hard/IMG/left_2017_04_28_18_28_23_574.jpg,/home/esteve/self-driving-ND/CarND-Behavioral-Cloning-P3/data_hard/IMG/right_2017_04_28_18_28_23_574.jpg,-0.3157895,0,0,22.90737
/home/esteve/self-driving-ND/CarND-Behavioral-Cloning-P3/data_hard/IMG/center_2017_04_28_18_28_23_641.jpg,/home/esteve/self-driving-ND/CarND-Behavioral-Cloning-P3/data_hard/IMG/left_2017_04_28_18_28_23_641.jpg,/home/esteve/self-driving-ND/CarND-Behavioral-Cloning-P3/data_hard/IMG/right_2017_04_28_18_28_23_641.jpg,-0.3157895,0,0,22.92636
/home/esteve/self-driving-ND/CarND-Behavioral-Cloning-P3/data_hard/IMG/center_2017_04_28_18_28_23_709.jpg,/home/esteve/self-driving-ND/CarND-Behavioral-Cloning-P3/data_hard/IMG/left_2017_04_28_18_28_23_709.jpg,/home/esteve/self-driving-ND/CarND-Behavioral-Cloning-P3/data_hard/IMG/right_2017_04_28_18_28_23_709.jpg,-0.3157895,0,0,22.90797
/home/esteve/self-driving-ND/CarND-Behavioral-Cloning-P3/data_hard/IMG/center_2017_04_28_18_28_23_798.jpg,/home/esteve/self-driving-ND/CarND-Behavioral-Cloning-P3/data_hard/IMG/left_2017_04_28_18_28_23_798.jpg,/home/esteve/self-driving-ND/CarND-Behavioral-Cloning-P3/data_hard/IMG/right_2017_04_28_18_28_23_798.jpg,-0.3157895,0,0,22.92823
/home/esteve/self-driving-ND/CarND-Behavioral-Cloning-P3/data_hard/IMG/center_2017_04_28_18_28_23_882.jpg,/home/esteve/self-driving-ND/CarND-Behavioral-Cloning-P3/data_hard/IMG/left_2017_04_28_18_28_23_882.jpg,/home/esteve/self-driving-ND/CarND-Behavioral-Cloning-P3/data_hard/IMG/right_2017_04_28_18_28_23_882.jpg,-0.2255639,0,0,22.93904
/home/esteve/self-driving-ND/CarND-Behavioral-Cloning-P3/data_hard/IMG/center_2017_04_28_18_28_23_967.jpg,/home/esteve/self-driving-ND/CarND-Behavioral-Cloning-P3/data_hard/IMG/left_2017_04_28_18_28_23_967.jpg,/home/esteve/self-driving-ND/CarND-Behavioral-Cloning-P3/data_hard/IMG/right_2017_04_28_18_28_23_967.jpg,-0.1203007,0,0,22.78503
/home/esteve/self-driving-ND/CarND-Behavioral-Cloning-P3/data_hard/IMG/center_2017_04_28_18_28_24_056.jpg,/home/esteve/self-driving-ND/CarND-Behavioral-Cloning-P3/data_hard/IMG/left_2017_04_28_18_28_24_056.jpg,/home/esteve/self-driving-ND/CarND-Behavioral-Cloning-P3/data_hard/IMG/right_2017_04_28_18_28_24_056.jpg,-0.04511278,0,0,22.6685
/home/esteve/self-driving-ND/CarND-Behavioral-Cloning-P3/data_hard/IMG/center_2017_04_28_18_28_24_138.jpg,/home/esteve/self-driving-ND/CarND-Behavioral-Cloning-P3/data_hard/IMG/left_2017_04_28_18_28_24_138.jpg,/home/esteve/self-driving-ND/CarND-Behavioral-Cloning-P3/data_hard/IMG/right_2017_04_28_18_28_24_138.jpg,0.007518797,0,0,22.64049
/home/esteve/self-driving-ND/CarND-Behavioral-Cloning-P3/data_hard/IMG/center_2017_04_28_18_28_24_227.jpg,/home/esteve/self-driving-ND/CarND-Behavioral-Cloning-P3/data_hard/IMG/left_2017_04_28_18_28_24_227.jpg,/home/esteve/self-driving-ND/CarND-Behavioral-Cloning-P3/data_hard/IMG/right_2017_04_28_18_28_24_227.jpg,0.1052632,0,0,22.55215
/home/esteve/self-driving-ND/CarND-Behavioral-Cloning-P3/data_hard/IMG/center_2017_04_28_18_28_24_297.jpg,/home/esteve/self-driving-ND/CarND-Behavioral-Cloning-P3/data_hard/IMG/left_2017_04_28_18_28_24_297.jpg,/home/esteve/self-driving-ND/CarND-Behavioral-Cloning-P3/data_hard/IMG/right_2017_04_28_18_28_24_297.jpg,0.1278196,0,0,22.45178
/home/esteve/self-driving-ND/CarND-Behavioral-Cloning-P3/data_hard/IMG/center_2017_04_28_18_28_24_377.jpg,/home/esteve/self-driving-ND/CarND-Behavioral-Cloning-P3/data_hard/IMG/left_2017_04_28_18_28_24_377.jpg,/home/esteve/self-driving-ND/CarND-Behavioral-Cloning-P3/data_hard/IMG/right_2017_04_28_18_28_24_377.jpg,0.1353384,0,0,22.34952
/home/esteve/self-driving-ND/CarND-Behavioral-Cloning-P3/data_hard/IMG/center_2017_04_28_18_28_24_459.jpg,/home/esteve/self-driving-ND/CarND-Behavioral-Cloning-P3/data_hard/IMG/left_2017_04_28_18_28_24_459.jpg,/home/esteve/self-driving-ND/CarND-Behavioral-Cloning-P3/data_hard/IMG/right_2017_04_28_18_28_24_459.jpg,0.1353384,0,0,22.27917
/home/esteve/self-driving-ND/CarND-Behavioral-Cloning-P3/data_hard/IMG/center_2017_04_28_18_28_24_542.jpg,/home/esteve/self-driving-ND/CarND-Behavioral-Cloning-P3/data_hard/IMG/left_2017_04_28_18_28_24_542.jpg,/home/esteve/self-driving-ND/CarND-Behavioral-Cloning-P3/data_hard/IMG/right_2017_04_28_18_28_24_542.jpg,0.1353384,0,0,22.25009
/home/esteve/self-driving-ND/CarND-Behavioral-Cloning-P3/data_hard/IMG/center_2017_04_28_18_28_24_623.jpg,/home/esteve/self-driving-ND/CarND-Behavioral-Cloning-P3/data_hard/IMG/left_2017_04_28_18_28_24_623.jpg,/home/esteve/self-driving-ND/CarND-Behavioral-Cloning-P3/data_hard/IMG/right_2017_04_28_18_28_24_623.jpg,0.1353384,0,0,22.24053
/home/esteve/self-driving-ND/CarND-Behavioral-Cloning-P3/data_hard/IMG/center_2017_04_28_18_28_24_703.jpg,/home/esteve/self-driving-ND/CarND-Behavioral-Cloning-P3/data_hard/IMG/left_2017_04_28_18_28_24_703.jpg,/home/esteve/self-driving-ND/CarND-Behavioral-Cloning-P3/data_hard/IMG/right_2017_04_28_18_28_24_703.jpg,0.1654135,0,0,22.25799
/home/esteve/self-driving-ND/CarND-Behavioral-Cloning-P3/data_hard/IMG/center_2017_04_28_18_28_24_780.jpg,/home/esteve/self-driving-ND/CarND-Behavioral-Cloning-P3/data_hard/IMG/left_2017_04_28_18_28_24_780.jpg,/home/esteve/self-driving-ND/CarND-Behavioral-Cloning-P3/data_hard/IMG/right_2017_04_28_18_28_24_780.jpg,0.2406015,0,0,22.3023
/home/esteve/self-driving-ND/CarND-Behavioral-Cloning-P3/data_hard/IMG/center_2017_04_28_18_28_24_853.jpg,/home/esteve/self-driving-ND/CarND-Behavioral-Cloning-P3/data_hard/IMG/left_2017_04_28_18_28_24_853.jpg,/home/esteve/self-driving-ND/CarND-Behavioral-Cloning-P3/data_hard/IMG/right_2017_04_28_18_28_24_853.jpg,0.3533835,0,0,22.32921
/home/esteve/self-driving-ND/CarND-Behavioral-Cloning-P3/data_hard/IMG/center_2017_04_28_18_28_24_928.jpg,/home/esteve/self-driving-ND/CarND-Behavioral-Cloning-P3/data_hard/IMG/left_2017_04_28_18_28_24_928.jpg,/home/esteve/self-driving-ND/CarND-Behavioral-Cloning-P3/data_hard/IMG/right_2017_04_28_18_28_24_928.jpg,0.4285714,0,0,22.38366
/home/esteve/self-driving-ND/CarND-Behavioral-Cloning-P3/data_hard/IMG/center_2017_04_28_18_28_25_009.jpg,/home/esteve/self-driving-ND/CarND-Behavioral-Cloning-P3/data_hard/IMG/left_2017_04_28_18_28_25_009.jpg,/home/esteve/self-driving-ND/CarND-Behavioral-Cloning-P3/data_hard/IMG/right_2017_04_28_18_28_25_009.jpg,0.4887218,0,0,22.45101
/home/esteve/self-driving-ND/CarND-Behavioral-Cloning-P3/data_hard/IMG/center_2017_04_28_18_28_25_086.jpg,/home/esteve/self-driving-ND/CarND-Behavioral-Cloning-P3/data_hard/IMG/left_2017_04_28_18_28_25_086.jpg,/home/esteve/self-driving-ND/CarND-Behavioral-Cloning-P3/data_hard/IMG/right_2017_04_28_18_28_25_086.jpg,0.5037594,0,0,22.55538
/home/esteve/self-driving-ND/CarND-Behavioral-Cloning-P3/data_hard/IMG/center_2017_04_28_18_28_25_154.jpg,/home/esteve/self-driving-ND/CarND-Behavioral-Cloning-P3/data_hard/IMG/left_2017_04_28_18_28_25_154.jpg,/home/esteve/self-driving-ND/CarND-Behavioral-Cloning-P3/data_hard/IMG/right_2017_04_28_18_28_25_154.jpg,0.5037594,0,0,22.6115
/home/esteve/self-driving-ND/CarND-Behavioral-Cloning-P3/data_hard/IMG/center_2017_04_28_18_28_25_229.jpg,/home/esteve/self-driving-ND/CarND-Behavioral-Cloning-P3/data_hard/IMG/left_2017_04_28_18_28_25_229.jpg,/home/esteve/self-driving-ND/CarND-Behavioral-Cloning-P3/data_hard/IMG/right_2017_04_28_18_28_25_229.jpg,0.5037594,0,0,22.77756
/home/esteve/self-driving-ND/CarND-Behavioral-Cloning-P3/data_hard/IMG/center_2017_04_28_18_28_25_298.jpg,/home/esteve/self-driving-ND/CarND-Behavioral-Cloning-P3/data_hard/IMG/left_2017_04_28_18_28_25_298.jpg,/home/esteve/self-driving-ND/CarND-Behavioral-Cloning-P3/data_hard/IMG/right_2017_04_28_18_28_25_298.jpg,0.4436091,0,0,22.91563
/home/esteve/self-driving-ND/CarND-Behavioral-Cloning-P3/data_hard/IMG/center_2017_04_28_18_28_25_373.jpg,/home/esteve/self-driving-ND/CarND-Behavioral-Cloning-P3/data_hard/IMG/left_2017_04_28_18_28_25_373.jpg,/home/esteve/self-driving-ND/CarND-Behavioral-Cloning-P3/data_hard/IMG/right_2017_04_28_18_28_25_373.jpg,0.3533835,0,0,23.1158
/home/esteve/self-driving-ND/CarND-Behavioral-Cloning-P3/data_hard/IMG/center_2017_04_28_18_28_25_443.jpg,/home/esteve/self-driving-ND/CarND-Behavioral-Cloning-P3/data_hard/IMG/left_2017_04_28_18_28_25_443.jpg,/home/esteve/self-driving-ND/CarND-Behavioral-Cloning-P3/data_hard/IMG/right_2017_04_28_18_28_25_443.jpg,0.2481203,0,0,23.33599
/home/esteve/self-driving-ND/CarND-Behavioral-Cloning-P3/data_hard/IMG/center_2017_04_28_18_28_25_516.jpg,/home/esteve/self-driving-ND/CarND-Behavioral-Cloning-P3/data_hard/IMG/left_2017_04_28_18_28_25_516.jpg,/home/esteve/self-driving-ND/CarND-Behavioral-Cloning-P3/data_hard/IMG/right_2017_04_28_18_28_25_516.jpg,0.1879699,0,0,23.49751
/home/esteve/self-driving-ND/CarND-Behavioral-Cloning-P3/data_hard/IMG/center_2017_04_28_18_28_25_589.jpg,/home/esteve/self-driving-ND/CarND-Behavioral-Cloning-P3/data_hard/IMG/left_2017_04_28_18_28_25_589.jpg,/home/esteve/self-driving-ND/CarND-Behavioral-Cloning-P3/data_hard/IMG/right_2017_04_28_18_28_25_589.jpg,0.1729323,0,0,23.72091
/home/esteve/self-driving-ND/CarND-Behavioral-Cloning-P3/data_hard/IMG/center_2017_04_28_18_28_25_669.jpg,/home/esteve/self-driving-ND/CarND-Behavioral-Cloning-P3/data_hard/IMG/left_2017_04_28_18_28_25_669.jpg,/home/esteve/self-driving-ND/CarND-Behavioral-Cloning-P3/data_hard/IMG/right_2017_04_28_18_28_25_669.jpg,0.1729323,0,0,23.92231
/home/esteve/self-driving-ND/CarND-Behavioral-Cloning-P3/data_hard/IMG/center_2017_04_28_18_28_25_743.jpg,/home/esteve/self-driving-ND/CarND-Behavioral-Cloning-P3/data_hard/IMG/left_2017_04_28_18_28_25_743.jpg,/home/esteve/self-driving-ND/CarND-Behavioral-Cloning-P3/data_hard/IMG/right_2017_04_28_18_28_25_743.jpg,0.1729323,0,0,24.12911
/home/esteve/self-driving-ND/CarND-Behavioral-Cloning-P3/data_hard/IMG/center_2017_04_28_18_28_25_817.jpg,/home/esteve/self-driving-ND/CarND-Behavioral-Cloning-P3/data_hard/IMG/left_2017_04_28_18_28_25_817.jpg,/home/esteve/self-driving-ND/CarND-Behavioral-Cloning-P3/data_hard/IMG/right_2017_04_28_18_28_25_817.jpg,0.3007519,0,0,24.28491
/home/esteve/self-driving-ND/CarND-Behavioral-Cloning-P3/data_hard/IMG/center_2017_04_28_18_28_25_895.jpg,/home/esteve/self-driving-ND/CarND-Behavioral-Cloning-P3/data_hard/IMG/left_2017_04_28_18_28_25_895.jpg,/home/esteve/self-driving-ND/CarND-Behavioral-Cloning-P3/data_hard/IMG/right_2017_04_28_18_28_25_895.jpg,0.4135338,0,0,24.37807
/home/esteve/self-driving-ND/CarND-Behavioral-Cloning-P3/data_hard/IMG/center_2017_04_28_18_28_25_968.jpg,/home/esteve/self-driving-ND/CarND-Behavioral-Cloning-P3/data_hard/IMG/left_2017_04_28_18_28_25_968.jpg,/home/esteve/self-driving-ND/CarND-Behavioral-Cloning-P3/data_hard/IMG/right_2017_04_28_18_28_25_968.jpg,0.4135338,0,0,24.54015
/home/esteve/self-driving-ND/CarND-Behavioral-Cloning-P3/data_hard/IMG/center_2017_04_28_18_28_26_044.jpg,/home/esteve/self-driving-ND/CarND-Behavioral-Cloning-P3/data_hard/IMG/left_2017_04_28_18_28_26_044.jpg,/home/esteve/self-driving-ND/CarND-Behavioral-Cloning-P3/data_hard/IMG/right_2017_04_28_18_28_26_044.jpg,0.4135338,0,0,24.6904
/home/esteve/self-driving-ND/CarND-Behavioral-Cloning-P3/data_hard/IMG/center_2017_04_28_18_28_26_121.jpg,/home/esteve/self-driving-ND/CarND-Behavioral-Cloning-P3/data_hard/IMG/left_2017_04_28_18_28_26_121.jpg,/home/esteve/self-driving-ND/CarND-Behavioral-Cloning-P3/data_hard/IMG/right_2017_04_28_18_28_26_121.jpg,0.4135338,0,0,24.75881
/home/esteve/self-driving-ND/CarND-Behavioral-Cloning-P3/data_hard/IMG/center_2017_04_28_18_28_26_199.jpg,/home/esteve/self-driving-ND/CarND-Behavioral-Cloning-P3/data_hard/IMG/left_2017_04_28_18_28_26_199.jpg,/home/esteve/self-driving-ND/CarND-Behavioral-Cloning-P3/data_hard/IMG/right_2017_04_28_18_28_26_199.jpg,0.4135338,0,0,24.92656
/home/esteve/self-driving-ND/CarND-Behavioral-Cloning-P3/data_hard/IMG/center_2017_04_28_18_28_26_281.jpg,/home/esteve/self-driving-ND/CarND-Behavioral-Cloning-P3/data_hard/IMG/left_2017_04_28_18_28_26_281.jpg,/home/esteve/self-driving-ND/CarND-Behavioral-Cloning-P3/data_hard/IMG/right_2017_04_28_18_28_26_281.jpg,0.4135338,0,0,25.01143
/home/esteve/self-driving-ND/CarND-Behavioral-Cloning-P3/data_hard/IMG/center_2017_04_28_18_28_26_364.jpg,/home/esteve/self-driving-ND/CarND-Behavioral-Cloning-P3/data_hard/IMG/left_2017_04_28_18_28_26_364.jpg,/home/esteve/self-driving-ND/CarND-Behavioral-Cloning-P3/data_hard/IMG/right_2017_04_28_18_28_26_364.jpg,0.2406015,0,0,25.12967
/home/esteve/self-driving-ND/CarND-Behavioral-Cloning-P3/data_hard/IMG/center_2017_04_28_18_28_26_442.jpg,/home/esteve/self-driving-ND/CarND-Behavioral-Cloning-P3/data_hard/IMG/left_2017_04_28_18_28_26_442.jpg,/home/esteve/self-driving-ND/CarND-Behavioral-Cloning-P3/data_hard/IMG/right_2017_04_28_18_28_26_442.jpg,0.2330827,0,0,25.2282
/home/esteve/self-driving-ND/CarND-Behavioral-Cloning-P3/data_hard/IMG/center_2017_04_28_18_28_26_523.jpg,/home/esteve/self-driving-ND/CarND-Behavioral-Cloning-P3/data_hard/IMG/left_2017_04_28_18_28_26_523.jpg,/home/esteve/self-driving-ND/CarND-Behavioral-Cloning-P3/data_hard/IMG/right_2017_04_28_18_28_26_523.jpg,0.2781955,0,0,25.21513
/home/esteve/self-driving-ND/CarND-Behavioral-Cloning-P3/data_hard/IMG/center_2017_04_28_18_28_26_603.jpg,/home/esteve/self-driving-ND/CarND-Behavioral-Cloning-P3/data_hard/IMG/left_2017_04_28_18_28_26_603.jpg,/home/esteve/self-driving-ND/CarND-Behavioral-Cloning-P3/data_hard/IMG/right_2017_04_28_18_28_26_603.jpg,0.4285714,0,0,25.26106
/home/esteve/self-driving-ND/CarND-Behavioral-Cloning-P3/data_hard/IMG/center_2017_04_28_18_28_26_692.jpg,/home/esteve/self-driving-ND/CarND-Behavioral-Cloning-P3/data_hard/IMG/left_2017_04_28_18_28_26_692.jpg,/home/esteve/self-driving-ND/CarND-Behavioral-Cloning-P3/data_hard/IMG/right_2017_04_28_18_28_26_692.jpg,0.481203,0,0,24.9702
/home/esteve/self-driving-ND/CarND-Behavioral-Cloning-P3/data_hard/IMG/center_2017_04_28_18_28_26_777.jpg,/home/esteve/self-driving-ND/CarND-Behavioral-Cloning-P3/data_hard/IMG/left_2017_04_28_18_28_26_777.jpg,/home/esteve/self-driving-ND/CarND-Behavioral-Cloning-P3/data_hard/IMG/right_2017_04_28_18_28_26_777.jpg,0.4887218,0,0,24.82989
/home/esteve/self-driving-ND/CarND-Behavioral-Cloning-P3/data_hard/IMG/center_2017_04_28_18_28_26_853.jpg,/home/esteve/self-driving-ND/CarND-Behavioral-Cloning-P3/data_hard/IMG/left_2017_04_28_18_28_26_853.jpg,/home/esteve/self-driving-ND/CarND-Behavioral-Cloning-P3/data_hard/IMG/right_2017_04_28_18_28_26_853.jpg,0.4887218,0,0,24.87128
/home/esteve/self-driving-ND/CarND-Behavioral-Cloning-P3/data_hard/IMG/center_2017_04_28_18_28_26_938.jpg,/home/esteve/self-driving-ND/CarND-Behavioral-Cloning-P3/data_hard/IMG/left_2017_04_28_18_28_26_938.jpg,/home/esteve/self-driving-ND/CarND-Behavioral-Cloning-P3/data_hard/IMG/right_2017_04_28_18_28_26_938.jpg,0.5413534,0,0,24.75812
/home/esteve/self-driving-ND/CarND-Behavioral-Cloning-P3/data_hard/IMG/center_2017_04_28_18_28_27_025.jpg,/home/esteve/self-driving-ND/CarND-Behavioral-Cloning-P3/data_hard/IMG/left_2017_04_28_18_28_27_025.jpg,/home/esteve/self-driving-ND/CarND-Behavioral-Cloning-P3/data_hard/IMG/right_2017_04_28_18_28_27_025.jpg,0.5488722,0,0,24.61845
/home/esteve/self-driving-ND/CarND-Behavioral-Cloning-P3/data_hard/IMG/center_2017_04_28_18_28_27_108.jpg,/home/esteve/self-driving-ND/CarND-Behavioral-Cloning-P3/data_hard/IMG/left_2017_04_28_18_28_27_108.jpg,/home/esteve/self-driving-ND/CarND-Behavioral-Cloning-P3/data_hard/IMG/right_2017_04_28_18_28_27_108.jpg,0.5488722,0,0,24.66341
/home/esteve/self-driving-ND/CarND-Behavioral-Cloning-P3/data_hard/IMG/center_2017_04_28_18_28_27_191.jpg,/home/esteve/self-driving-ND/CarND-Behavioral-Cloning-P3/data_hard/IMG/left_2017_04_28_18_28_27_191.jpg,/home/esteve/self-driving-ND/CarND-Behavioral-Cloning-P3/data_hard/IMG/right_2017_04_28_18_28_27_191.jpg,0.5488722,0,0,24.58283
/home/esteve/self-driving-ND/CarND-Behavioral-Cloning-P3/data_hard/IMG/center_2017_04_28_18_28_27_278.jpg,/home/esteve/self-driving-ND/CarND-Behavioral-Cloning-P3/data_hard/IMG/left_2017_04_28_18_28_27_278.jpg,/home/esteve/self-driving-ND/CarND-Behavioral-Cloning-P3/data_hard/IMG/right_2017_04_28_18_28_27_278.jpg,0.5488722,0,0,24.54297
/home/esteve/self-driving-ND/CarND-Behavioral-Cloning-P3/data_hard/IMG/center_2017_04_28_18_28_27_358.jpg,/home/esteve/self-driving-ND/CarND-Behavioral-Cloning-P3/data_hard/IMG/left_2017_04_28_18_28_27_358.jpg,/home/esteve/self-driving-ND/CarND-Behavioral-Cloning-P3/data_hard/IMG/right_2017_04_28_18_28_27_358.jpg,0.5338346,0,0,24.44835
/home/esteve/self-driving-ND/CarND-Behavioral-Cloning-P3/data_hard/IMG/center_2017_04_28_18_28_27_447.jpg,/home/esteve/self-driving-ND/CarND-Behavioral-Cloning-P3/data_hard/IMG/left_2017_04_28_18_28_27_447.jpg,/home/esteve/self-driving-ND/CarND-Behavioral-Cloning-P3/data_hard/IMG/right_2017_04_28_18_28_27_447.jpg,0.5263158,0,0,24.5646
/home/esteve/self-driving-ND/CarND-Behavioral-Cloning-P3/data_hard/IMG/center_2017_04_28_18_28_27_516.jpg,/home/esteve/self-driving-ND/CarND-Behavioral-Cloning-P3/data_hard/IMG/left_2017_04_28_18_28_27_516.jpg,/home/esteve/self-driving-ND/CarND-Behavioral-Cloning-P3/data_hard/IMG/right_2017_04_28_18_28_27_516.jpg,0.5263158,0,0,24.59736
/home/esteve/self-driving-ND/CarND-Behavioral-Cloning-P3/data_hard/IMG/center_2017_04_28_18_28_27_585.jpg,/home/esteve/self-driving-ND/CarND-Behavioral-Cloning-P3/data_hard/IMG/left_2017_04_28_18_28_27_585.jpg,/home/esteve/self-driving-ND/CarND-Behavioral-Cloning-P3/data_hard/IMG/right_2017_04_28_18_28_27_585.jpg,0.5263158,0,0,24.79653
/home/esteve/self-driving-ND/CarND-Behavioral-Cloning-P3/data_hard/IMG/center_2017_04_28_18_28_27_677.jpg,/home/esteve/self-driving-ND/CarND-Behavioral-Cloning-P3/data_hard/IMG/left_2017_04_28_18_28_27_677.jpg,/home/esteve/self-driving-ND/CarND-Behavioral-Cloning-P3/data_hard/IMG/right_2017_04_28_18_28_27_677.jpg,0.5263158,0,0,25.00365
/home/esteve/self-driving-ND/CarND-Behavioral-Cloning-P3/data_hard/IMG/center_2017_04_28_18_28_27_757.jpg,/home/esteve/self-driving-ND/CarND-Behavioral-Cloning-P3/data_hard/IMG/left_2017_04_28_18_28_27_757.jpg,/home/esteve/self-driving-ND/CarND-Behavioral-Cloning-P3/data_hard/IMG/right_2017_04_28_18_28_27_757.jpg,0.1353384,0,0,25.31292
/home/esteve/self-driving-ND/CarND-Behavioral-Cloning-P3/data_hard/IMG/center_2017_04_28_18_28_27_826.jpg,/home/esteve/self-driving-ND/CarND-Behavioral-Cloning-P3/data_hard/IMG/left_2017_04_28_18_28_27_826.jpg,/home/esteve/self-driving-ND/CarND-Behavioral-Cloning-P3/data_hard/IMG/right_2017_04_28_18_28_27_826.jpg,-0.2255639,0,0,25.38093
/home/esteve/self-driving-ND/CarND-Behavioral-Cloning-P3/data_hard/IMG/center_2017_04_28_18_28_27_918.jpg,/home/esteve/self-driving-ND/CarND-Behavioral-Cloning-P3/data_hard/IMG/left_2017_04_28_18_28_27_918.jpg,/home/esteve/self-driving-ND/CarND-Behavioral-Cloning-P3/data_hard/IMG/right_2017_04_28_18_28_27_918.jpg,-0.2481203,0,0,25.56651
/home/esteve/self-driving-ND/CarND-Behavioral-Cloning-P3/data_hard/IMG/center_2017_04_28_18_28_27_986.jpg,/home/esteve/self-driving-ND/CarND-Behavioral-Cloning-P3/data_hard/IMG/left_2017_04_28_18_28_27_986.jpg,/home/esteve/self-driving-ND/CarND-Behavioral-Cloning-P3/data_hard/IMG/right_2017_04_28_18_28_27_986.jpg,-0.2481203,0,0,25.76893
/home/esteve/self-driving-ND/CarND-Behavioral-Cloning-P3/data_hard/IMG/center_2017_04_28_18_28_28_053.jpg,/home/esteve/self-driving-ND/CarND-Behavioral-Cloning-P3/data_hard/IMG/left_2017_04_28_18_28_28_053.jpg,/home/esteve/self-driving-ND/CarND-Behavioral-Cloning-P3/data_hard/IMG/right_2017_04_28_18_28_28_053.jpg,-0.2481203,0,0,25.91836
/home/esteve/self-driving-ND/CarND-Behavioral-Cloning-P3/data_hard/IMG/center_2017_04_28_18_28_28_146.jpg,/home/esteve/self-driving-ND/CarND-Behavioral-Cloning-P3/data_hard/IMG/left_2017_04_28_18_28_28_146.jpg,/home/esteve/self-driving-ND/CarND-Behavioral-Cloning-P3/data_hard/IMG/right_2017_04_28_18_28_28_146.jpg,-0.2481203,0,0,26.07565
/home/esteve/self-driving-ND/CarND-Behavioral-Cloning-P3/data_hard/IMG/center_2017_04_28_18_28_28_213.jpg,/home/esteve/self-driving-ND/CarND-Behavioral-Cloning-P3/data_hard/IMG/left_2017_04_28_18_28_28_213.jpg,/home/esteve/self-driving-ND/CarND-Behavioral-Cloning-P3/data_hard/IMG/right_2017_04_28_18_28_28_213.jpg,-0.2481203,0,0,26.28352
/home/esteve/self-driving-ND/CarND-Behavioral-Cloning-P3/data_hard/IMG/center_2017_04_28_18_28_28_304.jpg,/home/esteve/self-driving-ND/CarND-Behavioral-Cloning-P3/data_hard/IMG/left_2017_04_28_18_28_28_304.jpg,/home/esteve/self-driving-ND/CarND-Behavioral-Cloning-P3/data_hard/IMG/right_2017_04_28_18_28_28_304.jpg,-0.2481203,0,0,26.45007
/home/esteve/self-driving-ND/CarND-Behavioral-Cloning-P3/data_hard/IMG/center_2017_04_28_18_28_28_372.jpg,/home/esteve/self-driving-ND/CarND-Behavioral-Cloning-P3/data_hard/IMG/left_2017_04_28_18_28_28_372.jpg,/home/esteve/self-driving-ND/CarND-Behavioral-Cloning-P3/data_hard/IMG/right_2017_04_28_18_28_28_372.jpg,-0.2481203,0,0,26.47702
/home/esteve/self-driving-ND/CarND-Behavioral-Cloning-P3/data_hard/IMG/center_2017_04_28_18_28_28_441.jpg,/home/esteve/self-driving-ND/CarND-Behavioral-Cloning-P3/data_hard/IMG/left_2017_04_28_18_28_28_441.jpg,/home/esteve/self-driving-ND/CarND-Behavioral-Cloning-P3/data_hard/IMG/right_2017_04_28_18_28_28_441.jpg,-0.2631579,0,0,26.58998
/home/esteve/self-driving-ND/CarND-Behavioral-Cloning-P3/data_hard/IMG/center_2017_04_28_18_28_28_508.jpg,/home/esteve/self-driving-ND/CarND-Behavioral-Cloning-P3/data_hard/IMG/left_2017_04_28_18_28_28_508.jpg,/home/esteve/self-driving-ND/CarND-Behavioral-Cloning-P3/data_hard/IMG/right_2017_04_28_18_28_28_508.jpg,-0.2631579,0,0,26.79026
/home/esteve/self-driving-ND/CarND-Behavioral-Cloning-P3/data_hard/IMG/center_2017_04_28_18_28_28_579.jpg,/home/esteve/self-driving-ND/CarND-Behavioral-Cloning-P3/data_hard/IMG/left_2017_04_28_18_28_28_579.jpg,/home/esteve/self-driving-ND/CarND-Behavioral-Cloning-P3/data_hard/IMG/right_2017_04_28_18_28_28_579.jpg,-0.2556391,0,0,26.75836
/home/esteve/self-driving-ND/CarND-Behavioral-Cloning-P3/data_hard/IMG/center_2017_04_28_18_28_28_671.jpg,/home/esteve/self-driving-ND/CarND-Behavioral-Cloning-P3/data_hard/IMG/left_2017_04_28_18_28_28_671.jpg,/home/esteve/self-driving-ND/CarND-Behavioral-Cloning-P3/data_hard/IMG/right_2017_04_28_18_28_28_671.jpg,-0.2255639,0,0,26.42965
/home/esteve/self-driving-ND/CarND-Behavioral-Cloning-P3/data_hard/IMG/center_2017_04_28_18_28_28_739.jpg,/home/esteve/self-driving-ND/CarND-Behavioral-Cloning-P3/data_hard/IMG/left_2017_04_28_18_28_28_739.jpg,/home/esteve/self-driving-ND/CarND-Behavioral-Cloning-P3/data_hard/IMG/right_2017_04_28_18_28_28_739.jpg,0.09022556,0,0,26.62114
/home/esteve/self-driving-ND/CarND-Behavioral-Cloning-P3/data_hard/IMG/center_2017_04_28_18_28_28_826.jpg,/home/esteve/self-driving-ND/CarND-Behavioral-Cloning-P3/data_hard/IMG/left_2017_04_28_18_28_28_826.jpg,/home/esteve/self-driving-ND/CarND-Behavioral-Cloning-P3/data_hard/IMG/right_2017_04_28_18_28_28_826.jpg,0.2255639,0,0,26.38207
/home/esteve/self-driving-ND/CarND-Behavioral-Cloning-P3/data_hard/IMG/center_2017_04_28_18_28_28_908.jpg,/home/esteve/self-driving-ND/CarND-Behavioral-Cloning-P3/data_hard/IMG/left_2017_04_28_18_28_28_908.jpg,/home/esteve/self-driving-ND/CarND-Behavioral-Cloning-P3/data_hard/IMG/right_2017_04_28_18_28_28_908.jpg,0.2330827,0,0,26.25247
/home/esteve/self-driving-ND/CarND-Behavioral-Cloning-P3/data_hard/IMG/center_2017_04_28_18_28_28_993.jpg,/home/esteve/self-driving-ND/CarND-Behavioral-Cloning-P3/data_hard/IMG/left_2017_04_28_18_28_28_993.jpg,/home/esteve/self-driving-ND/CarND-Behavioral-Cloning-P3/data_hard/IMG/right_2017_04_28_18_28_28_993.jpg,0.2330827,0,0,26.15426
/home/esteve/self-driving-ND/CarND-Behavioral-Cloning-P3/data_hard/IMG/center_2017_04_28_18_28_29_060.jpg,/home/esteve/self-driving-ND/CarND-Behavioral-Cloning-P3/data_hard/IMG/left_2017_04_28_18_28_29_060.jpg,/home/esteve/self-driving-ND/CarND-Behavioral-Cloning-P3/data_hard/IMG/right_2017_04_28_18_28_29_060.jpg,0.2330827,0,0,26.1313
/home/esteve/self-driving-ND/CarND-Behavioral-Cloning-P3/data_hard/IMG/center_2017_04_28_18_28_29_128.jpg,/home/esteve/self-driving-ND/CarND-Behavioral-Cloning-P3/data_hard/IMG/left_2017_04_28_18_28_29_128.jpg,/home/esteve/self-driving-ND/CarND-Behavioral-Cloning-P3/data_hard/IMG/right_2017_04_28_18_28_29_128.jpg,0.2330827,0,0,26.12393
/home/esteve/self-driving-ND/CarND-Behavioral-Cloning-P3/data_hard/IMG/center_2017_04_28_18_28_29_209.jpg,/home/esteve/self-driving-ND/CarND-Behavioral-Cloning-P3/data_hard/IMG/left_2017_04_28_18_28_29_209.jpg,/home/esteve/self-driving-ND/CarND-Behavioral-Cloning-P3/data_hard/IMG/right_2017_04_28_18_28_29_209.jpg,0.2406015,0,0,26.15758
/home/esteve/self-driving-ND/CarND-Behavioral-Cloning-P3/data_hard/IMG/center_2017_04_28_18_28_29_293.jpg,/home/esteve/self-driving-ND/CarND-Behavioral-Cloning-P3/data_hard/IMG/left_2017_04_28_18_28_29_293.jpg,/home/esteve/self-driving-ND/CarND-Behavioral-Cloning-P3/data_hard/IMG/right_2017_04_28_18_28_29_293.jpg,0.2481203,0,0,26.40905
/home/esteve/self-driving-ND/CarND-Behavioral-Cloning-P3/data_hard/IMG/center_2017_04_28_18_28_29_384.jpg,/home/esteve/self-driving-ND/CarND-Behavioral-Cloning-P3/data_hard/IMG/left_2017_04_28_18_28_29_384.jpg,/home/esteve/self-driving-ND/CarND-Behavioral-Cloning-P3/data_hard/IMG/right_2017_04_28_18_28_29_384.jpg,0.1879699,0,0,26.80026
/home/esteve/self-driving-ND/CarND-Behavioral-Cloning-P3/data_hard/IMG/center_2017_04_28_18_28_29_469.jpg,/home/esteve/self-driving-ND/CarND-Behavioral-Cloning-P3/data_hard/IMG/left_2017_04_28_18_28_29_469.jpg,/home/esteve/self-driving-ND/CarND-Behavioral-Cloning-P3/data_hard/IMG/right_2017_04_28_18_28_29_469.jpg,0.1203007,0,0,26.96881
/home/esteve/self-driving-ND/CarND-Behavioral-Cloning-P3/data_hard/IMG/center_2017_04_28_18_28_29_566.jpg,/home/esteve/self-driving-ND/CarND-Behavioral-Cloning-P3/data_hard/IMG/left_2017_04_28_18_28_29_566.jpg,/home/esteve/self-driving-ND/CarND-Behavioral-Cloning-P3/data_hard/IMG/right_2017_04_28_18_28_29_566.jpg,0.112782,0,0,27.31847
/home/esteve/self-driving-ND/CarND-Behavioral-Cloning-P3/data_hard/IMG/center_2017_04_28_18_28_29_645.jpg,/home/esteve/self-driving-ND/CarND-Behavioral-Cloning-P3/data_hard/IMG/left_2017_04_28_18_28_29_645.jpg,/home/esteve/self-driving-ND/CarND-Behavioral-Cloning-P3/data_hard/IMG/right_2017_04_28_18_28_29_645.jpg,0.112782,0,0,27.22757
/home/esteve/self-driving-ND/CarND-Behavioral-Cloning-P3/data_hard/IMG/center_2017_04_28_18_28_29_727.jpg,/home/esteve/self-driving-ND/CarND-Behavioral-Cloning-P3/data_hard/IMG/left_2017_04_28_18_28_29_727.jpg,/home/esteve/self-driving-ND/CarND-Behavioral-Cloning-P3/data_hard/IMG/right_2017_04_28_18_28_29_727.jpg,0.112782,0,0,27.72163
/home/esteve/self-driving-ND/CarND-Behavioral-Cloning-P3/data_hard/IMG/center_2017_04_28_18_28_29_791.jpg,/home/esteve/self-driving-ND/CarND-Behavioral-Cloning-P3/data_hard/IMG/left_2017_04_28_18_28_29_791.jpg,/home/esteve/self-driving-ND/CarND-Behavioral-Cloning-P3/data_hard/IMG/right_2017_04_28_18_28_29_791.jpg,0.08270676,0,0,27.90229
/home/esteve/self-driving-ND/CarND-Behavioral-Cloning-P3/data_hard/IMG/center_2017_04_28_18_28_29_876.jpg,/home/esteve/self-driving-ND/CarND-Behavioral-Cloning-P3/data_hard/IMG/left_2017_04_28_18_28_29_876.jpg,/home/esteve/self-driving-ND/CarND-Behavioral-Cloning-P3/data_hard/IMG/right_2017_04_28_18_28_29_876.jpg,0.04511278,0,0,28.1131
/home/esteve/self-driving-ND/CarND-Behavioral-Cloning-P3/data_hard/IMG/center_2017_04_28_18_28_29_964.jpg,/home/esteve/self-driving-ND/CarND-Behavioral-Cloning-P3/data_hard/IMG/left_2017_04_28_18_28_29_964.jpg,/home/esteve/self-driving-ND/CarND-Behavioral-Cloning-P3/data_hard/IMG/right_2017_04_28_18_28_29_964.jpg,0.04511278,0,0,28.30857
/home/esteve/self-driving-ND/CarND-Behavioral-Cloning-P3/data_hard/IMG/center_2017_04_28_18_28_30_047.jpg,/home/esteve/self-driving-ND/CarND-Behavioral-Cloning-P3/data_hard/IMG/left_2017_04_28_18_28_30_047.jpg,/home/esteve/self-driving-ND/CarND-Behavioral-Cloning-P3/data_hard/IMG/right_2017_04_28_18_28_30_047.jpg,0.04511278,0,0,28.47556
/home/esteve/self-driving-ND/CarND-Behavioral-Cloning-P3/data_hard/IMG/center_2017_04_28_18_28_30_129.jpg,/home/esteve/self-driving-ND/CarND-Behavioral-Cloning-P3/data_hard/IMG/left_2017_04_28_18_28_30_129.jpg,/home/esteve/self-driving-ND/CarND-Behavioral-Cloning-P3/data_hard/IMG/right_2017_04_28_18_28_30_129.jpg,-0.04511278,0,0,28.68734
/home/esteve/self-driving-ND/CarND-Behavioral-Cloning-P3/data_hard/IMG/center_2017_04_28_18_28_30_214.jpg,/home/esteve/self-driving-ND/CarND-Behavioral-Cloning-P3/data_hard/IMG/left_2017_04_28_18_28_30_214.jpg,/home/esteve/self-driving-ND/CarND-Behavioral-Cloning-P3/data_hard/IMG/right_2017_04_28_18_28_30_214.jpg,-0.3082707,0,0,28.65364
/home/esteve/self-driving-ND/CarND-Behavioral-Cloning-P3/data_hard/IMG/center_2017_04_28_18_28_30_302.jpg,/home/esteve/self-driving-ND/CarND-Behavioral-Cloning-P3/data_hard/IMG/left_2017_04_28_18_28_30_302.jpg,/home/esteve/self-driving-ND/CarND-Behavioral-Cloning-P3/data_hard/IMG/right_2017_04_28_18_28_30_302.jpg,-0.3533835,0,0,28.65658
/home/esteve/self-driving-ND/CarND-Behavioral-Cloning-P3/data_hard/IMG/center_2017_04_28_18_28_30_384.jpg,/home/esteve/self-driving-ND/CarND-Behavioral-Cloning-P3/data_hard/IMG/left_2017_04_28_18_28_30_384.jpg,/home/esteve/self-driving-ND/CarND-Behavioral-Cloning-P3/data_hard/IMG/right_2017_04_28_18_28_30_384.jpg,-0.3533835,0,0,28.78347
/home/esteve/self-driving-ND/CarND-Behavioral-Cloning-P3/data_hard/IMG/center_2017_04_28_18_28_30_451.jpg,/home/esteve/self-driving-ND/CarND-Behavioral-Cloning-P3/data_hard/IMG/left_2017_04_28_18_28_30_451.jpg,/home/esteve/self-driving-ND/CarND-Behavioral-Cloning-P3/data_hard/IMG/right_2017_04_28_18_28_30_451.jpg,-0.3609022,0,0,28.74443
/home/esteve/self-driving-ND/CarND-Behavioral-Cloning-P3/data_hard/IMG/center_2017_04_28_18_28_30_534.jpg,/home/esteve/self-driving-ND/CarND-Behavioral-Cloning-P3/data_hard/IMG/left_2017_04_28_18_28_30_534.jpg,/home/esteve/self-driving-ND/CarND-Behavioral-Cloning-P3/data_hard/IMG/right_2017_04_28_18_28_30_534.jpg,-0.3759399,0,0,28.44658
/home/esteve/self-driving-ND/CarND-Behavioral-Cloning-P3/data_hard/IMG/center_2017_04_28_18_28_30_613.jpg,/home/esteve/self-driving-ND/CarND-Behavioral-Cloning-P3/data_hard/IMG/left_2017_04_28_18_28_30_613.jpg,/home/esteve/self-driving-ND/CarND-Behavioral-Cloning-P3/data_hard/IMG/right_2017_04_28_18_28_30_613.jpg,-0.3759399,0,0,28.35734
/home/esteve/self-driving-ND/CarND-Behavioral-Cloning-P3/data_hard/IMG/center_2017_04_28_18_28_30_681.jpg,/home/esteve/self-driving-ND/CarND-Behavioral-Cloning-P3/data_hard/IMG/left_2017_04_28_18_28_30_681.jpg,/home/esteve/self-driving-ND/CarND-Behavioral-Cloning-P3/data_hard/IMG/right_2017_04_28_18_28_30_681.jpg,-0.3609022,0,0,28.43621
/home/esteve/self-driving-ND/CarND-Behavioral-Cloning-P3/data_hard/IMG/center_2017_04_28_18_28_30_762.jpg,/home/esteve/self-driving-ND/CarND-Behavioral-Cloning-P3/data_hard/IMG/left_2017_04_28_18_28_30_762.jpg,/home/esteve/self-driving-ND/CarND-Behavioral-Cloning-P3/data_hard/IMG/right_2017_04_28_18_28_30_762.jpg,-0.3533835,0,0,28.14054
/home/esteve/self-driving-ND/CarND-Behavioral-Cloning-P3/data_hard/IMG/center_2017_04_28_18_28_30_843.jpg,/home/esteve/self-driving-ND/CarND-Behavioral-Cloning-P3/data_hard/IMG/left_2017_04_28_18_28_30_843.jpg,/home/esteve/self-driving-ND/CarND-Behavioral-Cloning-P3/data_hard/IMG/right_2017_04_28_18_28_30_843.jpg,-0.2857143,0,0,27.88147
/home/esteve/self-driving-ND/CarND-Behavioral-Cloning-P3/data_hard/IMG/center_2017_04_28_18_28_30_926.jpg,/home/esteve/self-driving-ND/CarND-Behavioral-Cloning-P3/data_hard/IMG/left_2017_04_28_18_28_30_926.jpg,/home/esteve/self-driving-ND/CarND-Behavioral-Cloning-P3/data_hard/IMG/right_2017_04_28_18_28_30_926.jpg,-0.1353384,0,0,27.76116
/home/esteve/self-driving-ND/CarND-Behavioral-Cloning-P3/data_hard/IMG/center_2017_04_28_18_28_31_004.jpg,/home/esteve/self-driving-ND/CarND-Behavioral-Cloning-P3/data_hard/IMG/left_2017_04_28_18_28_31_004.jpg,/home/esteve/self-driving-ND/CarND-Behavioral-Cloning-P3/data_hard/IMG/right_2017_04_28_18_28_31_004.jpg,-0.1353384,0,0,27.56374
/home/esteve/self-driving-ND/CarND-Behavioral-Cloning-P3/data_hard/IMG/center_2017_04_28_18_28_31_082.jpg,/home/esteve/self-driving-ND/CarND-Behavioral-Cloning-P3/data_hard/IMG/left_2017_04_28_18_28_31_082.jpg,/home/esteve/self-driving-ND/CarND-Behavioral-Cloning-P3/data_hard/IMG/right_2017_04_28_18_28_31_082.jpg,-0.1353384,0,0,27.3754
/home/esteve/self-driving-ND/CarND-Behavioral-Cloning-P3/data_hard/IMG/center_2017_04_28_18_28_31_168.jpg,/home/esteve/self-driving-ND/CarND-Behavioral-Cloning-P3/data_hard/IMG/left_2017_04_28_18_28_31_168.jpg,/home/esteve/self-driving-ND/CarND-Behavioral-Cloning-P3/data_hard/IMG/right_2017_04_28_18_28_31_168.jpg,-0.09022556,0,0,27.15997
/home/esteve/self-driving-ND/CarND-Behavioral-Cloning-P3/data_hard/IMG/center_2017_04_28_18_28_31_251.jpg,/home/esteve/self-driving-ND/CarND-Behavioral-Cloning-P3/data_hard/IMG/left_2017_04_28_18_28_31_251.jpg,/home/esteve/self-driving-ND/CarND-Behavioral-Cloning-P3/data_hard/IMG/right_2017_04_28_18_28_31_251.jpg,-0.06015037,0,0,26.94419
/home/esteve/self-driving-ND/CarND-Behavioral-Cloning-P3/data_hard/IMG/center_2017_04_28_18_28_31_329.jpg,/home/esteve/self-driving-ND/CarND-Behavioral-Cloning-P3/data_hard/IMG/left_2017_04_28_18_28_31_329.jpg,/home/esteve/self-driving-ND/CarND-Behavioral-Cloning-P3/data_hard/IMG/right_2017_04_28_18_28_31_329.jpg,-0.06015037,0,0,26.72929
/home/esteve/self-driving-ND/CarND-Behavioral-Cloning-P3/data_hard/IMG/center_2017_04_28_18_28_31_405.jpg,/home/esteve/self-driving-ND/CarND-Behavioral-Cloning-P3/data_hard/IMG/left_2017_04_28_18_28_31_405.jpg,/home/esteve/self-driving-ND/CarND-Behavioral-Cloning-P3/data_hard/IMG/right_2017_04_28_18_28_31_405.jpg,0.007518797,0,0,26.51502
/home/esteve/self-driving-ND/CarND-Behavioral-Cloning-P3/data_hard/IMG/center_2017_04_28_18_28_31_483.jpg,/home/esteve/self-driving-ND/CarND-Behavioral-Cloning-P3/data_hard/IMG/left_2017_04_28_18_28_31_483.jpg,/home/esteve/self-driving-ND/CarND-Behavioral-Cloning-P3/data_hard/IMG/right_2017_04_28_18_28_31_483.jpg,0.2932331,0,0,26.21575
/home/esteve/self-driving-ND/CarND-Behavioral-Cloning-P3/data_hard/IMG/center_2017_04_28_18_28_31_561.jpg,/home/esteve/self-driving-ND/CarND-Behavioral-Cloning-P3/data_hard/IMG/left_2017_04_28_18_28_31_561.jpg,/home/esteve/self-driving-ND/CarND-Behavioral-Cloning-P3/data_hard/IMG/right_2017_04_28_18_28_31_561.jpg,0.3308271,0,0,25.69277
/home/esteve/self-driving-ND/CarND-Behavioral-Cloning-P3/data_hard/IMG/center_2017_04_28_18_28_31_639.jpg,/home/esteve/self-driving-ND/CarND-Behavioral-Cloning-P3/data_hard/IMG/left_2017_04_28_18_28_31_639.jpg,/home/esteve/self-driving-ND/CarND-Behavioral-Cloning-P3/data_hard/IMG/right_2017_04_28_18_28_31_639.jpg,0.4210526,0,0,25.05002
/home/esteve/self-driving-ND/CarND-Behavioral-Cloning-P3/data_hard/IMG/center_2017_04_28_18_28_31_722.jpg,/home/esteve/self-driving-ND/CarND-Behavioral-Cloning-P3/data_hard/IMG/left_2017_04_28_18_28_31_722.jpg,/home/esteve/self-driving-ND/CarND-Behavioral-Cloning-P3/data_hard/IMG/right_2017_04_28_18_28_31_722.jpg,0.481203,0,0,24.20377
/home/esteve/self-driving-ND/CarND-Behavioral-Cloning-P3/data_hard/IMG/center_2017_04_28_18_28_31_800.jpg,/home/esteve/self-driving-ND/CarND-Behavioral-Cloning-P3/data_hard/IMG/left_2017_04_28_18_28_31_800.jpg,/home/esteve/self-driving-ND/CarND-Behavioral-Cloning-P3/data_hard/IMG/right_2017_04_28_18_28_31_800.jpg,0.481203,0,0,23.51811
/home/esteve/self-driving-ND/CarND-Behavioral-Cloning-P3/data_hard/IMG/center_2017_04_28_18_28_31_889.jpg,/home/esteve/self-driving-ND/CarND-Behavioral-Cloning-P3/data_hard/IMG/left_2017_04_28_18_28_31_889.jpg,/home/esteve/self-driving-ND/CarND-Behavioral-Cloning-P3/data_hard/IMG/right_2017_04_28_18_28_31_889.jpg,0.4210526,0,0,22.26811
/home/esteve/self-driving-ND/CarND-Behavioral-Cloning-P3/data_hard/IMG/center_2017_04_28_18_28_31_963.jpg,/home/esteve/self-driving-ND/CarND-Behavioral-Cloning-P3/data_hard/IMG/left_2017_04_28_18_28_31_963.jpg,/home/esteve/self-driving-ND/CarND-Behavioral-Cloning-P3/data_hard/IMG/right_2017_04_28_18_28_31_963.jpg,0.3834586,0,0,21.62365
/home/esteve/self-driving-ND/CarND-Behavioral-Cloning-P3/data_hard/IMG/center_2017_04_28_18_28_32_042.jpg,/home/esteve/self-driving-ND/CarND-Behavioral-Cloning-P3/data_hard/IMG/left_2017_04_28_18_28_32_042.jpg,/home/esteve/self-driving-ND/CarND-Behavioral-Cloning-P3/data_hard/IMG/right_2017_04_28_18_28_32_042.jpg,0.3759399,0,0,20.72703
/home/esteve/self-driving-ND/CarND-Behavioral-Cloning-P3/data_hard/IMG/center_2017_04_28_18_28_32_130.jpg,/home/esteve/self-driving-ND/CarND-Behavioral-Cloning-P3/data_hard/IMG/left_2017_04_28_18_28_32_130.jpg,/home/esteve/self-driving-ND/CarND-Behavioral-Cloning-P3/data_hard/IMG/right_2017_04_28_18_28_32_130.jpg,0.3007519,0.186666,0,19.64115
/home/esteve/self-driving-ND/CarND-Behavioral-Cloning-P3/data_hard/IMG/center_2017_04_28_18_28_32_204.jpg,/home/esteve/self-driving-ND/CarND-Behavioral-Cloning-P3/data_hard/IMG/left_2017_04_28_18_28_32_204.jpg,/home/esteve/self-driving-ND/CarND-Behavioral-Cloning-P3/data_hard/IMG/right_2017_04_28_18_28_32_204.jpg,0.2857143,0.4254656,0,19.26661
/home/esteve/self-driving-ND/CarND-Behavioral-Cloning-P3/data_hard/IMG/center_2017_04_28_18_28_32_281.jpg,/home/esteve/self-driving-ND/CarND-Behavioral-Cloning-P3/data_hard/IMG/left_2017_04_28_18_28_32_281.jpg,/home/esteve/self-driving-ND/CarND-Behavioral-Cloning-P3/data_hard/IMG/right_2017_04_28_18_28_32_281.jpg,0.3233083,0.6565046,0,19.12386
/home/esteve/self-driving-ND/CarND-Behavioral-Cloning-P3/data_hard/IMG/center_2017_04_28_18_28_32_363.jpg,/home/esteve/self-driving-ND/CarND-Behavioral-Cloning-P3/data_hard/IMG/left_2017_04_28_18_28_32_363.jpg,/home/esteve/self-driving-ND/CarND-Behavioral-Cloning-P3/data_hard/IMG/right_2017_04_28_18_28_32_363.jpg,0.4436091,0.8892717,0,19.13335
/home/esteve/self-driving-ND/CarND-Behavioral-Cloning-P3/data_hard/IMG/center_2017_04_28_18_28_32_441.jpg,/home/esteve/self-driving-ND/CarND-Behavioral-Cloning-P3/data_hard/IMG/left_2017_04_28_18_28_32_441.jpg,/home/esteve/self-driving-ND/CarND-Behavioral-Cloning-P3/data_hard/IMG/right_2017_04_28_18_28_32_441.jpg,0.4661654,0.9431229,0,19.30071
/home/esteve/self-driving-ND/CarND-Behavioral-Cloning-P3/data_hard/IMG/center_2017_04_28_18_28_32_520.jpg,/home/esteve/self-driving-ND/CarND-Behavioral-Cloning-P3/data_hard/IMG/left_2017_04_28_18_28_32_520.jpg,/home/esteve/self-driving-ND/CarND-Behavioral-Cloning-P3/data_hard/IMG/right_2017_04_28_18_28_32_520.jpg,0.4736842,0.707725,0,19.50841
/home/esteve/self-driving-ND/CarND-Behavioral-Cloning-P3/data_hard/IMG/center_2017_04_28_18_28_32_606.jpg,/home/esteve/self-driving-ND/CarND-Behavioral-Cloning-P3/data_hard/IMG/left_2017_04_28_18_28_32_606.jpg,/home/esteve/self-driving-ND/CarND-Behavioral-Cloning-P3/data_hard/IMG/right_2017_04_28_18_28_32_606.jpg,0.4736842,0.4477632,0,19.62127
/home/esteve/self-driving-ND/CarND-Behavioral-Cloning-P3/data_hard/IMG/center_2017_04_28_18_28_32_675.jpg,/home/esteve/self-driving-ND/CarND-Behavioral-Cloning-P3/data_hard/IMG/left_2017_04_28_18_28_32_675.jpg,/home/esteve/self-driving-ND/CarND-Behavioral-Cloning-P3/data_hard/IMG/right_2017_04_28_18_28_32_675.jpg,0.4736842,0.4576187,0,19.33143
/home/esteve/self-driving-ND/CarND-Behavioral-Cloning-P3/data_hard/IMG/center_2017_04_28_18_28_32_754.jpg,/home/esteve/self-driving-ND/CarND-Behavioral-Cloning-P3/data_hard/IMG/left_2017_04_28_18_28_32_754.jpg,/home/esteve/self-driving-ND/CarND-Behavioral-Cloning-P3/data_hard/IMG/right_2017_04_28_18_28_32_754.jpg,0.4285714,0.6944413,0,19.27772
/home/esteve/self-driving-ND/CarND-Behavioral-Cloning-P3/data_hard/IMG/center_2017_04_28_18_28_32_833.jpg,/home/esteve/self-driving-ND/CarND-Behavioral-Cloning-P3/data_hard/IMG/left_2017_04_28_18_28_32_833.jpg,/home/esteve/self-driving-ND/CarND-Behavioral-Cloning-P3/data_hard/IMG/right_2017_04_28_18_28_32_833.jpg,0.1654135,0.4569879,0,19.23734
/home/esteve/self-driving-ND/CarND-Behavioral-Cloning-P3/data_hard/IMG/center_2017_04_28_18_28_32_907.jpg,/home/esteve/self-driving-ND/CarND-Behavioral-Cloning-P3/data_hard/IMG/left_2017_04_28_18_28_32_907.jpg,/home/esteve/self-driving-ND/CarND-Behavioral-Cloning-P3/data_hard/IMG/right_2017_04_28_18_28_32_907.jpg,0.007518797,0.2344089,0,18.91568
/home/esteve/self-driving-ND/CarND-Behavioral-Cloning-P3/data_hard/IMG/center_2017_04_28_18_28_32_984.jpg,/home/esteve/self-driving-ND/CarND-Behavioral-Cloning-P3/data_hard/IMG/left_2017_04_28_18_28_32_984.jpg,/home/esteve/self-driving-ND/CarND-Behavioral-Cloning-P3/data_hard/IMG/right_2017_04_28_18_28_32_984.jpg,-0.09774436,0.003643036,0,18.52797
/home/esteve/self-driving-ND/CarND-Behavioral-Cloning-P3/data_hard/IMG/center_2017_04_28_18_28_33_060.jpg,/home/esteve/self-driving-ND/CarND-Behavioral-Cloning-P3/data_hard/IMG/left_2017_04_28_18_28_33_060.jpg,/home/esteve/self-driving-ND/CarND-Behavioral-Cloning-P3/data_hard/IMG/right_2017_04_28_18_28_33_060.jpg,-0.1278196,0,0,18.06911
/home/esteve/self-driving-ND/CarND-Behavioral-Cloning-P3/data_hard/IMG/center_2017_04_28_18_28_33_139.jpg,/home/esteve/self-driving-ND/CarND-Behavioral-Cloning-P3/data_hard/IMG/left_2017_04_28_18_28_33_139.jpg,/home/esteve/self-driving-ND/CarND-Behavioral-Cloning-P3/data_hard/IMG/right_2017_04_28_18_28_33_139.jpg,-0.1954887,0,0,17.46702
/home/esteve/self-driving-ND/CarND-Behavioral-Cloning-P3/data_hard/IMG/center_2017_04_28_18_28_33_223.jpg,/home/esteve/self-driving-ND/CarND-Behavioral-Cloning-P3/data_hard/IMG/left_2017_04_28_18_28_33_223.jpg,/home/esteve/self-driving-ND/CarND-Behavioral-Cloning-P3/data_hard/IMG/right_2017_04_28_18_28_33_223.jpg,-0.2631579,0,0,16.92663
/home/esteve/self-driving-ND/CarND-Behavioral-Cloning-P3/data_hard/IMG/center_2017_04_28_18_28_33_303.jpg,/home/esteve/self-driving-ND/CarND-Behavioral-Cloning-P3/data_hard/IMG/left_2017_04_28_18_28_33_303.jpg,/home/esteve/self-driving-ND/CarND-Behavioral-Cloning-P3/data_hard/IMG/right_2017_04_28_18_28_33_303.jpg,-0.2857143,0,0,16.20365
/home/esteve/self-driving-ND/CarND-Behavioral-Cloning-P3/data_hard/IMG/center_2017_04_28_18_28_33_377.jpg,/home/esteve/self-driving-ND/CarND-Behavioral-Cloning-P3/data_hard/IMG/left_2017_04_28_18_28_33_377.jpg,/home/esteve/self-driving-ND/CarND-Behavioral-Cloning-P3/data_hard/IMG/right_2017_04_28_18_28_33_377.jpg,-0.2932331,0,0,15.61131
/home/esteve/self-driving-ND/CarND-Behavioral-Cloning-P3/data_hard/IMG/center_2017_04_28_18_28_33_449.jpg,/home/esteve/self-driving-ND/CarND-Behavioral-Cloning-P3/data_hard/IMG/left_2017_04_28_18_28_33_449.jpg,/home/esteve/self-driving-ND/CarND-Behavioral-Cloning-P3/data_hard/IMG/right_2017_04_28_18_28_33_449.jpg,-0.3082707,0,0,15.17008
/home/esteve/self-driving-ND/CarND-Behavioral-Cloning-P3/data_hard/IMG/center_2017_04_28_18_28_33_532.jpg,/home/esteve/self-driving-ND/CarND-Behavioral-Cloning-P3/data_hard/IMG/left_2017_04_28_18_28_33_532.jpg,/home/esteve/self-driving-ND/CarND-Behavioral-Cloning-P3/data_hard/IMG/right_2017_04_28_18_28_33_532.jpg,-0.3157895,0,0,14.6957
/home/esteve/self-driving-ND/CarND-Behavioral-Cloning-P3/data_hard/IMG/center_2017_04_28_18_28_33_610.jpg,/home/esteve/self-driving-ND/CarND-Behavioral-Cloning-P3/data_hard/IMG/left_2017_04_28_18_28_33_610.jpg,/home/esteve/self-driving-ND/CarND-Behavioral-Cloning-P3/data_hard/IMG/right_2017_04_28_18_28_33_610.jpg,-0.368421,0,0,14.29748
/home/esteve/self-driving-ND/CarND-Behavioral-Cloning-P3/data_hard/IMG/center_2017_04_28_18_28_33_696.jpg,/home/esteve/self-driving-ND/CarND-Behavioral-Cloning-P3/data_hard/IMG/left_2017_04_28_18_28_33_696.jpg,/home/esteve/self-driving-ND/CarND-Behavioral-Cloning-P3/data_hard/IMG/right_2017_04_28_18_28_33_696.jpg,-0.5112782,0,0,13.75175
/home/esteve/self-driving-ND/CarND-Behavioral-Cloning-P3/data_hard/IMG/center_2017_04_28_18_28_33_769.jpg,/home/esteve/self-driving-ND/CarND-Behavioral-Cloning-P3/data_hard/IMG/left_2017_04_28_18_28_33_769.jpg,/home/esteve/self-driving-ND/CarND-Behavioral-Cloning-P3/data_hard/IMG/right_2017_04_28_18_28_33_769.jpg,-0.5639098,0,0,13.10599
/home/esteve/self-driving-ND/CarND-Behavioral-Cloning-P3/data_hard/IMG/center_2017_04_28_18_28_33_852.jpg,/home/esteve/self-driving-ND/CarND-Behavioral-Cloning-P3/data_hard/IMG/left_2017_04_28_18_28_33_852.jpg,/home/esteve/self-driving-ND/CarND-Behavioral-Cloning-P3/data_hard/IMG/right_2017_04_28_18_28_33_852.jpg,-0.5639098,0,0,12.66355
/home/esteve/self-driving-ND/CarND-Behavioral-Cloning-P3/data_hard/IMG/center_2017_04_28_18_28_33_937.jpg,/home/esteve/self-driving-ND/CarND-Behavioral-Cloning-P3/data_hard/IMG/left_2017_04_28_18_28_33_937.jpg,/home/esteve/self-driving-ND/CarND-Behavioral-Cloning-P3/data_hard/IMG/right_2017_04_28_18_28_33_937.jpg,-0.5639098,0,0,12.37365
/home/esteve/self-driving-ND/CarND-Behavioral-Cloning-P3/data_hard/IMG/center_2017_04_28_18_28_34_015.jpg,/home/esteve/self-driving-ND/CarND-Behavioral-Cloning-P3/data_hard/IMG/left_2017_04_28_18_28_34_015.jpg,/home/esteve/self-driving-ND/CarND-Behavioral-Cloning-P3/data_hard/IMG/right_2017_04_28_18_28_34_015.jpg,-0.5639098,0.05016875,0,12.09572
/home/esteve/self-driving-ND/CarND-Behavioral-Cloning-P3/data_hard/IMG/center_2017_04_28_18_28_34_097.jpg,/home/esteve/self-driving-ND/CarND-Behavioral-Cloning-P3/data_hard/IMG/left_2017_04_28_18_28_34_097.jpg,/home/esteve/self-driving-ND/CarND-Behavioral-Cloning-P3/data_hard/IMG/right_2017_04_28_18_28_34_097.jpg,-0.5338346,0.292491,0,11.85177
/home/esteve/self-driving-ND/CarND-Behavioral-Cloning-P3/data_hard/IMG/center_2017_04_28_18_28_34_177.jpg,/home/esteve/self-driving-ND/CarND-Behavioral-Cloning-P3/data_hard/IMG/left_2017_04_28_18_28_34_177.jpg,/home/esteve/self-driving-ND/CarND-Behavioral-Cloning-P3/data_hard/IMG/right_2017_04_28_18_28_34_177.jpg,-0.5338346,0.5333283,0,11.87409
/home/esteve/self-driving-ND/CarND-Behavioral-Cloning-P3/data_hard/IMG/center_2017_04_28_18_28_34_258.jpg,/home/esteve/self-driving-ND/CarND-Behavioral-Cloning-P3/data_hard/IMG/left_2017_04_28_18_28_34_258.jpg,/home/esteve/self-driving-ND/CarND-Behavioral-Cloning-P3/data_hard/IMG/right_2017_04_28_18_28_34_258.jpg,-0.5338346,0.779706,0,12.35975
/home/esteve/self-driving-ND/CarND-Behavioral-Cloning-P3/data_hard/IMG/center_2017_04_28_18_28_34_337.jpg,/home/esteve/self-driving-ND/CarND-Behavioral-Cloning-P3/data_hard/IMG/left_2017_04_28_18_28_34_337.jpg,/home/esteve/self-driving-ND/CarND-Behavioral-Cloning-P3/data_hard/IMG/right_2017_04_28_18_28_34_337.jpg,-0.5338346,1,0,12.74603
/home/esteve/self-driving-ND/CarND-Behavioral-Cloning-P3/data_hard/IMG/center_2017_04_28_18_28_34_411.jpg,/home/esteve/self-driving-ND/CarND-Behavioral-Cloning-P3/data_hard/IMG/left_2017_04_28_18_28_34_411.jpg,/home/esteve/self-driving-ND/CarND-Behavioral-Cloning-P3/data_hard/IMG/right_2017_04_28_18_28_34_411.jpg,-0.5338346,1,0,13.42467
/home/esteve/self-driving-ND/CarND-Behavioral-Cloning-P3/data_hard/IMG/center_2017_04_28_18_28_34_490.jpg,/home/esteve/self-driving-ND/CarND-Behavioral-Cloning-P3/data_hard/IMG/left_2017_04_28_18_28_34_490.jpg,/home/esteve/self-driving-ND/CarND-Behavioral-Cloning-P3/data_hard/IMG/right_2017_04_28_18_28_34_490.jpg,-0.5338346,1,0,14.01171
/home/esteve/self-driving-ND/CarND-Behavioral-Cloning-P3/data_hard/IMG/center_2017_04_28_18_28_34_570.jpg,/home/esteve/self-driving-ND/CarND-Behavioral-Cloning-P3/data_hard/IMG/left_2017_04_28_18_28_34_570.jpg,/home/esteve/self-driving-ND/CarND-Behavioral-Cloning-P3/data_hard/IMG/right_2017_04_28_18_28_34_570.jpg,-0.5413534,1,0,14.60902
/home/esteve/self-driving-ND/CarND-Behavioral-Cloning-P3/data_hard/IMG/center_2017_04_28_18_28_34_655.jpg,/home/esteve/self-driving-ND/CarND-Behavioral-Cloning-P3/data_hard/IMG/left_2017_04_28_18_28_34_655.jpg,/home/esteve/self-driving-ND/CarND-Behavioral-Cloning-P3/data_hard/IMG/right_2017_04_28_18_28_34_655.jpg,-0.5413534,1,0,15.29721
/home/esteve/self-driving-ND/CarND-Behavioral-Cloning-P3/data_hard/IMG/center_2017_04_28_18_28_34_727.jpg,/home/esteve/self-driving-ND/CarND-Behavioral-Cloning-P3/data_hard/IMG/left_2017_04_28_18_28_34_727.jpg,/home/esteve/self-driving-ND/CarND-Behavioral-Cloning-P3/data_hard/IMG/right_2017_04_28_18_28_34_727.jpg,-0.5413534,1,0,16.02596
/home/esteve/self-driving-ND/CarND-Behavioral-Cloning-P3/data_hard/IMG/center_2017_04_28_18_28_34_801.jpg,/home/esteve/self-driving-ND/CarND-Behavioral-Cloning-P3/data_hard/IMG/left_2017_04_28_18_28_34_801.jpg,/home/esteve/self-driving-ND/CarND-Behavioral-Cloning-P3/data_hard/IMG/right_2017_04_28_18_28_34_801.jpg,-0.5413534,1,0,16.69952
/home/esteve/self-driving-ND/CarND-Behavioral-Cloning-P3/data_hard/IMG/center_2017_04_28_18_28_34_883.jpg,/home/esteve/self-driving-ND/CarND-Behavioral-Cloning-P3/data_hard/IMG/left_2017_04_28_18_28_34_883.jpg,/home/esteve/self-driving-ND/CarND-Behavioral-Cloning-P3/data_hard/IMG/right_2017_04_28_18_28_34_883.jpg,-0.5413534,1,0,17.48567
/home/esteve/self-driving-ND/CarND-Behavioral-Cloning-P3/data_hard/IMG/center_2017_04_28_18_28_34_958.jpg,/home/esteve/self-driving-ND/CarND-Behavioral-Cloning-P3/data_hard/IMG/left_2017_04_28_18_28_34_958.jpg,/home/esteve/self-driving-ND/CarND-Behavioral-Cloning-P3/data_hard/IMG/right_2017_04_28_18_28_34_958.jpg,-0.5413534,1,0,18.35043
/home/esteve/self-driving-ND/CarND-Behavioral-Cloning-P3/data_hard/IMG/center_2017_04_28_18_28_35_037.jpg,/home/esteve/self-driving-ND/CarND-Behavioral-Cloning-P3/data_hard/IMG/left_2017_04_28_18_28_35_037.jpg,/home/esteve/self-driving-ND/CarND-Behavioral-Cloning-P3/data_hard/IMG/right_2017_04_28_18_28_35_037.jpg,-0.5413534,1,0,19.08897
/home/esteve/self-driving-ND/CarND-Behavioral-Cloning-P3/data_hard/IMG/center_2017_04_28_18_28_35_122.jpg,/home/esteve/self-driving-ND/CarND-Behavioral-Cloning-P3/data_hard/IMG/left_2017_04_28_18_28_35_122.jpg,/home/esteve/self-driving-ND/CarND-Behavioral-Cloning-P3/data_hard/IMG/right_2017_04_28_18_28_35_122.jpg,-0.5413534,1,0,19.09043
/home/esteve/self-driving-ND/CarND-Behavioral-Cloning-P3/data_hard/IMG/center_2017_04_28_18_28_35_207.jpg,/home/esteve/self-driving-ND/CarND-Behavioral-Cloning-P3/data_hard/IMG/left_2017_04_28_18_28_35_207.jpg,/home/esteve/self-driving-ND/CarND-Behavioral-Cloning-P3/data_hard/IMG/right_2017_04_28_18_28_35_207.jpg,-0.5413534,1,0,19.76666
/home/esteve/self-driving-ND/CarND-Behavioral-Cloning-P3/data_hard/IMG/center_2017_04_28_18_28_35_286.jpg,/home/esteve/self-driving-ND/CarND-Behavioral-Cloning-P3/data_hard/IMG/left_2017_04_28_18_28_35_286.jpg,/home/esteve/self-driving-ND/CarND-Behavioral-Cloning-P3/data_hard/IMG/right_2017_04_28_18_28_35_286.jpg,-0.4360902,1,0,20.49717
/home/esteve/self-driving-ND/CarND-Behavioral-Cloning-P3/data_hard/IMG/center_2017_04_28_18_28_35_373.jpg,/home/esteve/self-driving-ND/CarND-Behavioral-Cloning-P3/data_hard/IMG/left_2017_04_28_18_28_35_373.jpg,/home/esteve/self-driving-ND/CarND-Behavioral-Cloning-P3/data_hard/IMG/right_2017_04_28_18_28_35_373.jpg,-0.3233083,1,0,20.99467
/home/esteve/self-driving-ND/CarND-Behavioral-Cloning-P3/data_hard/IMG/center_2017_04_28_18_28_35_455.jpg,/home/esteve/self-driving-ND/CarND-Behavioral-Cloning-P3/data_hard/IMG/left_2017_04_28_18_28_35_455.jpg,/home/esteve/self-driving-ND/CarND-Behavioral-Cloning-P3/data_hard/IMG/right_2017_04_28_18_28_35_455.jpg,-0.3233083,1,0,21.3707
/home/esteve/self-driving-ND/CarND-Behavioral-Cloning-P3/data_hard/IMG/center_2017_04_28_18_28_35_536.jpg,/home/esteve/self-driving-ND/CarND-Behavioral-Cloning-P3/data_hard/IMG/left_2017_04_28_18_28_35_536.jpg,/home/esteve/self-driving-ND/CarND-Behavioral-Cloning-P3/data_hard/IMG/right_2017_04_28_18_28_35_536.jpg,-0.368421,1,0,21.81282
/home/esteve/self-driving-ND/CarND-Behavioral-Cloning-P3/data_hard/IMG/center_2017_04_28_18_28_35_615.jpg,/home/esteve/self-driving-ND/CarND-Behavioral-Cloning-P3/data_hard/IMG/left_2017_04_28_18_28_35_615.jpg,/home/esteve/self-driving-ND/CarND-Behavioral-Cloning-P3/data_hard/IMG/right_2017_04_28_18_28_35_615.jpg,-0.4285714,1,0,22.16324
/home/esteve/self-driving-ND/CarND-Behavioral-Cloning-P3/data_hard/IMG/center_2017_04_28_18_28_35_698.jpg,/home/esteve/self-driving-ND/CarND-Behavioral-Cloning-P3/data_hard/IMG/left_2017_04_28_18_28_35_698.jpg,/home/esteve/self-driving-ND/CarND-Behavioral-Cloning-P3/data_hard/IMG/right_2017_04_28_18_28_35_698.jpg,-0.4661654,1,0,22.39064
/home/esteve/self-driving-ND/CarND-Behavioral-Cloning-P3/data_hard/IMG/center_2017_04_28_18_28_35_779.jpg,/home/esteve/self-driving-ND/CarND-Behavioral-Cloning-P3/data_hard/IMG/left_2017_04_28_18_28_35_779.jpg,/home/esteve/self-driving-ND/CarND-Behavioral-Cloning-P3/data_hard/IMG/right_2017_04_28_18_28_35_779.jpg,-0.4661654,0.8696561,0,22.84497
/home/esteve/self-driving-ND/CarND-Behavioral-Cloning-P3/data_hard/IMG/center_2017_04_28_18_28_35_859.jpg,/home/esteve/self-driving-ND/CarND-Behavioral-Cloning-P3/data_hard/IMG/left_2017_04_28_18_28_35_859.jpg,/home/esteve/self-driving-ND/CarND-Behavioral-Cloning-P3/data_hard/IMG/right_2017_04_28_18_28_35_859.jpg,-0.3007519,0.6287258,0,23.01043
/home/esteve/self-driving-ND/CarND-Behavioral-Cloning-P3/data_hard/IMG/center_2017_04_28_18_28_35_935.jpg,/home/esteve/self-driving-ND/CarND-Behavioral-Cloning-P3/data_hard/IMG/left_2017_04_28_18_28_35_935.jpg,/home/esteve/self-driving-ND/CarND-Behavioral-Cloning-P3/data_hard/IMG/right_2017_04_28_18_28_35_935.jpg,-0.1879699,0.401356,0,22.9885
/home/esteve/self-driving-ND/CarND-Behavioral-Cloning-P3/data_hard/IMG/center_2017_04_28_18_28_36_016.jpg,/home/esteve/self-driving-ND/CarND-Behavioral-Cloning-P3/data_hard/IMG/left_2017_04_28_18_28_36_016.jpg,/home/esteve/self-driving-ND/CarND-Behavioral-Cloning-P3/data_hard/IMG/right_2017_04_28_18_28_36_016.jpg,-0.1654135,0.1586289,0,22.6975
/home/esteve/self-driving-ND/CarND-Behavioral-Cloning-P3/data_hard/IMG/center_2017_04_28_18_28_36_094.jpg,/home/esteve/self-driving-ND/CarND-Behavioral-Cloning-P3/data_hard/IMG/left_2017_04_28_18_28_36_094.jpg,/home/esteve/self-driving-ND/CarND-Behavioral-Cloning-P3/data_hard/IMG/right_2017_04_28_18_28_36_094.jpg,-0.1654135,0,0,22.15373
/home/esteve/self-driving-ND/CarND-Behavioral-Cloning-P3/data_hard/IMG/center_2017_04_28_18_28_36_172.jpg,/home/esteve/self-driving-ND/CarND-Behavioral-Cloning-P3/data_hard/IMG/left_2017_04_28_18_28_36_172.jpg,/home/esteve/self-driving-ND/CarND-Behavioral-Cloning-P3/data_hard/IMG/right_2017_04_28_18_28_36_172.jpg,-0.1428571,0,0,21.52186
/home/esteve/self-driving-ND/CarND-Behavioral-Cloning-P3/data_hard/IMG/center_2017_04_28_18_28_36_251.jpg,/home/esteve/self-driving-ND/CarND-Behavioral-Cloning-P3/data_hard/IMG/left_2017_04_28_18_28_36_251.jpg,/home/esteve/self-driving-ND/CarND-Behavioral-Cloning-P3/data_hard/IMG/right_2017_04_28_18_28_36_251.jpg,-0.09774436,0.2344351,0,20.98334
/home/esteve/self-driving-ND/CarND-Behavioral-Cloning-P3/data_hard/IMG/center_2017_04_28_18_28_36_327.jpg,/home/esteve/self-driving-ND/CarND-Behavioral-Cloning-P3/data_hard/IMG/left_2017_04_28_18_28_36_327.jpg,/home/esteve/self-driving-ND/CarND-Behavioral-Cloning-P3/data_hard/IMG/right_2017_04_28_18_28_36_327.jpg,-0.02255639,0.4634099,0,20.7407
/home/esteve/self-driving-ND/CarND-Behavioral-Cloning-P3/data_hard/IMG/center_2017_04_28_18_28_36_406.jpg,/home/esteve/self-driving-ND/CarND-Behavioral-Cloning-P3/data_hard/IMG/left_2017_04_28_18_28_36_406.jpg,/home/esteve/self-driving-ND/CarND-Behavioral-Cloning-P3/data_hard/IMG/right_2017_04_28_18_28_36_406.jpg,0.05263158,0.7007847,0,20.58851
/home/esteve/self-driving-ND/CarND-Behavioral-Cloning-P3/data_hard/IMG/center_2017_04_28_18_28_36_479.jpg,/home/esteve/self-driving-ND/CarND-Behavioral-Cloning-P3/data_hard/IMG/left_2017_04_28_18_28_36_479.jpg,/home/esteve/self-driving-ND/CarND-Behavioral-Cloning-P3/data_hard/IMG/right_2017_04_28_18_28_36_479.jpg,0.06766918,0.6915815,0,20.64355
/home/esteve/self-driving-ND/CarND-Behavioral-Cloning-P3/data_hard/IMG/center_2017_04_28_18_28_36_557.jpg,/home/esteve/self-driving-ND/CarND-Behavioral-Cloning-P3/data_hard/IMG/left_2017_04_28_18_28_36_557.jpg,/home/esteve/self-driving-ND/CarND-Behavioral-Cloning-P3/data_hard/IMG/right_2017_04_28_18_28_36_557.jpg,0.1278196,0.4564927,0,20.46832
/home/esteve/self-driving-ND/CarND-Behavioral-Cloning-P3/data_hard/IMG/center_2017_04_28_18_28_36_637.jpg,/home/esteve/self-driving-ND/CarND-Behavioral-Cloning-P3/data_hard/IMG/left_2017_04_28_18_28_36_637.jpg,/home/esteve/self-driving-ND/CarND-Behavioral-Cloning-P3/data_hard/IMG/right_2017_04_28_18_28_36_637.jpg,0.2556391,0.2231047,0,20.02758
/home/esteve/self-driving-ND/CarND-Behavioral-Cloning-P3/data_hard/IMG/center_2017_04_28_18_28_36_716.jpg,/home/esteve/self-driving-ND/CarND-Behavioral-Cloning-P3/data_hard/IMG/left_2017_04_28_18_28_36_716.jpg,/home/esteve/self-driving-ND/CarND-Behavioral-Cloning-P3/data_hard/IMG/right_2017_04_28_18_28_36_716.jpg,0.3759399,0,0,19.42202
/home/esteve/self-driving-ND/CarND-Behavioral-Cloning-P3/data_hard/IMG/center_2017_04_28_18_28_36_785.jpg,/home/esteve/self-driving-ND/CarND-Behavioral-Cloning-P3/data_hard/IMG/left_2017_04_28_18_28_36_785.jpg,/home/esteve/self-driving-ND/CarND-Behavioral-Cloning-P3/data_hard/IMG/right_2017_04_28_18_28_36_785.jpg,0.4661654,0,0,18.82597
/home/esteve/self-driving-ND/CarND-Behavioral-Cloning-P3/data_hard/IMG/center_2017_04_28_18_28_36_859.jpg,/home/esteve/self-driving-ND/CarND-Behavioral-Cloning-P3/data_hard/IMG/left_2017_04_28_18_28_36_859.jpg,/home/esteve/self-driving-ND/CarND-Behavioral-Cloning-P3/data_hard/IMG/right_2017_04_28_18_28_36_859.jpg,0.5413534,0,0,18.47999
/home/esteve/self-driving-ND/CarND-Behavioral-Cloning-P3/data_hard/IMG/center_2017_04_28_18_28_36_937.jpg,/home/esteve/self-driving-ND/CarND-Behavioral-Cloning-P3/data_hard/IMG/left_2017_04_28_18_28_36_937.jpg,/home/esteve/self-driving-ND/CarND-Behavioral-Cloning-P3/data_hard/IMG/right_2017_04_28_18_28_36_937.jpg,0.6466165,0,0,17.30006
/home/esteve/self-driving-ND/CarND-Behavioral-Cloning-P3/data_hard/IMG/center_2017_04_28_18_28_37_007.jpg,/home/esteve/self-driving-ND/CarND-Behavioral-Cloning-P3/data_hard/IMG/left_2017_04_28_18_28_37_007.jpg,/home/esteve/self-driving-ND/CarND-Behavioral-Cloning-P3/data_hard/IMG/right_2017_04_28_18_28_37_007.jpg,0.6766918,0,0,16.75164
/home/esteve/self-driving-ND/CarND-Behavioral-Cloning-P3/data_hard/IMG/center_2017_04_28_18_28_37_080.jpg,/home/esteve/self-driving-ND/CarND-Behavioral-Cloning-P3/data_hard/IMG/left_2017_04_28_18_28_37_080.jpg,/home/esteve/self-driving-ND/CarND-Behavioral-Cloning-P3/data_hard/IMG/right_2017_04_28_18_28_37_080.jpg,0.7067669,0,0,16.40992
/home/esteve/self-driving-ND/CarND-Behavioral-Cloning-P3/data_hard/IMG/center_2017_04_28_18_28_37_152.jpg,/home/esteve/self-driving-ND/CarND-Behavioral-Cloning-P3/data_hard/IMG/left_2017_04_28_18_28_37_152.jpg,/home/esteve/self-driving-ND/CarND-Behavioral-Cloning-P3/data_hard/IMG/right_2017_04_28_18_28_37_152.jpg,0.8195488,0,0,16.0184
/home/esteve/self-driving-ND/CarND-Behavioral-Cloning-P3/data_hard/IMG/center_2017_04_28_18_28_37_224.jpg,/home/esteve/self-driving-ND/CarND-Behavioral-Cloning-P3/data_hard/IMG/left_2017_04_28_18_28_37_224.jpg,/home/esteve/self-driving-ND/CarND-Behavioral-Cloning-P3/data_hard/IMG/right_2017_04_28_18_28_37_224.jpg,0.8721805,0,0,15.70189
/home/esteve/self-driving-ND/CarND-Behavioral-Cloning-P3/data_hard/IMG/center_2017_04_28_18_28_37_292.jpg,/home/esteve/self-driving-ND/CarND-Behavioral-Cloning-P3/data_hard/IMG/left_2017_04_28_18_28_37_292.jpg,/home/esteve/self-driving-ND/CarND-Behavioral-Cloning-P3/data_hard/IMG/right_2017_04_28_18_28_37_292.jpg,0.9097744,0,0,15.20957
/home/esteve/self-driving-ND/CarND-Behavioral-Cloning-P3/data_hard/IMG/center_2017_04_28_18_28_37_365.jpg,/home/esteve/self-driving-ND/CarND-Behavioral-Cloning-P3/data_hard/IMG/left_2017_04_28_18_28_37_365.jpg,/home/esteve/self-driving-ND/CarND-Behavioral-Cloning-P3/data_hard/IMG/right_2017_04_28_18_28_37_365.jpg,0.924812,0,0,14.87352
/home/esteve/self-driving-ND/CarND-Behavioral-Cloning-P3/data_hard/IMG/center_2017_04_28_18_28_37_440.jpg,/home/esteve/self-driving-ND/CarND-Behavioral-Cloning-P3/data_hard/IMG/left_2017_04_28_18_28_37_440.jpg,/home/esteve/self-driving-ND/CarND-Behavioral-Cloning-P3/data_hard/IMG/right_2017_04_28_18_28_37_440.jpg,0.9473684,0,0,14.45051
/home/esteve/self-driving-ND/CarND-Behavioral-Cloning-P3/data_hard/IMG/center_2017_04_28_18_28_37_515.jpg,/home/esteve/self-driving-ND/CarND-Behavioral-Cloning-P3/data_hard/IMG/left_2017_04_28_18_28_37_515.jpg,/home/esteve/self-driving-ND/CarND-Behavioral-Cloning-P3/data_hard/IMG/right_2017_04_28_18_28_37_515.jpg,0.9473684,0,0,14.05051
/home/esteve/self-driving-ND/CarND-Behavioral-Cloning-P3/data_hard/IMG/center_2017_04_28_18_28_37_581.jpg,/home/esteve/self-driving-ND/CarND-Behavioral-Cloning-P3/data_hard/IMG/left_2017_04_28_18_28_37_581.jpg,/home/esteve/self-driving-ND/CarND-Behavioral-Cloning-P3/data_hard/IMG/right_2017_04_28_18_28_37_581.jpg,0.9473684,0.1492352,0,14.22448
/home/esteve/self-driving-ND/CarND-Behavioral-Cloning-P3/data_hard/IMG/center_2017_04_28_18_28_37_652.jpg,/home/esteve/self-driving-ND/CarND-Behavioral-Cloning-P3/data_hard/IMG/left_2017_04_28_18_28_37_652.jpg,/home/esteve/self-driving-ND/CarND-Behavioral-Cloning-P3/data_hard/IMG/right_2017_04_28_18_28_37_652.jpg,0.9473684,0.4158061,0,14.27092
/home/esteve/self-driving-ND/CarND-Behavioral-Cloning-P3/data_hard/IMG/center_2017_04_28_18_28_37_730.jpg,/home/esteve/self-driving-ND/CarND-Behavioral-Cloning-P3/data_hard/IMG/left_2017_04_28_18_28_37_730.jpg,/home/esteve/self-driving-ND/CarND-Behavioral-Cloning-P3/data_hard/IMG/right_2017_04_28_18_28_37_730.jpg,0.9473684,0.6488886,0,14.27843
/home/esteve/self-driving-ND/CarND-Behavioral-Cloning-P3/data_hard/IMG/center_2017_04_28_18_28_37_805.jpg,/home/esteve/self-driving-ND/CarND-Behavioral-Cloning-P3/data_hard/IMG/left_2017_04_28_18_28_37_805.jpg,/home/esteve/self-driving-ND/CarND-Behavioral-Cloning-P3/data_hard/IMG/right_2017_04_28_18_28_37_805.jpg,0.9323308,0.8723674,0,14.87968
/home/esteve/self-driving-ND/CarND-Behavioral-Cloning-P3/data_hard/IMG/center_2017_04_28_18_28_37_876.jpg,/home/esteve/self-driving-ND/CarND-Behavioral-Cloning-P3/data_hard/IMG/left_2017_04_28_18_28_37_876.jpg,/home/esteve/self-driving-ND/CarND-Behavioral-Cloning-P3/data_hard/IMG/right_2017_04_28_18_28_37_876.jpg,0.8947369,1,0,15.19678
/home/esteve/self-driving-ND/CarND-Behavioral-Cloning-P3/data_hard/IMG/center_2017_04_28_18_28_37_951.jpg,/home/esteve/self-driving-ND/CarND-Behavioral-Cloning-P3/data_hard/IMG/left_2017_04_28_18_28_37_951.jpg,/home/esteve/self-driving-ND/CarND-Behavioral-Cloning-P3/data_hard/IMG/right_2017_04_28_18_28_37_951.jpg,0.8721805,1,0,15.88629
/home/esteve/self-driving-ND/CarND-Behavioral-Cloning-P3/data_hard/IMG/center_2017_04_28_18_28_38_021.jpg,/home/esteve/self-driving-ND/CarND-Behavioral-Cloning-P3/data_hard/IMG/left_2017_04_28_18_28_38_021.jpg,/home/esteve/self-driving-ND/CarND-Behavioral-Cloning-P3/data_hard/IMG/right_2017_04_28_18_28_38_021.jpg,0.8421053,1,0,16.485
/home/esteve/self-driving-ND/CarND-Behavioral-Cloning-P3/data_hard/IMG/center_2017_04_28_18_28_38_101.jpg,/home/esteve/self-driving-ND/CarND-Behavioral-Cloning-P3/data_hard/IMG/left_2017_04_28_18_28_38_101.jpg,/home/esteve/self-driving-ND/CarND-Behavioral-Cloning-P3/data_hard/IMG/right_2017_04_28_18_28_38_101.jpg,0.744361,0.8140178,0,17.1354
/home/esteve/self-driving-ND/CarND-Behavioral-Cloning-P3/data_hard/IMG/center_2017_04_28_18_28_38_183.jpg,/home/esteve/self-driving-ND/CarND-Behavioral-Cloning-P3/data_hard/IMG/left_2017_04_28_18_28_38_183.jpg,/home/esteve/self-driving-ND/CarND-Behavioral-Cloning-P3/data_hard/IMG/right_2017_04_28_18_28_38_183.jpg,0.6917293,0.5291228,0,17.25209
/home/esteve/self-driving-ND/CarND-Behavioral-Cloning-P3/data_hard/IMG/center_2017_04_28_18_28_38_263.jpg,/home/esteve/self-driving-ND/CarND-Behavioral-Cloning-P3/data_hard/IMG/left_2017_04_28_18_28_38_263.jpg,/home/esteve/self-driving-ND/CarND-Behavioral-Cloning-P3/data_hard/IMG/right_2017_04_28_18_28_38_263.jpg,0.6165413,0.6544721,0,17.56146
/home/esteve/self-driving-ND/CarND-Behavioral-Cloning-P3/data_hard/IMG/center_2017_04_28_18_28_38_337.jpg,/home/esteve/self-driving-ND/CarND-Behavioral-Cloning-P3/data_hard/IMG/left_2017_04_28_18_28_38_337.jpg,/home/esteve/self-driving-ND/CarND-Behavioral-Cloning-P3/data_hard/IMG/right_2017_04_28_18_28_38_337.jpg,0.2180451,0.8903112,0,17.84325
/home/esteve/self-driving-ND/CarND-Behavioral-Cloning-P3/data_hard/IMG/center_2017_04_28_18_28_38_416.jpg,/home/esteve/self-driving-ND/CarND-Behavioral-Cloning-P3/data_hard/IMG/left_2017_04_28_18_28_38_416.jpg,/home/esteve/self-driving-ND/CarND-Behavioral-Cloning-P3/data_hard/IMG/right_2017_04_28_18_28_38_416.jpg,-0.09774436,1,0,18.35157
/home/esteve/self-driving-ND/CarND-Behavioral-Cloning-P3/data_hard/IMG/center_2017_04_28_18_28_38_496.jpg,/home/esteve/self-driving-ND/CarND-Behavioral-Cloning-P3/data_hard/IMG/left_2017_04_28_18_28_38_496.jpg,/home/esteve/self-driving-ND/CarND-Behavioral-Cloning-P3/data_hard/IMG/right_2017_04_28_18_28_38_496.jpg,-0.09774436,1,0,18.46996
/home/esteve/self-driving-ND/CarND-Behavioral-Cloning-P3/data_hard/IMG/center_2017_04_28_18_28_38_576.jpg,/home/esteve/self-driving-ND/CarND-Behavioral-Cloning-P3/data_hard/IMG/left_2017_04_28_18_28_38_576.jpg,/home/esteve/self-driving-ND/CarND-Behavioral-Cloning-P3/data_hard/IMG/right_2017_04_28_18_28_38_576.jpg,-0.03007519,0.819634,0,19.08255
/home/esteve/self-driving-ND/CarND-Behavioral-Cloning-P3/data_hard/IMG/center_2017_04_28_18_28_38_659.jpg,/home/esteve/self-driving-ND/CarND-Behavioral-Cloning-P3/data_hard/IMG/left_2017_04_28_18_28_38_659.jpg,/home/esteve/self-driving-ND/CarND-Behavioral-Cloning-P3/data_hard/IMG/right_2017_04_28_18_28_38_659.jpg,0.1353384,0.5730817,0,19.31529
/home/esteve/self-driving-ND/CarND-Behavioral-Cloning-P3/data_hard/IMG/center_2017_04_28_18_28_38_742.jpg,/home/esteve/self-driving-ND/CarND-Behavioral-Cloning-P3/data_hard/IMG/left_2017_04_28_18_28_38_742.jpg,/home/esteve/self-driving-ND/CarND-Behavioral-Cloning-P3/data_hard/IMG/right_2017_04_28_18_28_38_742.jpg,0.1353384,0.7251995,0,19.5597
/home/esteve/self-driving-ND/CarND-Behavioral-Cloning-P3/data_hard/IMG/center_2017_04_28_18_28_38_827.jpg,/home/esteve/self-driving-ND/CarND-Behavioral-Cloning-P3/data_hard/IMG/left_2017_04_28_18_28_38_827.jpg,/home/esteve/self-driving-ND/CarND-Behavioral-Cloning-P3/data_hard/IMG/right_2017_04_28_18_28_38_827.jpg,0.1353384,0.9642994,0,19.46888
/home/esteve/self-driving-ND/CarND-Behavioral-Cloning-P3/data_hard/IMG/center_2017_04_28_18_28_38_902.jpg,/home/esteve/self-driving-ND/CarND-Behavioral-Cloning-P3/data_hard/IMG/left_2017_04_28_18_28_38_902.jpg,/home/esteve/self-driving-ND/CarND-Behavioral-Cloning-P3/data_hard/IMG/right_2017_04_28_18_28_38_902.jpg,0.1353384,1,0,19.98954
/home/esteve/self-driving-ND/CarND-Behavioral-Cloning-P3/data_hard/IMG/center_2017_04_28_18_28_38_981.jpg,/home/esteve/self-driving-ND/CarND-Behavioral-Cloning-P3/data_hard/IMG/left_2017_04_28_18_28_38_981.jpg,/home/esteve/self-driving-ND/CarND-Behavioral-Cloning-P3/data_hard/IMG/right_2017_04_28_18_28_38_981.jpg,0.1954887,1,0,20.33581
/home/esteve/self-driving-ND/CarND-Behavioral-Cloning-P3/data_hard/IMG/center_2017_04_28_18_28_39_059.jpg,/home/esteve/self-driving-ND/CarND-Behavioral-Cloning-P3/data_hard/IMG/left_2017_04_28_18_28_39_059.jpg,/home/esteve/self-driving-ND/CarND-Behavioral-Cloning-P3/data_hard/IMG/right_2017_04_28_18_28_39_059.jpg,0.2330827,1,0,20.50773
/home/esteve/self-driving-ND/CarND-Behavioral-Cloning-P3/data_hard/IMG/center_2017_04_28_18_28_39_141.jpg,/home/esteve/self-driving-ND/CarND-Behavioral-Cloning-P3/data_hard/IMG/left_2017_04_28_18_28_39_141.jpg,/home/esteve/self-driving-ND/CarND-Behavioral-Cloning-P3/data_hard/IMG/right_2017_04_28_18_28_39_141.jpg,0.2330827,1,0,20.98873
/home/esteve/self-driving-ND/CarND-Behavioral-Cloning-P3/data_hard/IMG/center_2017_04_28_18_28_39_218.jpg,/home/esteve/self-driving-ND/CarND-Behavioral-Cloning-P3/data_hard/IMG/left_2017_04_28_18_28_39_218.jpg,/home/esteve/self-driving-ND/CarND-Behavioral-Cloning-P3/data_hard/IMG/right_2017_04_28_18_28_39_218.jpg,0.2330827,1,0,21.39113
/home/esteve/self-driving-ND/CarND-Behavioral-Cloning-P3/data_hard/IMG/center_2017_04_28_18_28_39_293.jpg,/home/esteve/self-driving-ND/CarND-Behavioral-Cloning-P3/data_hard/IMG/left_2017_04_28_18_28_39_293.jpg,/home/esteve/self-driving-ND/CarND-Behavioral-Cloning-P3/data_hard/IMG/right_2017_04_28_18_28_39_293.jpg,0.2330827,1,0,21.77603
/home/esteve/self-driving-ND/CarND-Behavioral-Cloning-P3/data_hard/IMG/center_2017_04_28_18_28_39_369.jpg,/home/esteve/self-driving-ND/CarND-Behavioral-Cloning-P3/data_hard/IMG/left_2017_04_28_18_28_39_369.jpg,/home/esteve/self-driving-ND/CarND-Behavioral-Cloning-P3/data_hard/IMG/right_2017_04_28_18_28_39_369.jpg,0.2330827,1,0,22.09007
/home/esteve/self-driving-ND/CarND-Behavioral-Cloning-P3/data_hard/IMG/center_2017_04_28_18_28_39_452.jpg,/home/esteve/self-driving-ND/CarND-Behavioral-Cloning-P3/data_hard/IMG/left_2017_04_28_18_28_39_452.jpg,/home/esteve/self-driving-ND/CarND-Behavioral-Cloning-P3/data_hard/IMG/right_2017_04_28_18_28_39_452.jpg,0.2330827,0.8112068,0,22.41744
/home/esteve/self-driving-ND/CarND-Behavioral-Cloning-P3/data_hard/IMG/center_2017_04_28_18_28_39_528.jpg,/home/esteve/self-driving-ND/CarND-Behavioral-Cloning-P3/data_hard/IMG/left_2017_04_28_18_28_39_528.jpg,/home/esteve/self-driving-ND/CarND-Behavioral-Cloning-P3/data_hard/IMG/right_2017_04_28_18_28_39_528.jpg,0.2330827,0.6759548,0,22.46883
/home/esteve/self-driving-ND/CarND-Behavioral-Cloning-P3/data_hard/IMG/center_2017_04_28_18_28_39_608.jpg,/home/esteve/self-driving-ND/CarND-Behavioral-Cloning-P3/data_hard/IMG/left_2017_04_28_18_28_39_608.jpg,/home/esteve/self-driving-ND/CarND-Behavioral-Cloning-P3/data_hard/IMG/right_2017_04_28_18_28_39_608.jpg,0.2556391,0.7965841,0,22.55115
/home/esteve/self-driving-ND/CarND-Behavioral-Cloning-P3/data_hard/IMG/center_2017_04_28_18_28_39_688.jpg,/home/esteve/self-driving-ND/CarND-Behavioral-Cloning-P3/data_hard/IMG/left_2017_04_28_18_28_39_688.jpg,/home/esteve/self-driving-ND/CarND-Behavioral-Cloning-P3/data_hard/IMG/right_2017_04_28_18_28_39_688.jpg,0.3458647,1,0,22.83335
/home/esteve/self-driving-ND/CarND-Behavioral-Cloning-P3/data_hard/IMG/center_2017_04_28_18_28_39_767.jpg,/home/esteve/self-driving-ND/CarND-Behavioral-Cloning-P3/data_hard/IMG/left_2017_04_28_18_28_39_767.jpg,/home/esteve/self-driving-ND/CarND-Behavioral-Cloning-P3/data_hard/IMG/right_2017_04_28_18_28_39_767.jpg,0.4285714,1,0,23.19146
/home/esteve/self-driving-ND/CarND-Behavioral-Cloning-P3/data_hard/IMG/center_2017_04_28_18_28_39_840.jpg,/home/esteve/self-driving-ND/CarND-Behavioral-Cloning-P3/data_hard/IMG/left_2017_04_28_18_28_39_840.jpg,/home/esteve/self-driving-ND/CarND-Behavioral-Cloning-P3/data_hard/IMG/right_2017_04_28_18_28_39_840.jpg,0.4285714,0.8873858,0,23.3019
/home/esteve/self-driving-ND/CarND-Behavioral-Cloning-P3/data_hard/IMG/center_2017_04_28_18_28_39_916.jpg,/home/esteve/self-driving-ND/CarND-Behavioral-Cloning-P3/data_hard/IMG/left_2017_04_28_18_28_39_916.jpg,/home/esteve/self-driving-ND/CarND-Behavioral-Cloning-P3/data_hard/IMG/right_2017_04_28_18_28_39_916.jpg,0.4285714,0.6608436,0,23.59465
/home/esteve/self-driving-ND/CarND-Behavioral-Cloning-P3/data_hard/IMG/center_2017_04_28_18_28_39_994.jpg,/home/esteve/self-driving-ND/CarND-Behavioral-Cloning-P3/data_hard/IMG/left_2017_04_28_18_28_39_994.jpg,/home/esteve/self-driving-ND/CarND-Behavioral-Cloning-P3/data_hard/IMG/right_2017_04_28_18_28_39_994.jpg,0.4285714,0.4254129,0,23.60225
/home/esteve/self-driving-ND/CarND-Behavioral-Cloning-P3/data_hard/IMG/center_2017_04_28_18_28_40_072.jpg,/home/esteve/self-driving-ND/CarND-Behavioral-Cloning-P3/data_hard/IMG/left_2017_04_28_18_28_40_072.jpg,/home/esteve/self-driving-ND/CarND-Behavioral-Cloning-P3/data_hard/IMG/right_2017_04_28_18_28_40_072.jpg,0.4285714,0.1926637,0,23.2874
/home/esteve/self-driving-ND/CarND-Behavioral-Cloning-P3/data_hard/IMG/center_2017_04_28_18_28_40_152.jpg,/home/esteve/self-driving-ND/CarND-Behavioral-Cloning-P3/data_hard/IMG/left_2017_04_28_18_28_40_152.jpg,/home/esteve/self-driving-ND/CarND-Behavioral-Cloning-P3/data_hard/IMG/right_2017_04_28_18_28_40_152.jpg,0.5112782,0,0,22.93043
/home/esteve/self-driving-ND/CarND-Behavioral-Cloning-P3/data_hard/IMG/center_2017_04_28_18_28_40_227.jpg,/home/esteve/self-driving-ND/CarND-Behavioral-Cloning-P3/data_hard/IMG/left_2017_04_28_18_28_40_227.jpg,/home/esteve/self-driving-ND/CarND-Behavioral-Cloning-P3/data_hard/IMG/right_2017_04_28_18_28_40_227.jpg,0.5488722,0,0,22.42546
/home/esteve/self-driving-ND/CarND-Behavioral-Cloning-P3/data_hard/IMG/center_2017_04_28_18_28_40_299.jpg,/home/esteve/self-driving-ND/CarND-Behavioral-Cloning-P3/data_hard/IMG/left_2017_04_28_18_28_40_299.jpg,/home/esteve/self-driving-ND/CarND-Behavioral-Cloning-P3/data_hard/IMG/right_2017_04_28_18_28_40_299.jpg,0.5488722,0,0,22.09821
/home/esteve/self-driving-ND/CarND-Behavioral-Cloning-P3/data_hard/IMG/center_2017_04_28_18_28_40_378.jpg,/home/esteve/self-driving-ND/CarND-Behavioral-Cloning-P3/data_hard/IMG/left_2017_04_28_18_28_40_378.jpg,/home/esteve/self-driving-ND/CarND-Behavioral-Cloning-P3/data_hard/IMG/right_2017_04_28_18_28_40_378.jpg,0.5413534,0,0,21.66063
/home/esteve/self-driving-ND/CarND-Behavioral-Cloning-P3/data_hard/IMG/center_2017_04_28_18_28_40_449.jpg,/home/esteve/self-driving-ND/CarND-Behavioral-Cloning-P3/data_hard/IMG/left_2017_04_28_18_28_40_449.jpg,/home/esteve/self-driving-ND/CarND-Behavioral-Cloning-P3/data_hard/IMG/right_2017_04_28_18_28_40_449.jpg,0.4210526,0.159339,0,21.34396
/home/esteve/self-driving-ND/CarND-Behavioral-Cloning-P3/data_hard/IMG/center_2017_04_28_18_28_40_524.jpg,/home/esteve/self-driving-ND/CarND-Behavioral-Cloning-P3/data_hard/IMG/left_2017_04_28_18_28_40_524.jpg,/home/esteve/self-driving-ND/CarND-Behavioral-Cloning-P3/data_hard/IMG/right_2017_04_28_18_28_40_524.jpg,0.3533835,0,0,21.08673
/home/esteve/self-driving-ND/CarND-Behavioral-Cloning-P3/data_hard/IMG/center_2017_04_28_18_28_40_602.jpg,/home/esteve/self-driving-ND/CarND-Behavioral-Cloning-P3/data_hard/IMG/left_2017_04_28_18_28_40_602.jpg,/home/esteve/self-driving-ND/CarND-Behavioral-Cloning-P3/data_hard/IMG/right_2017_04_28_18_28_40_602.jpg,0.3383459,0,0,20.76234
/home/esteve/self-driving-ND/CarND-Behavioral-Cloning-P3/data_hard/IMG/center_2017_04_28_18_28_40_675.jpg,/home/esteve/self-driving-ND/CarND-Behavioral-Cloning-P3/data_hard/IMG/left_2017_04_28_18_28_40_675.jpg,/home/esteve/self-driving-ND/CarND-Behavioral-Cloning-P3/data_hard/IMG/right_2017_04_28_18_28_40_675.jpg,0.3383459,0.1149151,0,20.58639
/home/esteve/self-driving-ND/CarND-Behavioral-Cloning-P3/data_hard/IMG/center_2017_04_28_18_28_40_758.jpg,/home/esteve/self-driving-ND/CarND-Behavioral-Cloning-P3/data_hard/IMG/left_2017_04_28_18_28_40_758.jpg,/home/esteve/self-driving-ND/CarND-Behavioral-Cloning-P3/data_hard/IMG/right_2017_04_28_18_28_40_758.jpg,0.3383459,0.3635552,0,20.56185
/home/esteve/self-driving-ND/CarND-Behavioral-Cloning-P3/data_hard/IMG/center_2017_04_28_18_28_40_843.jpg,/home/esteve/self-driving-ND/CarND-Behavioral-Cloning-P3/data_hard/IMG/left_2017_04_28_18_28_40_843.jpg,/home/esteve/self-driving-ND/CarND-Behavioral-Cloning-P3/data_hard/IMG/right_2017_04_28_18_28_40_843.jpg,0.3233083,0.618408,0,20.91201
/home/esteve/self-driving-ND/CarND-Behavioral-Cloning-P3/data_hard/IMG/center_2017_04_28_18_28_40_916.jpg,/home/esteve/self-driving-ND/CarND-Behavioral-Cloning-P3/data_hard/IMG/left_2017_04_28_18_28_40_916.jpg,/home/esteve/self-driving-ND/CarND-Behavioral-Cloning-P3/data_hard/IMG/right_2017_04_28_18_28_40_916.jpg,0.3233083,0.839889,0,21.3392
/home/esteve/self-driving-ND/CarND-Behavioral-Cloning-P3/data_hard/IMG/center_2017_04_28_18_28_40_994.jpg,/home/esteve/self-driving-ND/CarND-Behavioral-Cloning-P3/data_hard/IMG/left_2017_04_28_18_28_40_994.jpg,/home/esteve/self-driving-ND/CarND-Behavioral-Cloning-P3/data_hard/IMG/right_2017_04_28_18_28_40_994.jpg,0.3233083,1,0,21.89422
/home/esteve/self-driving-ND/CarND-Behavioral-Cloning-P3/data_hard/IMG/center_2017_04_28_18_28_41_072.jpg,/home/esteve/self-driving-ND/CarND-Behavioral-Cloning-P3/data_hard/IMG/left_2017_04_28_18_28_41_072.jpg,/home/esteve/self-driving-ND/CarND-Behavioral-Cloning-P3/data_hard/IMG/right_2017_04_28_18_28_41_072.jpg,0.3233083,1,0,22.82823
/home/esteve/self-driving-ND/CarND-Behavioral-Cloning-P3/data_hard/IMG/center_2017_04_28_18_28_41_151.jpg,/home/esteve/self-driving-ND/CarND-Behavioral-Cloning-P3/data_hard/IMG/left_2017_04_28_18_28_41_151.jpg,/home/esteve/self-driving-ND/CarND-Behavioral-Cloning-P3/data_hard/IMG/right_2017_04_28_18_28_41_151.jpg,0.3233083,0.8198142,0,23.54985
/home/esteve/self-driving-ND/CarND-Behavioral-Cloning-P3/data_hard/IMG/center_2017_04_28_18_28_41_219.jpg,/home/esteve/self-driving-ND/CarND-Behavioral-Cloning-P3/data_hard/IMG/left_2017_04_28_18_28_41_219.jpg,/home/esteve/self-driving-ND/CarND-Behavioral-Cloning-P3/data_hard/IMG/right_2017_04_28_18_28_41_219.jpg,0.3233083,0.617851,0,23.92699
/home/esteve/self-driving-ND/CarND-Behavioral-Cloning-P3/data_hard/IMG/center_2017_04_28_18_28_41_295.jpg,/home/esteve/self-driving-ND/CarND-Behavioral-Cloning-P3/data_hard/IMG/left_2017_04_28_18_28_41_295.jpg,/home/esteve/self-driving-ND/CarND-Behavioral-Cloning-P3/data_hard/IMG/right_2017_04_28_18_28_41_295.jpg,0.3909774,0.3900249,0,24.22457
/home/esteve/self-driving-ND/CarND-Behavioral-Cloning-P3/data_hard/IMG/center_2017_04_28_18_28_41_374.jpg,/home/esteve/self-driving-ND/CarND-Behavioral-Cloning-P3/data_hard/IMG/left_2017_04_28_18_28_41_374.jpg,/home/esteve/self-driving-ND/CarND-Behavioral-Cloning-P3/data_hard/IMG/right_2017_04_28_18_28_41_374.jpg,0.5112782,0.1515944,0,24.24894
/home/esteve/self-driving-ND/CarND-Behavioral-Cloning-P3/data_hard/IMG/center_2017_04_28_18_28_41_459.jpg,/home/esteve/self-driving-ND/CarND-Behavioral-Cloning-P3/data_hard/IMG/left_2017_04_28_18_28_41_459.jpg,/home/esteve/self-driving-ND/CarND-Behavioral-Cloning-P3/data_hard/IMG/right_2017_04_28_18_28_41_459.jpg,0.593985,0.2994463,0,24.11691
/home/esteve/self-driving-ND/CarND-Behavioral-Cloning-P3/data_hard/IMG/center_2017_04_28_18_28_41_539.jpg,/home/esteve/self-driving-ND/CarND-Behavioral-Cloning-P3/data_hard/IMG/left_2017_04_28_18_28_41_539.jpg,/home/esteve/self-driving-ND/CarND-Behavioral-Cloning-P3/data_hard/IMG/right_2017_04_28_18_28_41_539.jpg,0.593985,0.3643129,0,24.2186
/home/esteve/self-driving-ND/CarND-Behavioral-Cloning-P3/data_hard/IMG/center_2017_04_28_18_28_41_621.jpg,/home/esteve/self-driving-ND/CarND-Behavioral-Cloning-P3/data_hard/IMG/left_2017_04_28_18_28_41_621.jpg,/home/esteve/self-driving-ND/CarND-Behavioral-Cloning-P3/data_hard/IMG/right_2017_04_28_18_28_41_621.jpg,0.593985,0.1246786,0,24.18983
/home/esteve/self-driving-ND/CarND-Behavioral-Cloning-P3/data_hard/IMG/center_2017_04_28_18_28_41_688.jpg,/home/esteve/self-driving-ND/CarND-Behavioral-Cloning-P3/data_hard/IMG/left_2017_04_28_18_28_41_688.jpg,/home/esteve/self-driving-ND/CarND-Behavioral-Cloning-P3/data_hard/IMG/right_2017_04_28_18_28_41_688.jpg,0.593985,0,0,23.99106
/home/esteve/self-driving-ND/CarND-Behavioral-Cloning-P3/data_hard/IMG/center_2017_04_28_18_28_41_768.jpg,/home/esteve/self-driving-ND/CarND-Behavioral-Cloning-P3/data_hard/IMG/left_2017_04_28_18_28_41_768.jpg,/home/esteve/self-driving-ND/CarND-Behavioral-Cloning-P3/data_hard/IMG/right_2017_04_28_18_28_41_768.jpg,0.5112782,0,0,23.79602
/home/esteve/self-driving-ND/CarND-Behavioral-Cloning-P3/data_hard/IMG/center_2017_04_28_18_28_41_851.jpg,/home/esteve/self-driving-ND/CarND-Behavioral-Cloning-P3/data_hard/IMG/left_2017_04_28_18_28_41_851.jpg,/home/esteve/self-driving-ND/CarND-Behavioral-Cloning-P3/data_hard/IMG/right_2017_04_28_18_28_41_851.jpg,0.4210526,0.2493782,0,23.74613
/home/esteve/self-driving-ND/CarND-Behavioral-Cloning-P3/data_hard/IMG/center_2017_04_28_18_28_41_938.jpg,/home/esteve/self-driving-ND/CarND-Behavioral-Cloning-P3/data_hard/IMG/left_2017_04_28_18_28_41_938.jpg,/home/esteve/self-driving-ND/CarND-Behavioral-Cloning-P3/data_hard/IMG/right_2017_04_28_18_28_41_938.jpg,0.3609022,0.511842,0,23.9412
/home/esteve/self-driving-ND/CarND-Behavioral-Cloning-P3/data_hard/IMG/center_2017_04_28_18_28_42_024.jpg,/home/esteve/self-driving-ND/CarND-Behavioral-Cloning-P3/data_hard/IMG/left_2017_04_28_18_28_42_024.jpg,/home/esteve/self-driving-ND/CarND-Behavioral-Cloning-P3/data_hard/IMG/right_2017_04_28_18_28_42_024.jpg,0.3609022,0.7686181,0,24.49752
/home/esteve/self-driving-ND/CarND-Behavioral-Cloning-P3/data_hard/IMG/center_2017_04_28_18_28_42_104.jpg,/home/esteve/self-driving-ND/CarND-Behavioral-Cloning-P3/data_hard/IMG/left_2017_04_28_18_28_42_104.jpg,/home/esteve/self-driving-ND/CarND-Behavioral-Cloning-P3/data_hard/IMG/right_2017_04_28_18_28_42_104.jpg,0.3308271,0.7567892,0,25.11252
/home/esteve/self-driving-ND/CarND-Behavioral-Cloning-P3/data_hard/IMG/center_2017_04_28_18_28_42_174.jpg,/home/esteve/self-driving-ND/CarND-Behavioral-Cloning-P3/data_hard/IMG/left_2017_04_28_18_28_42_174.jpg,/home/esteve/self-driving-ND/CarND-Behavioral-Cloning-P3/data_hard/IMG/right_2017_04_28_18_28_42_174.jpg,0.3233083,0.5464439,0,25.43184
/home/esteve/self-driving-ND/CarND-Behavioral-Cloning-P3/data_hard/IMG/center_2017_04_28_18_28_42_241.jpg,/home/esteve/self-driving-ND/CarND-Behavioral-Cloning-P3/data_hard/IMG/left_2017_04_28_18_28_42_241.jpg,/home/esteve/self-driving-ND/CarND-Behavioral-Cloning-P3/data_hard/IMG/right_2017_04_28_18_28_42_241.jpg,0.3007519,0.4002657,0,25.61299
/home/esteve/self-driving-ND/CarND-Behavioral-Cloning-P3/data_hard/IMG/center_2017_04_28_18_28_42_327.jpg,/home/esteve/self-driving-ND/CarND-Behavioral-Cloning-P3/data_hard/IMG/left_2017_04_28_18_28_42_327.jpg,/home/esteve/self-driving-ND/CarND-Behavioral-Cloning-P3/data_hard/IMG/right_2017_04_28_18_28_42_327.jpg,0.2330827,0.08775616,0,25.66493
/home/esteve/self-driving-ND/CarND-Behavioral-Cloning-P3/data_hard/IMG/center_2017_04_28_18_28_42_413.jpg,/home/esteve/self-driving-ND/CarND-Behavioral-Cloning-P3/data_hard/IMG/left_2017_04_28_18_28_42_413.jpg,/home/esteve/self-driving-ND/CarND-Behavioral-Cloning-P3/data_hard/IMG/right_2017_04_28_18_28_42_413.jpg,0.2330827,0.06450605,0,25.4762
/home/esteve/self-driving-ND/CarND-Behavioral-Cloning-P3/data_hard/IMG/center_2017_04_28_18_28_42_497.jpg,/home/esteve/self-driving-ND/CarND-Behavioral-Cloning-P3/data_hard/IMG/left_2017_04_28_18_28_42_497.jpg,/home/esteve/self-driving-ND/CarND-Behavioral-Cloning-P3/data_hard/IMG/right_2017_04_28_18_28_42_497.jpg,0.1578947,0.07607818,0,25.40722
/home/esteve/self-driving-ND/CarND-Behavioral-Cloning-P3/data_hard/IMG/center_2017_04_28_18_28_42_588.jpg,/home/esteve/self-driving-ND/CarND-Behavioral-Cloning-P3/data_hard/IMG/left_2017_04_28_18_28_42_588.jpg,/home/esteve/self-driving-ND/CarND-Behavioral-Cloning-P3/data_hard/IMG/right_2017_04_28_18_28_42_588.jpg,0.09022556,0,0,25.17403
/home/esteve/self-driving-ND/CarND-Behavioral-Cloning-P3/data_hard/IMG/center_2017_04_28_18_28_42_655.jpg,/home/esteve/self-driving-ND/CarND-Behavioral-Cloning-P3/data_hard/IMG/left_2017_04_28_18_28_42_655.jpg,/home/esteve/self-driving-ND/CarND-Behavioral-Cloning-P3/data_hard/IMG/right_2017_04_28_18_28_42_655.jpg,0.09022556,0,0,25.02273
/home/esteve/self-driving-ND/CarND-Behavioral-Cloning-P3/data_hard/IMG/center_2017_04_28_18_28_42_725.jpg,/home/esteve/self-driving-ND/CarND-Behavioral-Cloning-P3/data_hard/IMG/left_2017_04_28_18_28_42_725.jpg,/home/esteve/self-driving-ND/CarND-Behavioral-Cloning-P3/data_hard/IMG/right_2017_04_28_18_28_42_725.jpg,0.09022556,0,0,24.82418
/home/esteve/self-driving-ND/CarND-Behavioral-Cloning-P3/data_hard/IMG/center_2017_04_28_18_28_42_794.jpg,/home/esteve/self-driving-ND/CarND-Behavioral-Cloning-P3/data_hard/IMG/left_2017_04_28_18_28_42_794.jpg,/home/esteve/self-driving-ND/CarND-Behavioral-Cloning-P3/data_hard/IMG/right_2017_04_28_18_28_42_794.jpg,0.09022556,0,0,24.67551
/home/esteve/self-driving-ND/CarND-Behavioral-Cloning-P3/data_hard/IMG/center_2017_04_28_18_28_42_879.jpg,/home/esteve/self-driving-ND/CarND-Behavioral-Cloning-P3/data_hard/IMG/left_2017_04_28_18_28_42_879.jpg,/home/esteve/self-driving-ND/CarND-Behavioral-Cloning-P3/data_hard/IMG/right_2017_04_28_18_28_42_879.jpg,0.09022556,0,0,24.47779
/home/esteve/self-driving-ND/CarND-Behavioral-Cloning-P3/data_hard/IMG/center_2017_04_28_18_28_42_970.jpg,/home/esteve/self-driving-ND/CarND-Behavioral-Cloning-P3/data_hard/IMG/left_2017_04_28_18_28_42_970.jpg,/home/esteve/self-driving-ND/CarND-Behavioral-Cloning-P3/data_hard/IMG/right_2017_04_28_18_28_42_970.jpg,0.1353384,0,0,24.23101
/home/esteve/self-driving-ND/CarND-Behavioral-Cloning-P3/data_hard/IMG/center_2017_04_28_18_28_43_056.jpg,/home/esteve/self-driving-ND/CarND-Behavioral-Cloning-P3/data_hard/IMG/left_2017_04_28_18_28_43_056.jpg,/home/esteve/self-driving-ND/CarND-Behavioral-Cloning-P3/data_hard/IMG/right_2017_04_28_18_28_43_056.jpg,0.2180451,0.2575893,0,24.13706
/home/esteve/self-driving-ND/CarND-Behavioral-Cloning-P3/data_hard/IMG/center_2017_04_28_18_28_43_150.jpg,/home/esteve/self-driving-ND/CarND-Behavioral-Cloning-P3/data_hard/IMG/left_2017_04_28_18_28_43_150.jpg,/home/esteve/self-driving-ND/CarND-Behavioral-Cloning-P3/data_hard/IMG/right_2017_04_28_18_28_43_150.jpg,0.2781955,0.5387557,0,24.36804
/home/esteve/self-driving-ND/CarND-Behavioral-Cloning-P3/data_hard/IMG/center_2017_04_28_18_28_43_218.jpg,/home/esteve/self-driving-ND/CarND-Behavioral-Cloning-P3/data_hard/IMG/left_2017_04_28_18_28_43_218.jpg,/home/esteve/self-driving-ND/CarND-Behavioral-Cloning-P3/data_hard/IMG/right_2017_04_28_18_28_43_218.jpg,0.3157895,0.7445226,0,24.64105
/home/esteve/self-driving-ND/CarND-Behavioral-Cloning-P3/data_hard/IMG/center_2017_04_28_18_28_43_288.jpg,/home/esteve/self-driving-ND/CarND-Behavioral-Cloning-P3/data_hard/IMG/left_2017_04_28_18_28_43_288.jpg,/home/esteve/self-driving-ND/CarND-Behavioral-Cloning-P3/data_hard/IMG/right_2017_04_28_18_28_43_288.jpg,0.3458647,0.6762478,0,25.17853
/home/esteve/self-driving-ND/CarND-Behavioral-Cloning-P3/data_hard/IMG/center_2017_04_28_18_28_43_360.jpg,/home/esteve/self-driving-ND/CarND-Behavioral-Cloning-P3/data_hard/IMG/left_2017_04_28_18_28_43_360.jpg,/home/esteve/self-driving-ND/CarND-Behavioral-Cloning-P3/data_hard/IMG/right_2017_04_28_18_28_43_360.jpg,0.368421,0.4608572,0,25.42921
/home/esteve/self-driving-ND/CarND-Behavioral-Cloning-P3/data_hard/IMG/center_2017_04_28_18_28_43_430.jpg,/home/esteve/self-driving-ND/CarND-Behavioral-Cloning-P3/data_hard/IMG/left_2017_04_28_18_28_43_430.jpg,/home/esteve/self-driving-ND/CarND-Behavioral-Cloning-P3/data_hard/IMG/right_2017_04_28_18_28_43_430.jpg,0.368421,0.2516999,0,25.56027
/home/esteve/self-driving-ND/CarND-Behavioral-Cloning-P3/data_hard/IMG/center_2017_04_28_18_28_43_502.jpg,/home/esteve/self-driving-ND/CarND-Behavioral-Cloning-P3/data_hard/IMG/left_2017_04_28_18_28_43_502.jpg,/home/esteve/self-driving-ND/CarND-Behavioral-Cloning-P3/data_hard/IMG/right_2017_04_28_18_28_43_502.jpg,0.368421,0.03496242,0,25.45943
/home/esteve/self-driving-ND/CarND-Behavioral-Cloning-P3/data_hard/IMG/center_2017_04_28_18_28_43_570.jpg,/home/esteve/self-driving-ND/CarND-Behavioral-Cloning-P3/data_hard/IMG/left_2017_04_28_18_28_43_570.jpg,/home/esteve/self-driving-ND/CarND-Behavioral-Cloning-P3/data_hard/IMG/right_2017_04_28_18_28_43_570.jpg,0.368421,0,0,25.30845
/home/esteve/self-driving-ND/CarND-Behavioral-Cloning-P3/data_hard/IMG/center_2017_04_28_18_28_43_639.jpg,/home/esteve/self-driving-ND/CarND-Behavioral-Cloning-P3/data_hard/IMG/left_2017_04_28_18_28_43_639.jpg,/home/esteve/self-driving-ND/CarND-Behavioral-Cloning-P3/data_hard/IMG/right_2017_04_28_18_28_43_639.jpg,0.368421,0,0,25.14667
/home/esteve/self-driving-ND/CarND-Behavioral-Cloning-P3/data_hard/IMG/center_2017_04_28_18_28_43_709.jpg,/home/esteve/self-driving-ND/CarND-Behavioral-Cloning-P3/data_hard/IMG/left_2017_04_28_18_28_43_709.jpg,/home/esteve/self-driving-ND/CarND-Behavioral-Cloning-P3/data_hard/IMG/right_2017_04_28_18_28_43_709.jpg,0.368421,0,0,24.93732
/home/esteve/self-driving-ND/CarND-Behavioral-Cloning-P3/data_hard/IMG/center_2017_04_28_18_28_43_780.jpg,/home/esteve/self-driving-ND/CarND-Behavioral-Cloning-P3/data_hard/IMG/left_2017_04_28_18_28_43_780.jpg,/home/esteve/self-driving-ND/CarND-Behavioral-Cloning-P3/data_hard/IMG/right_2017_04_28_18_28_43_780.jpg,0.2406015,0.2132671,0,24.85864
/home/esteve/self-driving-ND/CarND-Behavioral-Cloning-P3/data_hard/IMG/center_2017_04_28_18_28_43_851.jpg,/home/esteve/self-driving-ND/CarND-Behavioral-Cloning-P3/data_hard/IMG/left_2017_04_28_18_28_43_851.jpg,/home/esteve/self-driving-ND/CarND-Behavioral-Cloning-P3/data_hard/IMG/right_2017_04_28_18_28_43_851.jpg,0.1804511,0.4266028,0,24.97117
/home/esteve/self-driving-ND/CarND-Behavioral-Cloning-P3/data_hard/IMG/center_2017_04_28_18_28_43_920.jpg,/home/esteve/self-driving-ND/CarND-Behavioral-Cloning-P3/data_hard/IMG/left_2017_04_28_18_28_43_920.jpg,/home/esteve/self-driving-ND/CarND-Behavioral-Cloning-P3/data_hard/IMG/right_2017_04_28_18_28_43_920.jpg,0.1729323,0.2213123,0,25.07458
/home/esteve/self-driving-ND/CarND-Behavioral-Cloning-P3/data_hard/IMG/center_2017_04_28_18_28_44_005.jpg,/home/esteve/self-driving-ND/CarND-Behavioral-Cloning-P3/data_hard/IMG/left_2017_04_28_18_28_44_005.jpg,/home/esteve/self-driving-ND/CarND-Behavioral-Cloning-P3/data_hard/IMG/right_2017_04_28_18_28_44_005.jpg,0.1052632,0,0,24.96378
/home/esteve/self-driving-ND/CarND-Behavioral-Cloning-P3/data_hard/IMG/center_2017_04_28_18_28_44_099.jpg,/home/esteve/self-driving-ND/CarND-Behavioral-Cloning-P3/data_hard/IMG/left_2017_04_28_18_28_44_099.jpg,/home/esteve/self-driving-ND/CarND-Behavioral-Cloning-P3/data_hard/IMG/right_2017_04_28_18_28_44_099.jpg,-0.07518797,0,0,24.7526
/home/esteve/self-driving-ND/CarND-Behavioral-Cloning-P3/data_hard/IMG/center_2017_04_28_18_28_44_187.jpg,/home/esteve/self-driving-ND/CarND-Behavioral-Cloning-P3/data_hard/IMG/left_2017_04_28_18_28_44_187.jpg,/home/esteve/self-driving-ND/CarND-Behavioral-Cloning-P3/data_hard/IMG/right_2017_04_28_18_28_44_187.jpg,-0.2255639,0,0,24.45025
/home/esteve/self-driving-ND/CarND-Behavioral-Cloning-P3/data_hard/IMG/center_2017_04_28_18_28_44_259.jpg,/home/esteve/self-driving-ND/CarND-Behavioral-Cloning-P3/data_hard/IMG/left_2017_04_28_18_28_44_259.jpg,/home/esteve/self-driving-ND/CarND-Behavioral-Cloning-P3/data_hard/IMG/right_2017_04_28_18_28_44_259.jpg,-0.3308271,0,0,24.24932
/home/esteve/self-driving-ND/CarND-Behavioral-Cloning-P3/data_hard/IMG/center_2017_04_28_18_28_44_331.jpg,/home/esteve/self-driving-ND/CarND-Behavioral-Cloning-P3/data_hard/IMG/left_2017_04_28_18_28_44_331.jpg,/home/esteve/self-driving-ND/CarND-Behavioral-Cloning-P3/data_hard/IMG/right_2017_04_28_18_28_44_331.jpg,-0.3458647,0,0,23.99764
/home/esteve/self-driving-ND/CarND-Behavioral-Cloning-P3/data_hard/IMG/center_2017_04_28_18_28_44_398.jpg,/home/esteve/self-driving-ND/CarND-Behavioral-Cloning-P3/data_hard/IMG/left_2017_04_28_18_28_44_398.jpg,/home/esteve/self-driving-ND/CarND-Behavioral-Cloning-P3/data_hard/IMG/right_2017_04_28_18_28_44_398.jpg,-0.3383459,0,0,23.83063
/home/esteve/self-driving-ND/CarND-Behavioral-Cloning-P3/data_hard/IMG/center_2017_04_28_18_28_44_465.jpg,/home/esteve/self-driving-ND/CarND-Behavioral-Cloning-P3/data_hard/IMG/left_2017_04_28_18_28_44_465.jpg,/home/esteve/self-driving-ND/CarND-Behavioral-Cloning-P3/data_hard/IMG/right_2017_04_28_18_28_44_465.jpg,-0.1654135,0,0,23.64355
/home/esteve/self-driving-ND/CarND-Behavioral-Cloning-P3/data_hard/IMG/center_2017_04_28_18_28_44_533.jpg,/home/esteve/self-driving-ND/CarND-Behavioral-Cloning-P3/data_hard/IMG/left_2017_04_28_18_28_44_533.jpg,/home/esteve/self-driving-ND/CarND-Behavioral-Cloning-P3/data_hard/IMG/right_2017_04_28_18_28_44_533.jpg,-0.1428571,0.1350389,0,23.53114
/home/esteve/self-driving-ND/CarND-Behavioral-Cloning-P3/data_hard/IMG/center_2017_04_28_18_28_44_601.jpg,/home/esteve/self-driving-ND/CarND-Behavioral-Cloning-P3/data_hard/IMG/left_2017_04_28_18_28_44_601.jpg,/home/esteve/self-driving-ND/CarND-Behavioral-Cloning-P3/data_hard/IMG/right_2017_04_28_18_28_44_601.jpg,-0.09022556,0.3391199,0,23.5573
/home/esteve/self-driving-ND/CarND-Behavioral-Cloning-P3/data_hard/IMG/center_2017_04_28_18_28_44_671.jpg,/home/esteve/self-driving-ND/CarND-Behavioral-Cloning-P3/data_hard/IMG/left_2017_04_28_18_28_44_671.jpg,/home/esteve/self-driving-ND/CarND-Behavioral-Cloning-P3/data_hard/IMG/right_2017_04_28_18_28_44_671.jpg,-0.06015037,0.5497048,0,23.78782
/home/esteve/self-driving-ND/CarND-Behavioral-Cloning-P3/data_hard/IMG/center_2017_04_28_18_28_44_738.jpg,/home/esteve/self-driving-ND/CarND-Behavioral-Cloning-P3/data_hard/IMG/left_2017_04_28_18_28_44_738.jpg,/home/esteve/self-driving-ND/CarND-Behavioral-Cloning-P3/data_hard/IMG/right_2017_04_28_18_28_44_738.jpg,-0.06015037,0.7513046,0,24.10744
/home/esteve/self-driving-ND/CarND-Behavioral-Cloning-P3/data_hard/IMG/center_2017_04_28_18_28_44_822.jpg,/home/esteve/self-driving-ND/CarND-Behavioral-Cloning-P3/data_hard/IMG/left_2017_04_28_18_28_44_822.jpg,/home/esteve/self-driving-ND/CarND-Behavioral-Cloning-P3/data_hard/IMG/right_2017_04_28_18_28_44_822.jpg,-0.06015037,1,0,24.93852
/home/esteve/self-driving-ND/CarND-Behavioral-Cloning-P3/data_hard/IMG/center_2017_04_28_18_28_44_916.jpg,/home/esteve/self-driving-ND/CarND-Behavioral-Cloning-P3/data_hard/IMG/left_2017_04_28_18_28_44_916.jpg,/home/esteve/self-driving-ND/CarND-Behavioral-Cloning-P3/data_hard/IMG/right_2017_04_28_18_28_44_916.jpg,-0.06015037,0.7846115,0,25.64912
/home/esteve/self-driving-ND/CarND-Behavioral-Cloning-P3/data_hard/IMG/center_2017_04_28_18_28_45_004.jpg,/home/esteve/self-driving-ND/CarND-Behavioral-Cloning-P3/data_hard/IMG/left_2017_04_28_18_28_45_004.jpg,/home/esteve/self-driving-ND/CarND-Behavioral-Cloning-P3/data_hard/IMG/right_2017_04_28_18_28_45_004.jpg,-0.06015037,0.5215297,0,26.15405
/home/esteve/self-driving-ND/CarND-Behavioral-Cloning-P3/data_hard/IMG/center_2017_04_28_18_28_45_094.jpg,/home/esteve/self-driving-ND/CarND-Behavioral-Cloning-P3/data_hard/IMG/left_2017_04_28_18_28_45_094.jpg,/home/esteve/self-driving-ND/CarND-Behavioral-Cloning-P3/data_hard/IMG/right_2017_04_28_18_28_45_094.jpg,-0.06015037,0.4019976,0,26.33658
/home/esteve/self-driving-ND/CarND-Behavioral-Cloning-P3/data_hard/IMG/center_2017_04_28_18_28_45_180.jpg,/home/esteve/self-driving-ND/CarND-Behavioral-Cloning-P3/data_hard/IMG/left_2017_04_28_18_28_45_180.jpg,/home/esteve/self-driving-ND/CarND-Behavioral-Cloning-P3/data_hard/IMG/right_2017_04_28_18_28_45_180.jpg,0.007518797,0.6613507,0,26.63781
/home/esteve/self-driving-ND/CarND-Behavioral-Cloning-P3/data_hard/IMG/center_2017_04_28_18_28_45_251.jpg,/home/esteve/self-driving-ND/CarND-Behavioral-Cloning-P3/data_hard/IMG/left_2017_04_28_18_28_45_251.jpg,/home/esteve/self-driving-ND/CarND-Behavioral-Cloning-P3/data_hard/IMG/right_2017_04_28_18_28_45_251.jpg,0.01503759,0.872839,0,27.1511
/home/esteve/self-driving-ND/CarND-Behavioral-Cloning-P3/data_hard/IMG/center_2017_04_28_18_28_45_336.jpg,/home/esteve/self-driving-ND/CarND-Behavioral-Cloning-P3/data_hard/IMG/left_2017_04_28_18_28_45_336.jpg,/home/esteve/self-driving-ND/CarND-Behavioral-Cloning-P3/data_hard/IMG/right_2017_04_28_18_28_45_336.jpg,0.02255639,0.7410123,0,27.77093
/home/esteve/self-driving-ND/CarND-Behavioral-Cloning-P3/data_hard/IMG/center_2017_04_28_18_28_45_427.jpg,/home/esteve/self-driving-ND/CarND-Behavioral-Cloning-P3/data_hard/IMG/left_2017_04_28_18_28_45_427.jpg,/home/esteve/self-driving-ND/CarND-Behavioral-Cloning-P3/data_hard/IMG/right_2017_04_28_18_28_45_427.jpg,0.03007519,0.4680572,0,28.20717
/home/esteve/self-driving-ND/CarND-Behavioral-Cloning-P3/data_hard/IMG/center_2017_04_28_18_28_45_515.jpg,/home/esteve/self-driving-ND/CarND-Behavioral-Cloning-P3/data_hard/IMG/left_2017_04_28_18_28_45_515.jpg,/home/esteve/self-driving-ND/CarND-Behavioral-Cloning-P3/data_hard/IMG/right_2017_04_28_18_28_45_515.jpg,0.09022556,0.2029712,0,28.32514
/home/esteve/self-driving-ND/CarND-Behavioral-Cloning-P3/data_hard/IMG/center_2017_04_28_18_28_45_607.jpg,/home/esteve/self-driving-ND/CarND-Behavioral-Cloning-P3/data_hard/IMG/left_2017_04_28_18_28_45_607.jpg,/home/esteve/self-driving-ND/CarND-Behavioral-Cloning-P3/data_hard/IMG/right_2017_04_28_18_28_45_607.jpg,0.1278196,0,0,28.12385
/home/esteve/self-driving-ND/CarND-Behavioral-Cloning-P3/data_hard/IMG/center_2017_04_28_18_28_45_677.jpg,/home/esteve/self-driving-ND/CarND-Behavioral-Cloning-P3/data_hard/IMG/left_2017_04_28_18_28_45_677.jpg,/home/esteve/self-driving-ND/CarND-Behavioral-Cloning-P3/data_hard/IMG/right_2017_04_28_18_28_45_677.jpg,0.1278196,0,0,27.95213
/home/esteve/self-driving-ND/CarND-Behavioral-Cloning-P3/data_hard/IMG/center_2017_04_28_18_28_45_767.jpg,/home/esteve/self-driving-ND/CarND-Behavioral-Cloning-P3/data_hard/IMG/left_2017_04_28_18_28_45_767.jpg,/home/esteve/self-driving-ND/CarND-Behavioral-Cloning-P3/data_hard/IMG/right_2017_04_28_18_28_45_767.jpg,0.1278196,0,0,27.66636
/home/esteve/self-driving-ND/CarND-Behavioral-Cloning-P3/data_hard/IMG/center_2017_04_28_18_28_45_835.jpg,/home/esteve/self-driving-ND/CarND-Behavioral-Cloning-P3/data_hard/IMG/left_2017_04_28_18_28_45_835.jpg,/home/esteve/self-driving-ND/CarND-Behavioral-Cloning-P3/data_hard/IMG/right_2017_04_28_18_28_45_835.jpg,0.112782,0,0,27.49825
/home/esteve/self-driving-ND/CarND-Behavioral-Cloning-P3/data_hard/IMG/center_2017_04_28_18_28_45_921.jpg,/home/esteve/self-driving-ND/CarND-Behavioral-Cloning-P3/data_hard/IMG/left_2017_04_28_18_28_45_921.jpg,/home/esteve/self-driving-ND/CarND-Behavioral-Cloning-P3/data_hard/IMG/right_2017_04_28_18_28_45_921.jpg,0.1052632,0,0,27.2767
/home/esteve/self-driving-ND/CarND-Behavioral-Cloning-P3/data_hard/IMG/center_2017_04_28_18_28_46_008.jpg,/home/esteve/self-driving-ND/CarND-Behavioral-Cloning-P3/data_hard/IMG/left_2017_04_28_18_28_46_008.jpg,/home/esteve/self-driving-ND/CarND-Behavioral-Cloning-P3/data_hard/IMG/right_2017_04_28_18_28_46_008.jpg,0.04511278,0,0,27.00349
/home/esteve/self-driving-ND/CarND-Behavioral-Cloning-P3/data_hard/IMG/center_2017_04_28_18_28_46_076.jpg,/home/esteve/self-driving-ND/CarND-Behavioral-Cloning-P3/data_hard/IMG/left_2017_04_28_18_28_46_076.jpg,/home/esteve/self-driving-ND/CarND-Behavioral-Cloning-P3/data_hard/IMG/right_2017_04_28_18_28_46_076.jpg,0.007518797,0,0,26.84028
/home/esteve/self-driving-ND/CarND-Behavioral-Cloning-P3/data_hard/IMG/center_2017_04_28_18_28_46_162.jpg,/home/esteve/self-driving-ND/CarND-Behavioral-Cloning-P3/data_hard/IMG/left_2017_04_28_18_28_46_162.jpg,/home/esteve/self-driving-ND/CarND-Behavioral-Cloning-P3/data_hard/IMG/right_2017_04_28_18_28_46_162.jpg,-0.03759398,0,0,26.56771
/home/esteve/self-driving-ND/CarND-Behavioral-Cloning-P3/data_hard/IMG/center_2017_04_28_18_28_46_230.jpg,/home/esteve/self-driving-ND/CarND-Behavioral-Cloning-P3/data_hard/IMG/left_2017_04_28_18_28_46_230.jpg,/home/esteve/self-driving-ND/CarND-Behavioral-Cloning-P3/data_hard/IMG/right_2017_04_28_18_28_46_230.jpg,-0.03759398,0,0,26.4057
/home/esteve/self-driving-ND/CarND-Behavioral-Cloning-P3/data_hard/IMG/center_2017_04_28_18_28_46_299.jpg,/home/esteve/self-driving-ND/CarND-Behavioral-Cloning-P3/data_hard/IMG/left_2017_04_28_18_28_46_299.jpg,/home/esteve/self-driving-ND/CarND-Behavioral-Cloning-P3/data_hard/IMG/right_2017_04_28_18_28_46_299.jpg,-0.03759398,0,0,26.24534
/home/esteve/self-driving-ND/CarND-Behavioral-Cloning-P3/data_hard/IMG/center_2017_04_28_18_28_46_367.jpg,/home/esteve/self-driving-ND/CarND-Behavioral-Cloning-P3/data_hard/IMG/left_2017_04_28_18_28_46_367.jpg,/home/esteve/self-driving-ND/CarND-Behavioral-Cloning-P3/data_hard/IMG/right_2017_04_28_18_28_46_367.jpg,-0.03759398,0,0,26.03357
/home/esteve/self-driving-ND/CarND-Behavioral-Cloning-P3/data_hard/IMG/center_2017_04_28_18_28_46_454.jpg,/home/esteve/self-driving-ND/CarND-Behavioral-Cloning-P3/data_hard/IMG/left_2017_04_28_18_28_46_454.jpg,/home/esteve/self-driving-ND/CarND-Behavioral-Cloning-P3/data_hard/IMG/right_2017_04_28_18_28_46_454.jpg,-0.03759398,0,0,25.8238
/home/esteve/self-driving-ND/CarND-Behavioral-Cloning-P3/data_hard/IMG/center_2017_04_28_18_28_46_542.jpg,/home/esteve/self-driving-ND/CarND-Behavioral-Cloning-P3/data_hard/IMG/left_2017_04_28_18_28_46_542.jpg,/home/esteve/self-driving-ND/CarND-Behavioral-Cloning-P3/data_hard/IMG/right_2017_04_28_18_28_46_542.jpg,-0.03759398,0,0,25.61588
/home/esteve/self-driving-ND/CarND-Behavioral-Cloning-P3/data_hard/IMG/center_2017_04_28_18_28_46_626.jpg,/home/esteve/self-driving-ND/CarND-Behavioral-Cloning-P3/data_hard/IMG/left_2017_04_28_18_28_46_626.jpg,/home/esteve/self-driving-ND/CarND-Behavioral-Cloning-P3/data_hard/IMG/right_2017_04_28_18_28_46_626.jpg,-0.03759398,0,0,25.35846
/home/esteve/self-driving-ND/CarND-Behavioral-Cloning-P3/data_hard/IMG/center_2017_04_28_18_28_46_693.jpg,/home/esteve/self-driving-ND/CarND-Behavioral-Cloning-P3/data_hard/IMG/left_2017_04_28_18_28_46_693.jpg,/home/esteve/self-driving-ND/CarND-Behavioral-Cloning-P3/data_hard/IMG/right_2017_04_28_18_28_46_693.jpg,-0.03759398,0,0,25.20528
/home/esteve/self-driving-ND/CarND-Behavioral-Cloning-P3/data_hard/IMG/center_2017_04_28_18_28_46_763.jpg,/home/esteve/self-driving-ND/CarND-Behavioral-Cloning-P3/data_hard/IMG/left_2017_04_28_18_28_46_763.jpg,/home/esteve/self-driving-ND/CarND-Behavioral-Cloning-P3/data_hard/IMG/right_2017_04_28_18_28_46_763.jpg,-0.03759398,0,0,25.00251
/home/esteve/self-driving-ND/CarND-Behavioral-Cloning-P3/data_hard/IMG/center_2017_04_28_18_28_46_832.jpg,/home/esteve/self-driving-ND/CarND-Behavioral-Cloning-P3/data_hard/IMG/left_2017_04_28_18_28_46_832.jpg,/home/esteve/self-driving-ND/CarND-Behavioral-Cloning-P3/data_hard/IMG/right_2017_04_28_18_28_46_832.jpg,-0.03759398,0,0,24.85152
/home/esteve/self-driving-ND/CarND-Behavioral-Cloning-P3/data_hard/IMG/center_2017_04_28_18_28_46_913.jpg,/home/esteve/self-driving-ND/CarND-Behavioral-Cloning-P3/data_hard/IMG/left_2017_04_28_18_28_46_913.jpg,/home/esteve/self-driving-ND/CarND-Behavioral-Cloning-P3/data_hard/IMG/right_2017_04_28_18_28_46_913.jpg,-0.03759398,0,0,24.65162
/home/esteve/self-driving-ND/CarND-Behavioral-Cloning-P3/data_hard/IMG/center_2017_04_28_18_28_46_988.jpg,/home/esteve/self-driving-ND/CarND-Behavioral-Cloning-P3/data_hard/IMG/left_2017_04_28_18_28_46_988.jpg,/home/esteve/self-driving-ND/CarND-Behavioral-Cloning-P3/data_hard/IMG/right_2017_04_28_18_28_46_988.jpg,-0.03759398,0,0,24.45334
/home/esteve/self-driving-ND/CarND-Behavioral-Cloning-P3/data_hard/IMG/center_2017_04_28_18_28_47_057.jpg,/home/esteve/self-driving-ND/CarND-Behavioral-Cloning-P3/data_hard/IMG/left_2017_04_28_18_28_47_057.jpg,/home/esteve/self-driving-ND/CarND-Behavioral-Cloning-P3/data_hard/IMG/right_2017_04_28_18_28_47_057.jpg,-0.03759398,0,0,24.30569
/home/esteve/self-driving-ND/CarND-Behavioral-Cloning-P3/data_hard/IMG/center_2017_04_28_18_28_47_144.jpg,/home/esteve/self-driving-ND/CarND-Behavioral-Cloning-P3/data_hard/IMG/left_2017_04_28_18_28_47_144.jpg,/home/esteve/self-driving-ND/CarND-Behavioral-Cloning-P3/data_hard/IMG/right_2017_04_28_18_28_47_144.jpg,-0.03759398,0,0,24.06157
/home/esteve/self-driving-ND/CarND-Behavioral-Cloning-P3/data_hard/IMG/center_2017_04_28_18_28_47_231.jpg,/home/esteve/self-driving-ND/CarND-Behavioral-Cloning-P3/data_hard/IMG/left_2017_04_28_18_28_47_231.jpg,/home/esteve/self-driving-ND/CarND-Behavioral-Cloning-P3/data_hard/IMG/right_2017_04_28_18_28_47_231.jpg,-0.03759398,0,0,23.86805
/home/esteve/self-driving-ND/CarND-Behavioral-Cloning-P3/data_hard/IMG/center_2017_04_28_18_28_47_313.jpg,/home/esteve/self-driving-ND/CarND-Behavioral-Cloning-P3/data_hard/IMG/left_2017_04_28_18_28_47_313.jpg,/home/esteve/self-driving-ND/CarND-Behavioral-Cloning-P3/data_hard/IMG/right_2017_04_28_18_28_47_313.jpg,-0.03759398,0,0,23.67609
/home/esteve/self-driving-ND/CarND-Behavioral-Cloning-P3/data_hard/IMG/center_2017_04_28_18_28_47_401.jpg,/home/esteve/self-driving-ND/CarND-Behavioral-Cloning-P3/data_hard/IMG/left_2017_04_28_18_28_47_401.jpg,/home/esteve/self-driving-ND/CarND-Behavioral-Cloning-P3/data_hard/IMG/right_2017_04_28_18_28_47_401.jpg,-0.08270676,0,0,23.48473
/home/esteve/self-driving-ND/CarND-Behavioral-Cloning-P3/data_hard/IMG/center_2017_04_28_18_28_47_469.jpg,/home/esteve/self-driving-ND/CarND-Behavioral-Cloning-P3/data_hard/IMG/left_2017_04_28_18_28_47_469.jpg,/home/esteve/self-driving-ND/CarND-Behavioral-Cloning-P3/data_hard/IMG/right_2017_04_28_18_28_47_469.jpg,-0.1353384,0,0,23.28791
/home/esteve/self-driving-ND/CarND-Behavioral-Cloning-P3/data_hard/IMG/center_2017_04_28_18_28_47_537.jpg,/home/esteve/self-driving-ND/CarND-Behavioral-Cloning-P3/data_hard/IMG/left_2017_04_28_18_28_47_537.jpg,/home/esteve/self-driving-ND/CarND-Behavioral-Cloning-P3/data_hard/IMG/right_2017_04_28_18_28_47_537.jpg,-0.1428571,0,0,23.1539
/home/esteve/self-driving-ND/CarND-Behavioral-Cloning-P3/data_hard/IMG/center_2017_04_28_18_28_47_624.jpg,/home/esteve/self-driving-ND/CarND-Behavioral-Cloning-P3/data_hard/IMG/left_2017_04_28_18_28_47_624.jpg,/home/esteve/self-driving-ND/CarND-Behavioral-Cloning-P3/data_hard/IMG/right_2017_04_28_18_28_47_624.jpg,-0.1428571,0,0,22.96224
/home/esteve/self-driving-ND/CarND-Behavioral-Cloning-P3/data_hard/IMG/center_2017_04_28_18_28_47_693.jpg,/home/esteve/self-driving-ND/CarND-Behavioral-Cloning-P3/data_hard/IMG/left_2017_04_28_18_28_47_693.jpg,/home/esteve/self-driving-ND/CarND-Behavioral-Cloning-P3/data_hard/IMG/right_2017_04_28_18_28_47_693.jpg,-0.1428571,0,0,22.86514
/home/esteve/self-driving-ND/CarND-Behavioral-Cloning-P3/data_hard/IMG/center_2017_04_28_18_28_47_783.jpg,/home/esteve/self-driving-ND/CarND-Behavioral-Cloning-P3/data_hard/IMG/left_2017_04_28_18_28_47_783.jpg,/home/esteve/self-driving-ND/CarND-Behavioral-Cloning-P3/data_hard/IMG/right_2017_04_28_18_28_47_783.jpg,-0.09774436,0,0,22.79506
/home/esteve/self-driving-ND/CarND-Behavioral-Cloning-P3/data_hard/IMG/center_2017_04_28_18_28_47_867.jpg,/home/esteve/self-driving-ND/CarND-Behavioral-Cloning-P3/data_hard/IMG/left_2017_04_28_18_28_47_867.jpg,/home/esteve/self-driving-ND/CarND-Behavioral-Cloning-P3/data_hard/IMG/right_2017_04_28_18_28_47_867.jpg,0.05263158,0,0,22.7825
/home/esteve/self-driving-ND/CarND-Behavioral-Cloning-P3/data_hard/IMG/center_2017_04_28_18_28_47_958.jpg,/home/esteve/self-driving-ND/CarND-Behavioral-Cloning-P3/data_hard/IMG/left_2017_04_28_18_28_47_958.jpg,/home/esteve/self-driving-ND/CarND-Behavioral-Cloning-P3/data_hard/IMG/right_2017_04_28_18_28_47_958.jpg,0.2556391,0,0,22.87263
/home/esteve/self-driving-ND/CarND-Behavioral-Cloning-P3/data_hard/IMG/center_2017_04_28_18_28_48_043.jpg,/home/esteve/self-driving-ND/CarND-Behavioral-Cloning-P3/data_hard/IMG/left_2017_04_28_18_28_48_043.jpg,/home/esteve/self-driving-ND/CarND-Behavioral-Cloning-P3/data_hard/IMG/right_2017_04_28_18_28_48_043.jpg,0.4887218,0,0,22.83208
/home/esteve/self-driving-ND/CarND-Behavioral-Cloning-P3/data_hard/IMG/center_2017_04_28_18_28_48_134.jpg,/home/esteve/self-driving-ND/CarND-Behavioral-Cloning-P3/data_hard/IMG/left_2017_04_28_18_28_48_134.jpg,/home/esteve/self-driving-ND/CarND-Behavioral-Cloning-P3/data_hard/IMG/right_2017_04_28_18_28_48_134.jpg,1,0,0,22.64013
/home/esteve/self-driving-ND/CarND-Behavioral-Cloning-P3/data_hard/IMG/center_2017_04_28_18_28_48_208.jpg,/home/esteve/self-driving-ND/CarND-Behavioral-Cloning-P3/data_hard/IMG/left_2017_04_28_18_28_48_208.jpg,/home/esteve/self-driving-ND/CarND-Behavioral-Cloning-P3/data_hard/IMG/right_2017_04_28_18_28_48_208.jpg,1,0,0,22.3818
/home/esteve/self-driving-ND/CarND-Behavioral-Cloning-P3/data_hard/IMG/center_2017_04_28_18_28_48_287.jpg,/home/esteve/self-driving-ND/CarND-Behavioral-Cloning-P3/data_hard/IMG/left_2017_04_28_18_28_48_287.jpg,/home/esteve/self-driving-ND/CarND-Behavioral-Cloning-P3/data_hard/IMG/right_2017_04_28_18_28_48_287.jpg,1,0,0,22.45094
/home/esteve/self-driving-ND/CarND-Behavioral-Cloning-P3/data_hard/IMG/center_2017_04_28_18_28_48_356.jpg,/home/esteve/self-driving-ND/CarND-Behavioral-Cloning-P3/data_hard/IMG/left_2017_04_28_18_28_48_356.jpg,/home/esteve/self-driving-ND/CarND-Behavioral-Cloning-P3/data_hard/IMG/right_2017_04_28_18_28_48_356.jpg,1,0,0,22.13705
/home/esteve/self-driving-ND/CarND-Behavioral-Cloning-P3/data_hard/IMG/center_2017_04_28_18_28_48_444.jpg,/home/esteve/self-driving-ND/CarND-Behavioral-Cloning-P3/data_hard/IMG/left_2017_04_28_18_28_48_444.jpg,/home/esteve/self-driving-ND/CarND-Behavioral-Cloning-P3/data_hard/IMG/right_2017_04_28_18_28_48_444.jpg,1,0,0,22.27833
/home/esteve/self-driving-ND/CarND-Behavioral-Cloning-P3/data_hard/IMG/center_2017_04_28_18_28_48_526.jpg,/home/esteve/self-driving-ND/CarND-Behavioral-Cloning-P3/data_hard/IMG/left_2017_04_28_18_28_48_526.jpg,/home/esteve/self-driving-ND/CarND-Behavioral-Cloning-P3/data_hard/IMG/right_2017_04_28_18_28_48_526.jpg,1,0,0,22.55107
/home/esteve/self-driving-ND/CarND-Behavioral-Cloning-P3/data_hard/IMG/center_2017_04_28_18_28_48_607.jpg,/home/esteve/self-driving-ND/CarND-Behavioral-Cloning-P3/data_hard/IMG/left_2017_04_28_18_28_48_607.jpg,/home/esteve/self-driving-ND/CarND-Behavioral-Cloning-P3/data_hard/IMG/right_2017_04_28_18_28_48_607.jpg,1,0,0,22.46131
/home/esteve/self-driving-ND/CarND-Behavioral-Cloning-P3/data_hard/IMG/center_2017_04_28_18_28_48_675.jpg,/home/esteve/self-driving-ND/CarND-Behavioral-Cloning-P3/data_hard/IMG/left_2017_04_28_18_28_48_675.jpg,/home/esteve/self-driving-ND/CarND-Behavioral-Cloning-P3/data_hard/IMG/right_2017_04_28_18_28_48_675.jpg,1,0,0,22.93335
/home/esteve/self-driving-ND/CarND-Behavioral-Cloning-P3/data_hard/IMG/center_2017_04_28_18_28_48_756.jpg,/home/esteve/self-driving-ND/CarND-Behavioral-Cloning-P3/data_hard/IMG/left_2017_04_28_18_28_48_756.jpg,/home/esteve/self-driving-ND/CarND-Behavioral-Cloning-P3/data_hard/IMG/right_2017_04_28_18_28_48_756.jpg,0.9323308,0,0,23.17076
/home/esteve/self-driving-ND/CarND-Behavioral-Cloning-P3/data_hard/IMG/center_2017_04_28_18_28_48_834.jpg,/home/esteve/self-driving-ND/CarND-Behavioral-Cloning-P3/data_hard/IMG/left_2017_04_28_18_28_48_834.jpg,/home/esteve/self-driving-ND/CarND-Behavioral-Cloning-P3/data_hard/IMG/right_2017_04_28_18_28_48_834.jpg,0.6541353,0,0,23.45833
/home/esteve/self-driving-ND/CarND-Behavioral-Cloning-P3/data_hard/IMG/center_2017_04_28_18_28_48_911.jpg,/home/esteve/self-driving-ND/CarND-Behavioral-Cloning-P3/data_hard/IMG/left_2017_04_28_18_28_48_911.jpg,/home/esteve/self-driving-ND/CarND-Behavioral-Cloning-P3/data_hard/IMG/right_2017_04_28_18_28_48_911.jpg,0.3308271,0,0,23.75926
/home/esteve/self-driving-ND/CarND-Behavioral-Cloning-P3/data_hard/IMG/center_2017_04_28_18_28_48_989.jpg,/home/esteve/self-driving-ND/CarND-Behavioral-Cloning-P3/data_hard/IMG/left_2017_04_28_18_28_48_989.jpg,/home/esteve/self-driving-ND/CarND-Behavioral-Cloning-P3/data_hard/IMG/right_2017_04_28_18_28_48_989.jpg,0.1428571,0,0,24.00309
/home/esteve/self-driving-ND/CarND-Behavioral-Cloning-P3/data_hard/IMG/center_2017_04_28_18_28_49_072.jpg,/home/esteve/self-driving-ND/CarND-Behavioral-Cloning-P3/data_hard/IMG/left_2017_04_28_18_28_49_072.jpg,/home/esteve/self-driving-ND/CarND-Behavioral-Cloning-P3/data_hard/IMG/right_2017_04_28_18_28_49_072.jpg,-0.368421,0,0,23.99833
/home/esteve/self-driving-ND/CarND-Behavioral-Cloning-P3/data_hard/IMG/center_2017_04_28_18_28_49_147.jpg,/home/esteve/self-driving-ND/CarND-Behavioral-Cloning-P3/data_hard/IMG/left_2017_04_28_18_28_49_147.jpg,/home/esteve/self-driving-ND/CarND-Behavioral-Cloning-P3/data_hard/IMG/right_2017_04_28_18_28_49_147.jpg,-0.5413534,0,0,23.96063
/home/esteve/self-driving-ND/CarND-Behavioral-Cloning-P3/data_hard/IMG/center_2017_04_28_18_28_49_221.jpg,/home/esteve/self-driving-ND/CarND-Behavioral-Cloning-P3/data_hard/IMG/left_2017_04_28_18_28_49_221.jpg,/home/esteve/self-driving-ND/CarND-Behavioral-Cloning-P3/data_hard/IMG/right_2017_04_28_18_28_49_221.jpg,-0.8195488,0,0,23.79326
/home/esteve/self-driving-ND/CarND-Behavioral-Cloning-P3/data_hard/IMG/center_2017_04_28_18_28_49_298.jpg,/home/esteve/self-driving-ND/CarND-Behavioral-Cloning-P3/data_hard/IMG/left_2017_04_28_18_28_49_298.jpg,/home/esteve/self-driving-ND/CarND-Behavioral-Cloning-P3/data_hard/IMG/right_2017_04_28_18_28_49_298.jpg,-1,0,0,23.58976
/home/esteve/self-driving-ND/CarND-Behavioral-Cloning-P3/data_hard/IMG/center_2017_04_28_18_28_49_374.jpg,/home/esteve/self-driving-ND/CarND-Behavioral-Cloning-P3/data_hard/IMG/left_2017_04_28_18_28_49_374.jpg,/home/esteve/self-driving-ND/CarND-Behavioral-Cloning-P3/data_hard/IMG/right_2017_04_28_18_28_49_374.jpg,-1,0,0,23.15401
/home/esteve/self-driving-ND/CarND-Behavioral-Cloning-P3/data_hard/IMG/center_2017_04_28_18_28_49_454.jpg,/home/esteve/self-driving-ND/CarND-Behavioral-Cloning-P3/data_hard/IMG/left_2017_04_28_18_28_49_454.jpg,/home/esteve/self-driving-ND/CarND-Behavioral-Cloning-P3/data_hard/IMG/right_2017_04_28_18_28_49_454.jpg,-1,0,0,23.19218
/home/esteve/self-driving-ND/CarND-Behavioral-Cloning-P3/data_hard/IMG/center_2017_04_28_18_28_49_529.jpg,/home/esteve/self-driving-ND/CarND-Behavioral-Cloning-P3/data_hard/IMG/left_2017_04_28_18_28_49_529.jpg,/home/esteve/self-driving-ND/CarND-Behavioral-Cloning-P3/data_hard/IMG/right_2017_04_28_18_28_49_529.jpg,-0.669173,0,0,23.30312
/home/esteve/self-driving-ND/CarND-Behavioral-Cloning-P3/data_hard/IMG/center_2017_04_28_18_28_49_610.jpg,/home/esteve/self-driving-ND/CarND-Behavioral-Cloning-P3/data_hard/IMG/left_2017_04_28_18_28_49_610.jpg,/home/esteve/self-driving-ND/CarND-Behavioral-Cloning-P3/data_hard/IMG/right_2017_04_28_18_28_49_610.jpg,-0.5338346,0,0,23.35567
/home/esteve/self-driving-ND/CarND-Behavioral-Cloning-P3/data_hard/IMG/center_2017_04_28_18_28_49_700.jpg,/home/esteve/self-driving-ND/CarND-Behavioral-Cloning-P3/data_hard/IMG/left_2017_04_28_18_28_49_700.jpg,/home/esteve/self-driving-ND/CarND-Behavioral-Cloning-P3/data_hard/IMG/right_2017_04_28_18_28_49_700.jpg,-0.5338346,0,0,23.19574
/home/esteve/self-driving-ND/CarND-Behavioral-Cloning-P3/data_hard/IMG/center_2017_04_28_18_28_49_793.jpg,/home/esteve/self-driving-ND/CarND-Behavioral-Cloning-P3/data_hard/IMG/left_2017_04_28_18_28_49_793.jpg,/home/esteve/self-driving-ND/CarND-Behavioral-Cloning-P3/data_hard/IMG/right_2017_04_28_18_28_49_793.jpg,-0.5413534,0,0,23.48328
/home/esteve/self-driving-ND/CarND-Behavioral-Cloning-P3/data_hard/IMG/center_2017_04_28_18_28_49_869.jpg,/home/esteve/self-driving-ND/CarND-Behavioral-Cloning-P3/data_hard/IMG/left_2017_04_28_18_28_49_869.jpg,/home/esteve/self-driving-ND/CarND-Behavioral-Cloning-P3/data_hard/IMG/right_2017_04_28_18_28_49_869.jpg,-0.5488722,0,0,23.43495
/home/esteve/self-driving-ND/CarND-Behavioral-Cloning-P3/data_hard/IMG/center_2017_04_28_18_28_49_957.jpg,/home/esteve/self-driving-ND/CarND-Behavioral-Cloning-P3/data_hard/IMG/left_2017_04_28_18_28_49_957.jpg,/home/esteve/self-driving-ND/CarND-Behavioral-Cloning-P3/data_hard/IMG/right_2017_04_28_18_28_49_957.jpg,-0.6240602,0,0,23.45798
/home/esteve/self-driving-ND/CarND-Behavioral-Cloning-P3/data_hard/IMG/center_2017_04_28_18_28_50_039.jpg,/home/esteve/self-driving-ND/CarND-Behavioral-Cloning-P3/data_hard/IMG/left_2017_04_28_18_28_50_039.jpg,/home/esteve/self-driving-ND/CarND-Behavioral-Cloning-P3/data_hard/IMG/right_2017_04_28_18_28_50_039.jpg,-0.6541353,0,0,23.13672
/home/esteve/self-driving-ND/CarND-Behavioral-Cloning-P3/data_hard/IMG/center_2017_04_28_18_28_50_125.jpg,/home/esteve/self-driving-ND/CarND-Behavioral-Cloning-P3/data_hard/IMG/left_2017_04_28_18_28_50_125.jpg,/home/esteve/self-driving-ND/CarND-Behavioral-Cloning-P3/data_hard/IMG/right_2017_04_28_18_28_50_125.jpg,-0.481203,0,0,22.73506
/home/esteve/self-driving-ND/CarND-Behavioral-Cloning-P3/data_hard/IMG/center_2017_04_28_18_28_50_214.jpg,/home/esteve/self-driving-ND/CarND-Behavioral-Cloning-P3/data_hard/IMG/left_2017_04_28_18_28_50_214.jpg,/home/esteve/self-driving-ND/CarND-Behavioral-Cloning-P3/data_hard/IMG/right_2017_04_28_18_28_50_214.jpg,-0.3909774,0,0,22.67459
/home/esteve/self-driving-ND/CarND-Behavioral-Cloning-P3/data_hard/IMG/center_2017_04_28_18_28_50_297.jpg,/home/esteve/self-driving-ND/CarND-Behavioral-Cloning-P3/data_hard/IMG/left_2017_04_28_18_28_50_297.jpg,/home/esteve/self-driving-ND/CarND-Behavioral-Cloning-P3/data_hard/IMG/right_2017_04_28_18_28_50_297.jpg,-0.3458647,0,0,22.50216
/home/esteve/self-driving-ND/CarND-Behavioral-Cloning-P3/data_hard/IMG/center_2017_04_28_18_28_50_384.jpg,/home/esteve/self-driving-ND/CarND-Behavioral-Cloning-P3/data_hard/IMG/left_2017_04_28_18_28_50_384.jpg,/home/esteve/self-driving-ND/CarND-Behavioral-Cloning-P3/data_hard/IMG/right_2017_04_28_18_28_50_384.jpg,-0.2781955,0,0,22.51214
/home/esteve/self-driving-ND/CarND-Behavioral-Cloning-P3/data_hard/IMG/center_2017_04_28_18_28_50_458.jpg,/home/esteve/self-driving-ND/CarND-Behavioral-Cloning-P3/data_hard/IMG/left_2017_04_28_18_28_50_458.jpg,/home/esteve/self-driving-ND/CarND-Behavioral-Cloning-P3/data_hard/IMG/right_2017_04_28_18_28_50_458.jpg,-0.1654135,0,0,22.19638
/home/esteve/self-driving-ND/CarND-Behavioral-Cloning-P3/data_hard/IMG/center_2017_04_28_18_28_50_542.jpg,/home/esteve/self-driving-ND/CarND-Behavioral-Cloning-P3/data_hard/IMG/left_2017_04_28_18_28_50_542.jpg,/home/esteve/self-driving-ND/CarND-Behavioral-Cloning-P3/data_hard/IMG/right_2017_04_28_18_28_50_542.jpg,-0.1503759,0,0,22.14416
/home/esteve/self-driving-ND/CarND-Behavioral-Cloning-P3/data_hard/IMG/center_2017_04_28_18_28_50_633.jpg,/home/esteve/self-driving-ND/CarND-Behavioral-Cloning-P3/data_hard/IMG/left_2017_04_28_18_28_50_633.jpg,/home/esteve/self-driving-ND/CarND-Behavioral-Cloning-P3/data_hard/IMG/right_2017_04_28_18_28_50_633.jpg,-0.1203007,0,0,21.97194
/home/esteve/self-driving-ND/CarND-Behavioral-Cloning-P3/data_hard/IMG/center_2017_04_28_18_28_50_702.jpg,/home/esteve/self-driving-ND/CarND-Behavioral-Cloning-P3/data_hard/IMG/left_2017_04_28_18_28_50_702.jpg,/home/esteve/self-driving-ND/CarND-Behavioral-Cloning-P3/data_hard/IMG/right_2017_04_28_18_28_50_702.jpg,-0.05263158,0,0,21.79963
/home/esteve/self-driving-ND/CarND-Behavioral-Cloning-P3/data_hard/IMG/center_2017_04_28_18_28_50_788.jpg,/home/esteve/self-driving-ND/CarND-Behavioral-Cloning-P3/data_hard/IMG/left_2017_04_28_18_28_50_788.jpg,/home/esteve/self-driving-ND/CarND-Behavioral-Cloning-P3/data_hard/IMG/right_2017_04_28_18_28_50_788.jpg,0.05263158,0,0,21.62076
/home/esteve/self-driving-ND/CarND-Behavioral-Cloning-P3/data_hard/IMG/center_2017_04_28_18_28_50_876.jpg,/home/esteve/self-driving-ND/CarND-Behavioral-Cloning-P3/data_hard/IMG/left_2017_04_28_18_28_50_876.jpg,/home/esteve/self-driving-ND/CarND-Behavioral-Cloning-P3/data_hard/IMG/right_2017_04_28_18_28_50_876.jpg,0.05263158,0,0,21.44476
/home/esteve/self-driving-ND/CarND-Behavioral-Cloning-P3/data_hard/IMG/center_2017_04_28_18_28_50_960.jpg,/home/esteve/self-driving-ND/CarND-Behavioral-Cloning-P3/data_hard/IMG/left_2017_04_28_18_28_50_960.jpg,/home/esteve/self-driving-ND/CarND-Behavioral-Cloning-P3/data_hard/IMG/right_2017_04_28_18_28_50_960.jpg,0.01503759,0,0,21.2785
/home/esteve/self-driving-ND/CarND-Behavioral-Cloning-P3/data_hard/IMG/center_2017_04_28_18_28_51_040.jpg,/home/esteve/self-driving-ND/CarND-Behavioral-Cloning-P3/data_hard/IMG/left_2017_04_28_18_28_51_040.jpg,/home/esteve/self-driving-ND/CarND-Behavioral-Cloning-P3/data_hard/IMG/right_2017_04_28_18_28_51_040.jpg,-0.03007519,0,0,21.12822
/home/esteve/self-driving-ND/CarND-Behavioral-Cloning-P3/data_hard/IMG/center_2017_04_28_18_28_51_109.jpg,/home/esteve/self-driving-ND/CarND-Behavioral-Cloning-P3/data_hard/IMG/left_2017_04_28_18_28_51_109.jpg,/home/esteve/self-driving-ND/CarND-Behavioral-Cloning-P3/data_hard/IMG/right_2017_04_28_18_28_51_109.jpg,-0.03007519,0,0,20.98555
/home/esteve/self-driving-ND/CarND-Behavioral-Cloning-P3/data_hard/IMG/center_2017_04_28_18_28_51_196.jpg,/home/esteve/self-driving-ND/CarND-Behavioral-Cloning-P3/data_hard/IMG/left_2017_04_28_18_28_51_196.jpg,/home/esteve/self-driving-ND/CarND-Behavioral-Cloning-P3/data_hard/IMG/right_2017_04_28_18_28_51_196.jpg,-0.03007519,0,0,20.82188
/home/esteve/self-driving-ND/CarND-Behavioral-Cloning-P3/data_hard/IMG/center_2017_04_28_18_28_51_279.jpg,/home/esteve/self-driving-ND/CarND-Behavioral-Cloning-P3/data_hard/IMG/left_2017_04_28_18_28_51_279.jpg,/home/esteve/self-driving-ND/CarND-Behavioral-Cloning-P3/data_hard/IMG/right_2017_04_28_18_28_51_279.jpg,-0.06766918,0,0,20.65759
/home/esteve/self-driving-ND/CarND-Behavioral-Cloning-P3/data_hard/IMG/center_2017_04_28_18_28_51_360.jpg,/home/esteve/self-driving-ND/CarND-Behavioral-Cloning-P3/data_hard/IMG/left_2017_04_28_18_28_51_360.jpg,/home/esteve/self-driving-ND/CarND-Behavioral-Cloning-P3/data_hard/IMG/right_2017_04_28_18_28_51_360.jpg,-0.1954887,0,0,20.47639
/home/esteve/self-driving-ND/CarND-Behavioral-Cloning-P3/data_hard/IMG/center_2017_04_28_18_28_51_445.jpg,/home/esteve/self-driving-ND/CarND-Behavioral-Cloning-P3/data_hard/IMG/left_2017_04_28_18_28_51_445.jpg,/home/esteve/self-driving-ND/CarND-Behavioral-Cloning-P3/data_hard/IMG/right_2017_04_28_18_28_51_445.jpg,-0.2857143,0,0,19.89935
/home/esteve/self-driving-ND/CarND-Behavioral-Cloning-P3/data_hard/IMG/center_2017_04_28_18_28_51_513.jpg,/home/esteve/self-driving-ND/CarND-Behavioral-Cloning-P3/data_hard/IMG/left_2017_04_28_18_28_51_513.jpg,/home/esteve/self-driving-ND/CarND-Behavioral-Cloning-P3/data_hard/IMG/right_2017_04_28_18_28_51_513.jpg,-0.2932331,0,0,20.10146
/home/esteve/self-driving-ND/CarND-Behavioral-Cloning-P3/data_hard/IMG/center_2017_04_28_18_28_51_601.jpg,/home/esteve/self-driving-ND/CarND-Behavioral-Cloning-P3/data_hard/IMG/left_2017_04_28_18_28_51_601.jpg,/home/esteve/self-driving-ND/CarND-Behavioral-Cloning-P3/data_hard/IMG/right_2017_04_28_18_28_51_601.jpg,-0.2932331,0,0,19.93641
/home/esteve/self-driving-ND/CarND-Behavioral-Cloning-P3/data_hard/IMG/center_2017_04_28_18_28_51_691.jpg,/home/esteve/self-driving-ND/CarND-Behavioral-Cloning-P3/data_hard/IMG/left_2017_04_28_18_28_51_691.jpg,/home/esteve/self-driving-ND/CarND-Behavioral-Cloning-P3/data_hard/IMG/right_2017_04_28_18_28_51_691.jpg,-0.3458647,0,0,19.34981
/home/esteve/self-driving-ND/CarND-Behavioral-Cloning-P3/data_hard/IMG/center_2017_04_28_18_28_51_784.jpg,/home/esteve/self-driving-ND/CarND-Behavioral-Cloning-P3/data_hard/IMG/left_2017_04_28_18_28_51_784.jpg,/home/esteve/self-driving-ND/CarND-Behavioral-Cloning-P3/data_hard/IMG/right_2017_04_28_18_28_51_784.jpg,-0.4661654,0,0,19.50136
/home/esteve/self-driving-ND/CarND-Behavioral-Cloning-P3/data_hard/IMG/center_2017_04_28_18_28_51_871.jpg,/home/esteve/self-driving-ND/CarND-Behavioral-Cloning-P3/data_hard/IMG/left_2017_04_28_18_28_51_871.jpg,/home/esteve/self-driving-ND/CarND-Behavioral-Cloning-P3/data_hard/IMG/right_2017_04_28_18_28_51_871.jpg,-0.5263158,0,0,19.30288
/home/esteve/self-driving-ND/CarND-Behavioral-Cloning-P3/data_hard/IMG/center_2017_04_28_18_28_51_939.jpg,/home/esteve/self-driving-ND/CarND-Behavioral-Cloning-P3/data_hard/IMG/left_2017_04_28_18_28_51_939.jpg,/home/esteve/self-driving-ND/CarND-Behavioral-Cloning-P3/data_hard/IMG/right_2017_04_28_18_28_51_939.jpg,-0.5338346,0,0,18.72758
/home/esteve/self-driving-ND/CarND-Behavioral-Cloning-P3/data_hard/IMG/center_2017_04_28_18_28_52_024.jpg,/home/esteve/self-driving-ND/CarND-Behavioral-Cloning-P3/data_hard/IMG/left_2017_04_28_18_28_52_024.jpg,/home/esteve/self-driving-ND/CarND-Behavioral-Cloning-P3/data_hard/IMG/right_2017_04_28_18_28_52_024.jpg,-0.5789474,0,0,18.94595
/home/esteve/self-driving-ND/CarND-Behavioral-Cloning-P3/data_hard/IMG/center_2017_04_28_18_28_52_106.jpg,/home/esteve/self-driving-ND/CarND-Behavioral-Cloning-P3/data_hard/IMG/left_2017_04_28_18_28_52_106.jpg,/home/esteve/self-driving-ND/CarND-Behavioral-Cloning-P3/data_hard/IMG/right_2017_04_28_18_28_52_106.jpg,-0.6165413,0,0,18.76012
/home/esteve/self-driving-ND/CarND-Behavioral-Cloning-P3/data_hard/IMG/center_2017_04_28_18_28_52_193.jpg,/home/esteve/self-driving-ND/CarND-Behavioral-Cloning-P3/data_hard/IMG/left_2017_04_28_18_28_52_193.jpg,/home/esteve/self-driving-ND/CarND-Behavioral-Cloning-P3/data_hard/IMG/right_2017_04_28_18_28_52_193.jpg,-0.6165413,0,0,18.59044
/home/esteve/self-driving-ND/CarND-Behavioral-Cloning-P3/data_hard/IMG/center_2017_04_28_18_28_52_281.jpg,/home/esteve/self-driving-ND/CarND-Behavioral-Cloning-P3/data_hard/IMG/left_2017_04_28_18_28_52_281.jpg,/home/esteve/self-driving-ND/CarND-Behavioral-Cloning-P3/data_hard/IMG/right_2017_04_28_18_28_52_281.jpg,-0.6165413,0,0,18.43091
/home/esteve/self-driving-ND/CarND-Behavioral-Cloning-P3/data_hard/IMG/center_2017_04_28_18_28_52_364.jpg,/home/esteve/self-driving-ND/CarND-Behavioral-Cloning-P3/data_hard/IMG/left_2017_04_28_18_28_52_364.jpg,/home/esteve/self-driving-ND/CarND-Behavioral-Cloning-P3/data_hard/IMG/right_2017_04_28_18_28_52_364.jpg,-0.6165413,0,0,17.75548
/home/esteve/self-driving-ND/CarND-Behavioral-Cloning-P3/data_hard/IMG/center_2017_04_28_18_28_52_450.jpg,/home/esteve/self-driving-ND/CarND-Behavioral-Cloning-P3/data_hard/IMG/left_2017_04_28_18_28_52_450.jpg,/home/esteve/self-driving-ND/CarND-Behavioral-Cloning-P3/data_hard/IMG/right_2017_04_28_18_28_52_450.jpg,-0.6165413,0,0,17.5968
/home/esteve/self-driving-ND/CarND-Behavioral-Cloning-P3/data_hard/IMG/center_2017_04_28_18_28_52_537.jpg,/home/esteve/self-driving-ND/CarND-Behavioral-Cloning-P3/data_hard/IMG/left_2017_04_28_18_28_52_537.jpg,/home/esteve/self-driving-ND/CarND-Behavioral-Cloning-P3/data_hard/IMG/right_2017_04_28_18_28_52_537.jpg,-0.6165413,0,0,17.44103
/home/esteve/self-driving-ND/CarND-Behavioral-Cloning-P3/data_hard/IMG/center_2017_04_28_18_28_52_609.jpg,/home/esteve/self-driving-ND/CarND-Behavioral-Cloning-P3/data_hard/IMG/left_2017_04_28_18_28_52_609.jpg,/home/esteve/self-driving-ND/CarND-Behavioral-Cloning-P3/data_hard/IMG/right_2017_04_28_18_28_52_609.jpg,-0.6165413,0,0,17.28741
/home/esteve/self-driving-ND/CarND-Behavioral-Cloning-P3/data_hard/IMG/center_2017_04_28_18_28_52_682.jpg,/home/esteve/self-driving-ND/CarND-Behavioral-Cloning-P3/data_hard/IMG/left_2017_04_28_18_28_52_682.jpg,/home/esteve/self-driving-ND/CarND-Behavioral-Cloning-P3/data_hard/IMG/right_2017_04_28_18_28_52_682.jpg,-0.6165413,0,0,17.6824
/home/esteve/self-driving-ND/CarND-Behavioral-Cloning-P3/data_hard/IMG/center_2017_04_28_18_28_52_752.jpg,/home/esteve/self-driving-ND/CarND-Behavioral-Cloning-P3/data_hard/IMG/left_2017_04_28_18_28_52_752.jpg,/home/esteve/self-driving-ND/CarND-Behavioral-Cloning-P3/data_hard/IMG/right_2017_04_28_18_28_52_752.jpg,-0.7368421,0,0,17.4925
/home/esteve/self-driving-ND/CarND-Behavioral-Cloning-P3/data_hard/IMG/center_2017_04_28_18_28_52_814.jpg,/home/esteve/self-driving-ND/CarND-Behavioral-Cloning-P3/data_hard/IMG/left_2017_04_28_18_28_52_814.jpg,/home/esteve/self-driving-ND/CarND-Behavioral-Cloning-P3/data_hard/IMG/right_2017_04_28_18_28_52_814.jpg,-0.744361,0,0,16.85319
/home/esteve/self-driving-ND/CarND-Behavioral-Cloning-P3/data_hard/IMG/center_2017_04_28_18_28_52_891.jpg,/home/esteve/self-driving-ND/CarND-Behavioral-Cloning-P3/data_hard/IMG/left_2017_04_28_18_28_52_891.jpg,/home/esteve/self-driving-ND/CarND-Behavioral-Cloning-P3/data_hard/IMG/right_2017_04_28_18_28_52_891.jpg,-0.744361,0,0,16.69283
/home/esteve/self-driving-ND/CarND-Behavioral-Cloning-P3/data_hard/IMG/center_2017_04_28_18_28_52_962.jpg,/home/esteve/self-driving-ND/CarND-Behavioral-Cloning-P3/data_hard/IMG/left_2017_04_28_18_28_52_962.jpg,/home/esteve/self-driving-ND/CarND-Behavioral-Cloning-P3/data_hard/IMG/right_2017_04_28_18_28_52_962.jpg,-0.744361,0,0,17.08604
/home/esteve/self-driving-ND/CarND-Behavioral-Cloning-P3/data_hard/IMG/center_2017_04_28_18_28_53_033.jpg,/home/esteve/self-driving-ND/CarND-Behavioral-Cloning-P3/data_hard/IMG/left_2017_04_28_18_28_53_033.jpg,/home/esteve/self-driving-ND/CarND-Behavioral-Cloning-P3/data_hard/IMG/right_2017_04_28_18_28_53_033.jpg,-0.744361,0,0,16.93514
/home/esteve/self-driving-ND/CarND-Behavioral-Cloning-P3/data_hard/IMG/center_2017_04_28_18_28_53_119.jpg,/home/esteve/self-driving-ND/CarND-Behavioral-Cloning-P3/data_hard/IMG/left_2017_04_28_18_28_53_119.jpg,/home/esteve/self-driving-ND/CarND-Behavioral-Cloning-P3/data_hard/IMG/right_2017_04_28_18_28_53_119.jpg,-0.7067669,0,0,16.79822
/home/esteve/self-driving-ND/CarND-Behavioral-Cloning-P3/data_hard/IMG/center_2017_04_28_18_28_53_199.jpg,/home/esteve/self-driving-ND/CarND-Behavioral-Cloning-P3/data_hard/IMG/left_2017_04_28_18_28_53_199.jpg,/home/esteve/self-driving-ND/CarND-Behavioral-Cloning-P3/data_hard/IMG/right_2017_04_28_18_28_53_199.jpg,-0.6917293,0.2427542,0,16.73142
/home/esteve/self-driving-ND/CarND-Behavioral-Cloning-P3/data_hard/IMG/center_2017_04_28_18_28_53_280.jpg,/home/esteve/self-driving-ND/CarND-Behavioral-Cloning-P3/data_hard/IMG/left_2017_04_28_18_28_53_280.jpg,/home/esteve/self-driving-ND/CarND-Behavioral-Cloning-P3/data_hard/IMG/right_2017_04_28_18_28_53_280.jpg,-0.6090226,0.4957108,0,16.95436
/home/esteve/self-driving-ND/CarND-Behavioral-Cloning-P3/data_hard/IMG/center_2017_04_28_18_28_53_354.jpg,/home/esteve/self-driving-ND/CarND-Behavioral-Cloning-P3/data_hard/IMG/left_2017_04_28_18_28_53_354.jpg,/home/esteve/self-driving-ND/CarND-Behavioral-Cloning-P3/data_hard/IMG/right_2017_04_28_18_28_53_354.jpg,-0.5488722,0.7166219,0,17.35612
/home/esteve/self-driving-ND/CarND-Behavioral-Cloning-P3/data_hard/IMG/center_2017_04_28_18_28_53_439.jpg,/home/esteve/self-driving-ND/CarND-Behavioral-Cloning-P3/data_hard/IMG/left_2017_04_28_18_28_53_439.jpg,/home/esteve/self-driving-ND/CarND-Behavioral-Cloning-P3/data_hard/IMG/right_2017_04_28_18_28_53_439.jpg,-0.5488722,0.4614716,0,17.84444
/home/esteve/self-driving-ND/CarND-Behavioral-Cloning-P3/data_hard/IMG/center_2017_04_28_18_28_53_520.jpg,/home/esteve/self-driving-ND/CarND-Behavioral-Cloning-P3/data_hard/IMG/left_2017_04_28_18_28_53_520.jpg,/home/esteve/self-driving-ND/CarND-Behavioral-Cloning-P3/data_hard/IMG/right_2017_04_28_18_28_53_520.jpg,-0.5789474,0.2168183,0,18.06378
/home/esteve/self-driving-ND/CarND-Behavioral-Cloning-P3/data_hard/IMG/center_2017_04_28_18_28_53_608.jpg,/home/esteve/self-driving-ND/CarND-Behavioral-Cloning-P3/data_hard/IMG/left_2017_04_28_18_28_53_608.jpg,/home/esteve/self-driving-ND/CarND-Behavioral-Cloning-P3/data_hard/IMG/right_2017_04_28_18_28_53_608.jpg,-0.6390978,0,0,17.52754
/home/esteve/self-driving-ND/CarND-Behavioral-Cloning-P3/data_hard/IMG/center_2017_04_28_18_28_53_676.jpg,/home/esteve/self-driving-ND/CarND-Behavioral-Cloning-P3/data_hard/IMG/left_2017_04_28_18_28_53_676.jpg,/home/esteve/self-driving-ND/CarND-Behavioral-Cloning-P3/data_hard/IMG/right_2017_04_28_18_28_53_676.jpg,-0.6390978,0,0,17.87334
/home/esteve/self-driving-ND/CarND-Behavioral-Cloning-P3/data_hard/IMG/center_2017_04_28_18_28_53_768.jpg,/home/esteve/self-driving-ND/CarND-Behavioral-Cloning-P3/data_hard/IMG/left_2017_04_28_18_28_53_768.jpg,/home/esteve/self-driving-ND/CarND-Behavioral-Cloning-P3/data_hard/IMG/right_2017_04_28_18_28_53_768.jpg,-0.6390978,0,0,17.72358
/home/esteve/self-driving-ND/CarND-Behavioral-Cloning-P3/data_hard/IMG/center_2017_04_28_18_28_53_856.jpg,/home/esteve/self-driving-ND/CarND-Behavioral-Cloning-P3/data_hard/IMG/left_2017_04_28_18_28_53_856.jpg,/home/esteve/self-driving-ND/CarND-Behavioral-Cloning-P3/data_hard/IMG/right_2017_04_28_18_28_53_856.jpg,-0.6390978,0.2670085,0,17.18461
/home/esteve/self-driving-ND/CarND-Behavioral-Cloning-P3/data_hard/IMG/center_2017_04_28_18_28_53_936.jpg,/home/esteve/self-driving-ND/CarND-Behavioral-Cloning-P3/data_hard/IMG/left_2017_04_28_18_28_53_936.jpg,/home/esteve/self-driving-ND/CarND-Behavioral-Cloning-P3/data_hard/IMG/right_2017_04_28_18_28_53_936.jpg,-0.6390978,0.5233769,0,17.4726
/home/esteve/self-driving-ND/CarND-Behavioral-Cloning-P3/data_hard/IMG/center_2017_04_28_18_28_54_017.jpg,/home/esteve/self-driving-ND/CarND-Behavioral-Cloning-P3/data_hard/IMG/left_2017_04_28_18_28_54_017.jpg,/home/esteve/self-driving-ND/CarND-Behavioral-Cloning-P3/data_hard/IMG/right_2017_04_28_18_28_54_017.jpg,-0.6390978,0.6365726,0,18.00464
/home/esteve/self-driving-ND/CarND-Behavioral-Cloning-P3/data_hard/IMG/center_2017_04_28_18_28_54_090.jpg,/home/esteve/self-driving-ND/CarND-Behavioral-Cloning-P3/data_hard/IMG/left_2017_04_28_18_28_54_090.jpg,/home/esteve/self-driving-ND/CarND-Behavioral-Cloning-P3/data_hard/IMG/right_2017_04_28_18_28_54_090.jpg,-0.518797,0.4181335,0,18.35958
/home/esteve/self-driving-ND/CarND-Behavioral-Cloning-P3/data_hard/IMG/center_2017_04_28_18_28_54_175.jpg,/home/esteve/self-driving-ND/CarND-Behavioral-Cloning-P3/data_hard/IMG/left_2017_04_28_18_28_54_175.jpg,/home/esteve/self-driving-ND/CarND-Behavioral-Cloning-P3/data_hard/IMG/right_2017_04_28_18_28_54_175.jpg,-0.4436091,0.1640632,0,18.47773
/home/esteve/self-driving-ND/CarND-Behavioral-Cloning-P3/data_hard/IMG/center_2017_04_28_18_28_54_253.jpg,/home/esteve/self-driving-ND/CarND-Behavioral-Cloning-P3/data_hard/IMG/left_2017_04_28_18_28_54_253.jpg,/home/esteve/self-driving-ND/CarND-Behavioral-Cloning-P3/data_hard/IMG/right_2017_04_28_18_28_54_253.jpg,-0.4360902,0,0,18.35198
/home/esteve/self-driving-ND/CarND-Behavioral-Cloning-P3/data_hard/IMG/center_2017_04_28_18_28_54_337.jpg,/home/esteve/self-driving-ND/CarND-Behavioral-Cloning-P3/data_hard/IMG/left_2017_04_28_18_28_54_337.jpg,/home/esteve/self-driving-ND/CarND-Behavioral-Cloning-P3/data_hard/IMG/right_2017_04_28_18_28_54_337.jpg,-0.4436091,0,0,18.20155
/home/esteve/self-driving-ND/CarND-Behavioral-Cloning-P3/data_hard/IMG/center_2017_04_28_18_28_54_420.jpg,/home/esteve/self-driving-ND/CarND-Behavioral-Cloning-P3/data_hard/IMG/left_2017_04_28_18_28_54_420.jpg,/home/esteve/self-driving-ND/CarND-Behavioral-Cloning-P3/data_hard/IMG/right_2017_04_28_18_28_54_420.jpg,-0.5413534,0,0,18.02624
/home/esteve/self-driving-ND/CarND-Behavioral-Cloning-P3/data_hard/IMG/center_2017_04_28_18_28_54_502.jpg,/home/esteve/self-driving-ND/CarND-Behavioral-Cloning-P3/data_hard/IMG/left_2017_04_28_18_28_54_502.jpg,/home/esteve/self-driving-ND/CarND-Behavioral-Cloning-P3/data_hard/IMG/right_2017_04_28_18_28_54_502.jpg,-0.593985,0.1750624,0,17.86066
/home/esteve/self-driving-ND/CarND-Behavioral-Cloning-P3/data_hard/IMG/center_2017_04_28_18_28_54_588.jpg,/home/esteve/self-driving-ND/CarND-Behavioral-Cloning-P3/data_hard/IMG/left_2017_04_28_18_28_54_588.jpg,/home/esteve/self-driving-ND/CarND-Behavioral-Cloning-P3/data_hard/IMG/right_2017_04_28_18_28_54_588.jpg,-0.6165413,0.4337583,0,18.4051
/home/esteve/self-driving-ND/CarND-Behavioral-Cloning-P3/data_hard/IMG/center_2017_04_28_18_28_54_673.jpg,/home/esteve/self-driving-ND/CarND-Behavioral-Cloning-P3/data_hard/IMG/left_2017_04_28_18_28_54_673.jpg,/home/esteve/self-driving-ND/CarND-Behavioral-Cloning-P3/data_hard/IMG/right_2017_04_28_18_28_54_673.jpg,-0.6165413,0.6880352,0,18.74306
/home/esteve/self-driving-ND/CarND-Behavioral-Cloning-P3/data_hard/IMG/center_2017_04_28_18_28_54_755.jpg,/home/esteve/self-driving-ND/CarND-Behavioral-Cloning-P3/data_hard/IMG/left_2017_04_28_18_28_54_755.jpg,/home/esteve/self-driving-ND/CarND-Behavioral-Cloning-P3/data_hard/IMG/right_2017_04_28_18_28_54_755.jpg,-0.6165413,0.9343801,0,19.34045
/home/esteve/self-driving-ND/CarND-Behavioral-Cloning-P3/data_hard/IMG/center_2017_04_28_18_28_54_823.jpg,/home/esteve/self-driving-ND/CarND-Behavioral-Cloning-P3/data_hard/IMG/left_2017_04_28_18_28_54_823.jpg,/home/esteve/self-driving-ND/CarND-Behavioral-Cloning-P3/data_hard/IMG/right_2017_04_28_18_28_54_823.jpg,-0.5864662,0.9355154,0,20.10768
/home/esteve/self-driving-ND/CarND-Behavioral-Cloning-P3/data_hard/IMG/center_2017_04_28_18_28_54_905.jpg,/home/esteve/self-driving-ND/CarND-Behavioral-Cloning-P3/data_hard/IMG/left_2017_04_28_18_28_54_905.jpg,/home/esteve/self-driving-ND/CarND-Behavioral-Cloning-P3/data_hard/IMG/right_2017_04_28_18_28_54_905.jpg,-0.4661654,0.6895754,0,20.74337
/home/esteve/self-driving-ND/CarND-Behavioral-Cloning-P3/data_hard/IMG/center_2017_04_28_18_28_54_991.jpg,/home/esteve/self-driving-ND/CarND-Behavioral-Cloning-P3/data_hard/IMG/left_2017_04_28_18_28_54_991.jpg,/home/esteve/self-driving-ND/CarND-Behavioral-Cloning-P3/data_hard/IMG/right_2017_04_28_18_28_54_991.jpg,-0.3759399,0.4328022,0,21.15676
/home/esteve/self-driving-ND/CarND-Behavioral-Cloning-P3/data_hard/IMG/center_2017_04_28_18_28_55_073.jpg,/home/esteve/self-driving-ND/CarND-Behavioral-Cloning-P3/data_hard/IMG/left_2017_04_28_18_28_55_073.jpg,/home/esteve/self-driving-ND/CarND-Behavioral-Cloning-P3/data_hard/IMG/right_2017_04_28_18_28_55_073.jpg,-0.3233083,0.1867871,0,21.32136
/home/esteve/self-driving-ND/CarND-Behavioral-Cloning-P3/data_hard/IMG/center_2017_04_28_18_28_55_154.jpg,/home/esteve/self-driving-ND/CarND-Behavioral-Cloning-P3/data_hard/IMG/left_2017_04_28_18_28_55_154.jpg,/home/esteve/self-driving-ND/CarND-Behavioral-Cloning-P3/data_hard/IMG/right_2017_04_28_18_28_55_154.jpg,-0.3082707,0,0,21.24469
/home/esteve/self-driving-ND/CarND-Behavioral-Cloning-P3/data_hard/IMG/center_2017_04_28_18_28_55_234.jpg,/home/esteve/self-driving-ND/CarND-Behavioral-Cloning-P3/data_hard/IMG/left_2017_04_28_18_28_55_234.jpg,/home/esteve/self-driving-ND/CarND-Behavioral-Cloning-P3/data_hard/IMG/right_2017_04_28_18_28_55_234.jpg,-0.3007519,0,0,21.08526
/home/esteve/self-driving-ND/CarND-Behavioral-Cloning-P3/data_hard/IMG/center_2017_04_28_18_28_55_314.jpg,/home/esteve/self-driving-ND/CarND-Behavioral-Cloning-P3/data_hard/IMG/left_2017_04_28_18_28_55_314.jpg,/home/esteve/self-driving-ND/CarND-Behavioral-Cloning-P3/data_hard/IMG/right_2017_04_28_18_28_55_314.jpg,-0.3007519,0,0,20.88202
/home/esteve/self-driving-ND/CarND-Behavioral-Cloning-P3/data_hard/IMG/center_2017_04_28_18_28_55_391.jpg,/home/esteve/self-driving-ND/CarND-Behavioral-Cloning-P3/data_hard/IMG/left_2017_04_28_18_28_55_391.jpg,/home/esteve/self-driving-ND/CarND-Behavioral-Cloning-P3/data_hard/IMG/right_2017_04_28_18_28_55_391.jpg,-0.2556391,0,0,20.78442
/home/esteve/self-driving-ND/CarND-Behavioral-Cloning-P3/data_hard/IMG/center_2017_04_28_18_28_55_467.jpg,/home/esteve/self-driving-ND/CarND-Behavioral-Cloning-P3/data_hard/IMG/left_2017_04_28_18_28_55_467.jpg,/home/esteve/self-driving-ND/CarND-Behavioral-Cloning-P3/data_hard/IMG/right_2017_04_28_18_28_55_467.jpg,-0.2255639,0,0,20.73386
/home/esteve/self-driving-ND/CarND-Behavioral-Cloning-P3/data_hard/IMG/center_2017_04_28_18_28_55_553.jpg,/home/esteve/self-driving-ND/CarND-Behavioral-Cloning-P3/data_hard/IMG/left_2017_04_28_18_28_55_553.jpg,/home/esteve/self-driving-ND/CarND-Behavioral-Cloning-P3/data_hard/IMG/right_2017_04_28_18_28_55_553.jpg,-0.09774436,0,0,20.58858
/home/esteve/self-driving-ND/CarND-Behavioral-Cloning-P3/data_hard/IMG/center_2017_04_28_18_28_55_618.jpg,/home/esteve/self-driving-ND/CarND-Behavioral-Cloning-P3/data_hard/IMG/left_2017_04_28_18_28_55_618.jpg,/home/esteve/self-driving-ND/CarND-Behavioral-Cloning-P3/data_hard/IMG/right_2017_04_28_18_28_55_618.jpg,-0.03007519,0,0,20.54325
/home/esteve/self-driving-ND/CarND-Behavioral-Cloning-P3/data_hard/IMG/center_2017_04_28_18_28_55_703.jpg,/home/esteve/self-driving-ND/CarND-Behavioral-Cloning-P3/data_hard/IMG/left_2017_04_28_18_28_55_703.jpg,/home/esteve/self-driving-ND/CarND-Behavioral-Cloning-P3/data_hard/IMG/right_2017_04_28_18_28_55_703.jpg,0.06015037,0,0,20.74763
/home/esteve/self-driving-ND/CarND-Behavioral-Cloning-P3/data_hard/IMG/center_2017_04_28_18_28_55_783.jpg,/home/esteve/self-driving-ND/CarND-Behavioral-Cloning-P3/data_hard/IMG/left_2017_04_28_18_28_55_783.jpg,/home/esteve/self-driving-ND/CarND-Behavioral-Cloning-P3/data_hard/IMG/right_2017_04_28_18_28_55_783.jpg,0.1954887,0,0,20.88586
/home/esteve/self-driving-ND/CarND-Behavioral-Cloning-P3/data_hard/IMG/center_2017_04_28_18_28_55_862.jpg,/home/esteve/self-driving-ND/CarND-Behavioral-Cloning-P3/data_hard/IMG/left_2017_04_28_18_28_55_862.jpg,/home/esteve/self-driving-ND/CarND-Behavioral-Cloning-P3/data_hard/IMG/right_2017_04_28_18_28_55_862.jpg,0.3834586,0,0,20.99651
/home/esteve/self-driving-ND/CarND-Behavioral-Cloning-P3/data_hard/IMG/center_2017_04_28_18_28_55_941.jpg,/home/esteve/self-driving-ND/CarND-Behavioral-Cloning-P3/data_hard/IMG/left_2017_04_28_18_28_55_941.jpg,/home/esteve/self-driving-ND/CarND-Behavioral-Cloning-P3/data_hard/IMG/right_2017_04_28_18_28_55_941.jpg,0.6090226,0,0,21.01437
/home/esteve/self-driving-ND/CarND-Behavioral-Cloning-P3/data_hard/IMG/center_2017_04_28_18_28_56_021.jpg,/home/esteve/self-driving-ND/CarND-Behavioral-Cloning-P3/data_hard/IMG/left_2017_04_28_18_28_56_021.jpg,/home/esteve/self-driving-ND/CarND-Behavioral-Cloning-P3/data_hard/IMG/right_2017_04_28_18_28_56_021.jpg,0.6390978,0,0,21.13017
/home/esteve/self-driving-ND/CarND-Behavioral-Cloning-P3/data_hard/IMG/center_2017_04_28_18_28_56_103.jpg,/home/esteve/self-driving-ND/CarND-Behavioral-Cloning-P3/data_hard/IMG/left_2017_04_28_18_28_56_103.jpg,/home/esteve/self-driving-ND/CarND-Behavioral-Cloning-P3/data_hard/IMG/right_2017_04_28_18_28_56_103.jpg,0.6541353,0,0,21.00977
/home/esteve/self-driving-ND/CarND-Behavioral-Cloning-P3/data_hard/IMG/center_2017_04_28_18_28_56_184.jpg,/home/esteve/self-driving-ND/CarND-Behavioral-Cloning-P3/data_hard/IMG/left_2017_04_28_18_28_56_184.jpg,/home/esteve/self-driving-ND/CarND-Behavioral-Cloning-P3/data_hard/IMG/right_2017_04_28_18_28_56_184.jpg,0.6466165,0,0,21.36642
/home/esteve/self-driving-ND/CarND-Behavioral-Cloning-P3/data_hard/IMG/center_2017_04_28_18_28_56_266.jpg,/home/esteve/self-driving-ND/CarND-Behavioral-Cloning-P3/data_hard/IMG/left_2017_04_28_18_28_56_266.jpg,/home/esteve/self-driving-ND/CarND-Behavioral-Cloning-P3/data_hard/IMG/right_2017_04_28_18_28_56_266.jpg,0.6090226,0,0,21.67502
/home/esteve/self-driving-ND/CarND-Behavioral-Cloning-P3/data_hard/IMG/center_2017_04_28_18_28_56_334.jpg,/home/esteve/self-driving-ND/CarND-Behavioral-Cloning-P3/data_hard/IMG/left_2017_04_28_18_28_56_334.jpg,/home/esteve/self-driving-ND/CarND-Behavioral-Cloning-P3/data_hard/IMG/right_2017_04_28_18_28_56_334.jpg,0.4887218,0,0,21.76206
/home/esteve/self-driving-ND/CarND-Behavioral-Cloning-P3/data_hard/IMG/center_2017_04_28_18_28_56_415.jpg,/home/esteve/self-driving-ND/CarND-Behavioral-Cloning-P3/data_hard/IMG/left_2017_04_28_18_28_56_415.jpg,/home/esteve/self-driving-ND/CarND-Behavioral-Cloning-P3/data_hard/IMG/right_2017_04_28_18_28_56_415.jpg,0.4360902,0,0,22.15182
/home/esteve/self-driving-ND/CarND-Behavioral-Cloning-P3/data_hard/IMG/center_2017_04_28_18_28_56_500.jpg,/home/esteve/self-driving-ND/CarND-Behavioral-Cloning-P3/data_hard/IMG/left_2017_04_28_18_28_56_500.jpg,/home/esteve/self-driving-ND/CarND-Behavioral-Cloning-P3/data_hard/IMG/right_2017_04_28_18_28_56_500.jpg,0.368421,0,0,22.34792
/home/esteve/self-driving-ND/CarND-Behavioral-Cloning-P3/data_hard/IMG/center_2017_04_28_18_28_56_583.jpg,/home/esteve/self-driving-ND/CarND-Behavioral-Cloning-P3/data_hard/IMG/left_2017_04_28_18_28_56_583.jpg,/home/esteve/self-driving-ND/CarND-Behavioral-Cloning-P3/data_hard/IMG/right_2017_04_28_18_28_56_583.jpg,0.2481203,0,0,22.82816
/home/esteve/self-driving-ND/CarND-Behavioral-Cloning-P3/data_hard/IMG/center_2017_04_28_18_28_56_668.jpg,/home/esteve/self-driving-ND/CarND-Behavioral-Cloning-P3/data_hard/IMG/left_2017_04_28_18_28_56_668.jpg,/home/esteve/self-driving-ND/CarND-Behavioral-Cloning-P3/data_hard/IMG/right_2017_04_28_18_28_56_668.jpg,0.1654135,0,0,23.11917
/home/esteve/self-driving-ND/CarND-Behavioral-Cloning-P3/data_hard/IMG/center_2017_04_28_18_28_56_750.jpg,/home/esteve/self-driving-ND/CarND-Behavioral-Cloning-P3/data_hard/IMG/left_2017_04_28_18_28_56_750.jpg,/home/esteve/self-driving-ND/CarND-Behavioral-Cloning-P3/data_hard/IMG/right_2017_04_28_18_28_56_750.jpg,-0.06766918,0,0,23.3988
/home/esteve/self-driving-ND/CarND-Behavioral-Cloning-P3/data_hard/IMG/center_2017_04_28_18_28_56_833.jpg,/home/esteve/self-driving-ND/CarND-Behavioral-Cloning-P3/data_hard/IMG/left_2017_04_28_18_28_56_833.jpg,/home/esteve/self-driving-ND/CarND-Behavioral-Cloning-P3/data_hard/IMG/right_2017_04_28_18_28_56_833.jpg,-0.406015,0,0,23.40696
/home/esteve/self-driving-ND/CarND-Behavioral-Cloning-P3/data_hard/IMG/center_2017_04_28_18_28_56_918.jpg,/home/esteve/self-driving-ND/CarND-Behavioral-Cloning-P3/data_hard/IMG/left_2017_04_28_18_28_56_918.jpg,/home/esteve/self-driving-ND/CarND-Behavioral-Cloning-P3/data_hard/IMG/right_2017_04_28_18_28_56_918.jpg,-0.4511278,0,0,23.45505
/home/esteve/self-driving-ND/CarND-Behavioral-Cloning-P3/data_hard/IMG/center_2017_04_28_18_28_57_000.jpg,/home/esteve/self-driving-ND/CarND-Behavioral-Cloning-P3/data_hard/IMG/left_2017_04_28_18_28_57_000.jpg,/home/esteve/self-driving-ND/CarND-Behavioral-Cloning-P3/data_hard/IMG/right_2017_04_28_18_28_57_000.jpg,-0.4586466,0,0,23.64321
/home/esteve/self-driving-ND/CarND-Behavioral-Cloning-P3/data_hard/IMG/center_2017_04_28_18_28_57_085.jpg,/home/esteve/self-driving-ND/CarND-Behavioral-Cloning-P3/data_hard/IMG/left_2017_04_28_18_28_57_085.jpg,/home/esteve/self-driving-ND/CarND-Behavioral-Cloning-P3/data_hard/IMG/right_2017_04_28_18_28_57_085.jpg,-0.4210526,0,0,23.73545
/home/esteve/self-driving-ND/CarND-Behavioral-Cloning-P3/data_hard/IMG/center_2017_04_28_18_28_57_167.jpg,/home/esteve/self-driving-ND/CarND-Behavioral-Cloning-P3/data_hard/IMG/left_2017_04_28_18_28_57_167.jpg,/home/esteve/self-driving-ND/CarND-Behavioral-Cloning-P3/data_hard/IMG/right_2017_04_28_18_28_57_167.jpg,-0.3082707,0,0,23.94795
/home/esteve/self-driving-ND/CarND-Behavioral-Cloning-P3/data_hard/IMG/center_2017_04_28_18_28_57_247.jpg,/home/esteve/self-driving-ND/CarND-Behavioral-Cloning-P3/data_hard/IMG/left_2017_04_28_18_28_57_247.jpg,/home/esteve/self-driving-ND/CarND-Behavioral-Cloning-P3/data_hard/IMG/right_2017_04_28_18_28_57_247.jpg,-0.2255639,0,0,24.08111
/home/esteve/self-driving-ND/CarND-Behavioral-Cloning-P3/data_hard/IMG/center_2017_04_28_18_28_57_327.jpg,/home/esteve/self-driving-ND/CarND-Behavioral-Cloning-P3/data_hard/IMG/left_2017_04_28_18_28_57_327.jpg,/home/esteve/self-driving-ND/CarND-Behavioral-Cloning-P3/data_hard/IMG/right_2017_04_28_18_28_57_327.jpg,-0.2180451,0,0,24.18127
/home/esteve/self-driving-ND/CarND-Behavioral-Cloning-P3/data_hard/IMG/center_2017_04_28_18_28_57_407.jpg,/home/esteve/self-driving-ND/CarND-Behavioral-Cloning-P3/data_hard/IMG/left_2017_04_28_18_28_57_407.jpg,/home/esteve/self-driving-ND/CarND-Behavioral-Cloning-P3/data_hard/IMG/right_2017_04_28_18_28_57_407.jpg,-0.2180451,0,0,23.77009
/home/esteve/self-driving-ND/CarND-Behavioral-Cloning-P3/data_hard/IMG/center_2017_04_28_18_28_57_485.jpg,/home/esteve/self-driving-ND/CarND-Behavioral-Cloning-P3/data_hard/IMG/left_2017_04_28_18_28_57_485.jpg,/home/esteve/self-driving-ND/CarND-Behavioral-Cloning-P3/data_hard/IMG/right_2017_04_28_18_28_57_485.jpg,-0.1654135,0,0,23.92155
/home/esteve/self-driving-ND/CarND-Behavioral-Cloning-P3/data_hard/IMG/center_2017_04_28_18_28_57_554.jpg,/home/esteve/self-driving-ND/CarND-Behavioral-Cloning-P3/data_hard/IMG/left_2017_04_28_18_28_57_554.jpg,/home/esteve/self-driving-ND/CarND-Behavioral-Cloning-P3/data_hard/IMG/right_2017_04_28_18_28_57_554.jpg,-0.1353384,0,0,24.18264
/home/esteve/self-driving-ND/CarND-Behavioral-Cloning-P3/data_hard/IMG/center_2017_04_28_18_28_57_630.jpg,/home/esteve/self-driving-ND/CarND-Behavioral-Cloning-P3/data_hard/IMG/left_2017_04_28_18_28_57_630.jpg,/home/esteve/self-driving-ND/CarND-Behavioral-Cloning-P3/data_hard/IMG/right_2017_04_28_18_28_57_630.jpg,-0.1203007,0,0,24.13721
/home/esteve/self-driving-ND/CarND-Behavioral-Cloning-P3/data_hard/IMG/center_2017_04_28_18_28_57_718.jpg,/home/esteve/self-driving-ND/CarND-Behavioral-Cloning-P3/data_hard/IMG/left_2017_04_28_18_28_57_718.jpg,/home/esteve/self-driving-ND/CarND-Behavioral-Cloning-P3/data_hard/IMG/right_2017_04_28_18_28_57_718.jpg,-0.112782,0,0,24.0687
/home/esteve/self-driving-ND/CarND-Behavioral-Cloning-P3/data_hard/IMG/center_2017_04_28_18_28_57_795.jpg,/home/esteve/self-driving-ND/CarND-Behavioral-Cloning-P3/data_hard/IMG/left_2017_04_28_18_28_57_795.jpg,/home/esteve/self-driving-ND/CarND-Behavioral-Cloning-P3/data_hard/IMG/right_2017_04_28_18_28_57_795.jpg,-0.112782,0,0,23.90075
/home/esteve/self-driving-ND/CarND-Behavioral-Cloning-P3/data_hard/IMG/center_2017_04_28_18_28_57_871.jpg,/home/esteve/self-driving-ND/CarND-Behavioral-Cloning-P3/data_hard/IMG/left_2017_04_28_18_28_57_871.jpg,/home/esteve/self-driving-ND/CarND-Behavioral-Cloning-P3/data_hard/IMG/right_2017_04_28_18_28_57_871.jpg,0.007518797,0,0,23.69059
/home/esteve/self-driving-ND/CarND-Behavioral-Cloning-P3/data_hard/IMG/center_2017_04_28_18_28_57_944.jpg,/home/esteve/self-driving-ND/CarND-Behavioral-Cloning-P3/data_hard/IMG/left_2017_04_28_18_28_57_944.jpg,/home/esteve/self-driving-ND/CarND-Behavioral-Cloning-P3/data_hard/IMG/right_2017_04_28_18_28_57_944.jpg,0.03759398,0,0,23.51059
/home/esteve/self-driving-ND/CarND-Behavioral-Cloning-P3/data_hard/IMG/center_2017_04_28_18_28_58_019.jpg,/home/esteve/self-driving-ND/CarND-Behavioral-Cloning-P3/data_hard/IMG/left_2017_04_28_18_28_58_019.jpg,/home/esteve/self-driving-ND/CarND-Behavioral-Cloning-P3/data_hard/IMG/right_2017_04_28_18_28_58_019.jpg,0.03759398,0,0,23.217
/home/esteve/self-driving-ND/CarND-Behavioral-Cloning-P3/data_hard/IMG/center_2017_04_28_18_28_58_098.jpg,/home/esteve/self-driving-ND/CarND-Behavioral-Cloning-P3/data_hard/IMG/left_2017_04_28_18_28_58_098.jpg,/home/esteve/self-driving-ND/CarND-Behavioral-Cloning-P3/data_hard/IMG/right_2017_04_28_18_28_58_098.jpg,0.03759398,0,0,23.09316
/home/esteve/self-driving-ND/CarND-Behavioral-Cloning-P3/data_hard/IMG/center_2017_04_28_18_28_58_169.jpg,/home/esteve/self-driving-ND/CarND-Behavioral-Cloning-P3/data_hard/IMG/left_2017_04_28_18_28_58_169.jpg,/home/esteve/self-driving-ND/CarND-Behavioral-Cloning-P3/data_hard/IMG/right_2017_04_28_18_28_58_169.jpg,0.08270676,0.05620193,0,22.91937
/home/esteve/self-driving-ND/CarND-Behavioral-Cloning-P3/data_hard/IMG/center_2017_04_28_18_28_58_244.jpg,/home/esteve/self-driving-ND/CarND-Behavioral-Cloning-P3/data_hard/IMG/left_2017_04_28_18_28_58_244.jpg,/home/esteve/self-driving-ND/CarND-Behavioral-Cloning-P3/data_hard/IMG/right_2017_04_28_18_28_58_244.jpg,0.5112782,0.279243,0,22.75775
/home/esteve/self-driving-ND/CarND-Behavioral-Cloning-P3/data_hard/IMG/center_2017_04_28_18_28_58_320.jpg,/home/esteve/self-driving-ND/CarND-Behavioral-Cloning-P3/data_hard/IMG/left_2017_04_28_18_28_58_320.jpg,/home/esteve/self-driving-ND/CarND-Behavioral-Cloning-P3/data_hard/IMG/right_2017_04_28_18_28_58_320.jpg,0.5263158,0.1588104,0,22.69007
/home/esteve/self-driving-ND/CarND-Behavioral-Cloning-P3/data_hard/IMG/center_2017_04_28_18_28_58_391.jpg,/home/esteve/self-driving-ND/CarND-Behavioral-Cloning-P3/data_hard/IMG/left_2017_04_28_18_28_58_391.jpg,/home/esteve/self-driving-ND/CarND-Behavioral-Cloning-P3/data_hard/IMG/right_2017_04_28_18_28_58_391.jpg,0.5263158,0,0,22.48029
/home/esteve/self-driving-ND/CarND-Behavioral-Cloning-P3/data_hard/IMG/center_2017_04_28_18_28_58_468.jpg,/home/esteve/self-driving-ND/CarND-Behavioral-Cloning-P3/data_hard/IMG/left_2017_04_28_18_28_58_468.jpg,/home/esteve/self-driving-ND/CarND-Behavioral-Cloning-P3/data_hard/IMG/right_2017_04_28_18_28_58_468.jpg,0.5263158,0,0,22.25859
/home/esteve/self-driving-ND/CarND-Behavioral-Cloning-P3/data_hard/IMG/center_2017_04_28_18_28_58_539.jpg,/home/esteve/self-driving-ND/CarND-Behavioral-Cloning-P3/data_hard/IMG/left_2017_04_28_18_28_58_539.jpg,/home/esteve/self-driving-ND/CarND-Behavioral-Cloning-P3/data_hard/IMG/right_2017_04_28_18_28_58_539.jpg,0.5263158,0,0,22.10533
/home/esteve/self-driving-ND/CarND-Behavioral-Cloning-P3/data_hard/IMG/center_2017_04_28_18_28_58_620.jpg,/home/esteve/self-driving-ND/CarND-Behavioral-Cloning-P3/data_hard/IMG/left_2017_04_28_18_28_58_620.jpg,/home/esteve/self-driving-ND/CarND-Behavioral-Cloning-P3/data_hard/IMG/right_2017_04_28_18_28_58_620.jpg,0.5263158,0,0,21.90948
/home/esteve/self-driving-ND/CarND-Behavioral-Cloning-P3/data_hard/IMG/center_2017_04_28_18_28_58_701.jpg,/home/esteve/self-driving-ND/CarND-Behavioral-Cloning-P3/data_hard/IMG/left_2017_04_28_18_28_58_701.jpg,/home/esteve/self-driving-ND/CarND-Behavioral-Cloning-P3/data_hard/IMG/right_2017_04_28_18_28_58_701.jpg,0.5263158,0,0,21.72008
/home/esteve/self-driving-ND/CarND-Behavioral-Cloning-P3/data_hard/IMG/center_2017_04_28_18_28_58_778.jpg,/home/esteve/self-driving-ND/CarND-Behavioral-Cloning-P3/data_hard/IMG/left_2017_04_28_18_28_58_778.jpg,/home/esteve/self-driving-ND/CarND-Behavioral-Cloning-P3/data_hard/IMG/right_2017_04_28_18_28_58_778.jpg,0.3308271,0,0,21.55124
/home/esteve/self-driving-ND/CarND-Behavioral-Cloning-P3/data_hard/IMG/center_2017_04_28_18_28_58_856.jpg,/home/esteve/self-driving-ND/CarND-Behavioral-Cloning-P3/data_hard/IMG/left_2017_04_28_18_28_58_856.jpg,/home/esteve/self-driving-ND/CarND-Behavioral-Cloning-P3/data_hard/IMG/right_2017_04_28_18_28_58_856.jpg,0.1203007,0,0,21.3906
/home/esteve/self-driving-ND/CarND-Behavioral-Cloning-P3/data_hard/IMG/center_2017_04_28_18_28_58_928.jpg,/home/esteve/self-driving-ND/CarND-Behavioral-Cloning-P3/data_hard/IMG/left_2017_04_28_18_28_58_928.jpg,/home/esteve/self-driving-ND/CarND-Behavioral-Cloning-P3/data_hard/IMG/right_2017_04_28_18_28_58_928.jpg,0.05263158,0,0,21.21579
/home/esteve/self-driving-ND/CarND-Behavioral-Cloning-P3/data_hard/IMG/center_2017_04_28_18_28_59_001.jpg,/home/esteve/self-driving-ND/CarND-Behavioral-Cloning-P3/data_hard/IMG/left_2017_04_28_18_28_59_001.jpg,/home/esteve/self-driving-ND/CarND-Behavioral-Cloning-P3/data_hard/IMG/right_2017_04_28_18_28_59_001.jpg,0.05263158,0,0,21.08186
/home/esteve/self-driving-ND/CarND-Behavioral-Cloning-P3/data_hard/IMG/center_2017_04_28_18_28_59_080.jpg,/home/esteve/self-driving-ND/CarND-Behavioral-Cloning-P3/data_hard/IMG/left_2017_04_28_18_28_59_080.jpg,/home/esteve/self-driving-ND/CarND-Behavioral-Cloning-P3/data_hard/IMG/right_2017_04_28_18_28_59_080.jpg,0.04511278,0,0,20.88268
/home/esteve/self-driving-ND/CarND-Behavioral-Cloning-P3/data_hard/IMG/center_2017_04_28_18_28_59_164.jpg,/home/esteve/self-driving-ND/CarND-Behavioral-Cloning-P3/data_hard/IMG/left_2017_04_28_18_28_59_164.jpg,/home/esteve/self-driving-ND/CarND-Behavioral-Cloning-P3/data_hard/IMG/right_2017_04_28_18_28_59_164.jpg,0.04511278,0,0,20.65812
/home/esteve/self-driving-ND/CarND-Behavioral-Cloning-P3/data_hard/IMG/center_2017_04_28_18_28_59_238.jpg,/home/esteve/self-driving-ND/CarND-Behavioral-Cloning-P3/data_hard/IMG/left_2017_04_28_18_28_59_238.jpg,/home/esteve/self-driving-ND/CarND-Behavioral-Cloning-P3/data_hard/IMG/right_2017_04_28_18_28_59_238.jpg,0.04511278,0,0,20.46724
/home/esteve/self-driving-ND/CarND-Behavioral-Cloning-P3/data_hard/IMG/center_2017_04_28_18_28_59_319.jpg,/home/esteve/self-driving-ND/CarND-Behavioral-Cloning-P3/data_hard/IMG/left_2017_04_28_18_28_59_319.jpg,/home/esteve/self-driving-ND/CarND-Behavioral-Cloning-P3/data_hard/IMG/right_2017_04_28_18_28_59_319.jpg,0.08270676,0,0,20.19385
/home/esteve/self-driving-ND/CarND-Behavioral-Cloning-P3/data_hard/IMG/center_2017_04_28_18_28_59_397.jpg,/home/esteve/self-driving-ND/CarND-Behavioral-Cloning-P3/data_hard/IMG/left_2017_04_28_18_28_59_397.jpg,/home/esteve/self-driving-ND/CarND-Behavioral-Cloning-P3/data_hard/IMG/right_2017_04_28_18_28_59_397.jpg,0.1879699,0,0,20.00922
/home/esteve/self-driving-ND/CarND-Behavioral-Cloning-P3/data_hard/IMG/center_2017_04_28_18_28_59_467.jpg,/home/esteve/self-driving-ND/CarND-Behavioral-Cloning-P3/data_hard/IMG/left_2017_04_28_18_28_59_467.jpg,/home/esteve/self-driving-ND/CarND-Behavioral-Cloning-P3/data_hard/IMG/right_2017_04_28_18_28_59_467.jpg,0.3082707,0.105792,0,19.79119
/home/esteve/self-driving-ND/CarND-Behavioral-Cloning-P3/data_hard/IMG/center_2017_04_28_18_28_59_545.jpg,/home/esteve/self-driving-ND/CarND-Behavioral-Cloning-P3/data_hard/IMG/left_2017_04_28_18_28_59_545.jpg,/home/esteve/self-driving-ND/CarND-Behavioral-Cloning-P3/data_hard/IMG/right_2017_04_28_18_28_59_545.jpg,0.3233083,0.2250245,0,19.74292
/home/esteve/self-driving-ND/CarND-Behavioral-Cloning-P3/data_hard/IMG/center_2017_04_28_18_28_59_617.jpg,/home/esteve/self-driving-ND/CarND-Behavioral-Cloning-P3/data_hard/IMG/left_2017_04_28_18_28_59_617.jpg,/home/esteve/self-driving-ND/CarND-Behavioral-Cloning-P3/data_hard/IMG/right_2017_04_28_18_28_59_617.jpg,0.3233083,0.008578062,0,20.09445
/home/esteve/self-driving-ND/CarND-Behavioral-Cloning-P3/data_hard/IMG/center_2017_04_28_18_28_59_692.jpg,/home/esteve/self-driving-ND/CarND-Behavioral-Cloning-P3/data_hard/IMG/left_2017_04_28_18_28_59_692.jpg,/home/esteve/self-driving-ND/CarND-Behavioral-Cloning-P3/data_hard/IMG/right_2017_04_28_18_28_59_692.jpg,0.3233083,0.05653811,0,19.88977
/home/esteve/self-driving-ND/CarND-Behavioral-Cloning-P3/data_hard/IMG/center_2017_04_28_18_28_59_769.jpg,/home/esteve/self-driving-ND/CarND-Behavioral-Cloning-P3/data_hard/IMG/left_2017_04_28_18_28_59_769.jpg,/home/esteve/self-driving-ND/CarND-Behavioral-Cloning-P3/data_hard/IMG/right_2017_04_28_18_28_59_769.jpg,0.4210526,0.2857111,0,19.88161
/home/esteve/self-driving-ND/CarND-Behavioral-Cloning-P3/data_hard/IMG/center_2017_04_28_18_28_59_846.jpg,/home/esteve/self-driving-ND/CarND-Behavioral-Cloning-P3/data_hard/IMG/left_2017_04_28_18_28_59_846.jpg,/home/esteve/self-driving-ND/CarND-Behavioral-Cloning-P3/data_hard/IMG/right_2017_04_28_18_28_59_846.jpg,0.4962406,0.518235,0,19.98217
/home/esteve/self-driving-ND/CarND-Behavioral-Cloning-P3/data_hard/IMG/center_2017_04_28_18_28_59_919.jpg,/home/esteve/self-driving-ND/CarND-Behavioral-Cloning-P3/data_hard/IMG/left_2017_04_28_18_28_59_919.jpg,/home/esteve/self-driving-ND/CarND-Behavioral-Cloning-P3/data_hard/IMG/right_2017_04_28_18_28_59_919.jpg,0.5037594,0.6183951,0,20.09991
/home/esteve/self-driving-ND/CarND-Behavioral-Cloning-P3/data_hard/IMG/center_2017_04_28_18_28_59_994.jpg,/home/esteve/self-driving-ND/CarND-Behavioral-Cloning-P3/data_hard/IMG/left_2017_04_28_18_28_59_994.jpg,/home/esteve/self-driving-ND/CarND-Behavioral-Cloning-P3/data_hard/IMG/right_2017_04_28_18_28_59_994.jpg,0.5037594,0.3938992,0,20.38409
/home/esteve/self-driving-ND/CarND-Behavioral-Cloning-P3/data_hard/IMG/center_2017_04_28_18_29_00_075.jpg,/home/esteve/self-driving-ND/CarND-Behavioral-Cloning-P3/data_hard/IMG/left_2017_04_28_18_29_00_075.jpg,/home/esteve/self-driving-ND/CarND-Behavioral-Cloning-P3/data_hard/IMG/right_2017_04_28_18_29_00_075.jpg,0.5037594,0.1502573,0,20.45573
/home/esteve/self-driving-ND/CarND-Behavioral-Cloning-P3/data_hard/IMG/center_2017_04_28_18_29_00_155.jpg,/home/esteve/self-driving-ND/CarND-Behavioral-Cloning-P3/data_hard/IMG/left_2017_04_28_18_29_00_155.jpg,/home/esteve/self-driving-ND/CarND-Behavioral-Cloning-P3/data_hard/IMG/right_2017_04_28_18_29_00_155.jpg,0.5488722,0.3885083,0,20.53093
/home/esteve/self-driving-ND/CarND-Behavioral-Cloning-P3/data_hard/IMG/center_2017_04_28_18_29_00_228.jpg,/home/esteve/self-driving-ND/CarND-Behavioral-Cloning-P3/data_hard/IMG/left_2017_04_28_18_29_00_228.jpg,/home/esteve/self-driving-ND/CarND-Behavioral-Cloning-P3/data_hard/IMG/right_2017_04_28_18_29_00_228.jpg,0.6240602,0.6080604,0,20.81331
/home/esteve/self-driving-ND/CarND-Behavioral-Cloning-P3/data_hard/IMG/center_2017_04_28_18_29_00_303.jpg,/home/esteve/self-driving-ND/CarND-Behavioral-Cloning-P3/data_hard/IMG/left_2017_04_28_18_29_00_303.jpg,/home/esteve/self-driving-ND/CarND-Behavioral-Cloning-P3/data_hard/IMG/right_2017_04_28_18_29_00_303.jpg,0.6240602,0.6074846,0,21.28318
/home/esteve/self-driving-ND/CarND-Behavioral-Cloning-P3/data_hard/IMG/center_2017_04_28_18_29_00_380.jpg,/home/esteve/self-driving-ND/CarND-Behavioral-Cloning-P3/data_hard/IMG/left_2017_04_28_18_29_00_380.jpg,/home/esteve/self-driving-ND/CarND-Behavioral-Cloning-P3/data_hard/IMG/right_2017_04_28_18_29_00_380.jpg,0.6240602,0.4259841,0,21.64775
/home/esteve/self-driving-ND/CarND-Behavioral-Cloning-P3/data_hard/IMG/center_2017_04_28_18_29_00_461.jpg,/home/esteve/self-driving-ND/CarND-Behavioral-Cloning-P3/data_hard/IMG/left_2017_04_28_18_29_00_461.jpg,/home/esteve/self-driving-ND/CarND-Behavioral-Cloning-P3/data_hard/IMG/right_2017_04_28_18_29_00_461.jpg,0.6165413,0.1333616,0,21.71713
/home/esteve/self-driving-ND/CarND-Behavioral-Cloning-P3/data_hard/IMG/center_2017_04_28_18_29_00_540.jpg,/home/esteve/self-driving-ND/CarND-Behavioral-Cloning-P3/data_hard/IMG/left_2017_04_28_18_29_00_540.jpg,/home/esteve/self-driving-ND/CarND-Behavioral-Cloning-P3/data_hard/IMG/right_2017_04_28_18_29_00_540.jpg,0.4360902,0.2666566,0,21.69907
/home/esteve/self-driving-ND/CarND-Behavioral-Cloning-P3/data_hard/IMG/center_2017_04_28_18_29_00_621.jpg,/home/esteve/self-driving-ND/CarND-Behavioral-Cloning-P3/data_hard/IMG/left_2017_04_28_18_29_00_621.jpg,/home/esteve/self-driving-ND/CarND-Behavioral-Cloning-P3/data_hard/IMG/right_2017_04_28_18_29_00_621.jpg,0.3308271,0.2456295,0,21.86689
/home/esteve/self-driving-ND/CarND-Behavioral-Cloning-P3/data_hard/IMG/center_2017_04_28_18_29_00_702.jpg,/home/esteve/self-driving-ND/CarND-Behavioral-Cloning-P3/data_hard/IMG/left_2017_04_28_18_29_00_702.jpg,/home/esteve/self-driving-ND/CarND-Behavioral-Cloning-P3/data_hard/IMG/right_2017_04_28_18_29_00_702.jpg,0.2857143,0.002968311,0,21.64635
/home/esteve/self-driving-ND/CarND-Behavioral-Cloning-P3/data_hard/IMG/center_2017_04_28_18_29_00_785.jpg,/home/esteve/self-driving-ND/CarND-Behavioral-Cloning-P3/data_hard/IMG/left_2017_04_28_18_29_00_785.jpg,/home/esteve/self-driving-ND/CarND-Behavioral-Cloning-P3/data_hard/IMG/right_2017_04_28_18_29_00_785.jpg,0.2255639,0,0,21.48481
/home/esteve/self-driving-ND/CarND-Behavioral-Cloning-P3/data_hard/IMG/center_2017_04_28_18_29_00_865.jpg,/home/esteve/self-driving-ND/CarND-Behavioral-Cloning-P3/data_hard/IMG/left_2017_04_28_18_29_00_865.jpg,/home/esteve/self-driving-ND/CarND-Behavioral-Cloning-P3/data_hard/IMG/right_2017_04_28_18_29_00_865.jpg,0.2030075,0.07005,0,21.32142
/home/esteve/self-driving-ND/CarND-Behavioral-Cloning-P3/data_hard/IMG/center_2017_04_28_18_29_00_945.jpg,/home/esteve/self-driving-ND/CarND-Behavioral-Cloning-P3/data_hard/IMG/left_2017_04_28_18_29_00_945.jpg,/home/esteve/self-driving-ND/CarND-Behavioral-Cloning-P3/data_hard/IMG/right_2017_04_28_18_29_00_945.jpg,0.2030075,0.1730897,0,21.34177
/home/esteve/self-driving-ND/CarND-Behavioral-Cloning-P3/data_hard/IMG/center_2017_04_28_18_29_01_024.jpg,/home/esteve/self-driving-ND/CarND-Behavioral-Cloning-P3/data_hard/IMG/left_2017_04_28_18_29_01_024.jpg,/home/esteve/self-driving-ND/CarND-Behavioral-Cloning-P3/data_hard/IMG/right_2017_04_28_18_29_01_024.jpg,0.3383459,0,0,21.17106
/home/esteve/self-driving-ND/CarND-Behavioral-Cloning-P3/data_hard/IMG/center_2017_04_28_18_29_01_104.jpg,/home/esteve/self-driving-ND/CarND-Behavioral-Cloning-P3/data_hard/IMG/left_2017_04_28_18_29_01_104.jpg,/home/esteve/self-driving-ND/CarND-Behavioral-Cloning-P3/data_hard/IMG/right_2017_04_28_18_29_01_104.jpg,0.4511278,0.06706452,0,20.97251
/home/esteve/self-driving-ND/CarND-Behavioral-Cloning-P3/data_hard/IMG/center_2017_04_28_18_29_01_184.jpg,/home/esteve/self-driving-ND/CarND-Behavioral-Cloning-P3/data_hard/IMG/left_2017_04_28_18_29_01_184.jpg,/home/esteve/self-driving-ND/CarND-Behavioral-Cloning-P3/data_hard/IMG/right_2017_04_28_18_29_01_184.jpg,0.4586466,0.3066895,0,20.9963
/home/esteve/self-driving-ND/CarND-Behavioral-Cloning-P3/data_hard/IMG/center_2017_04_28_18_29_01_262.jpg,/home/esteve/self-driving-ND/CarND-Behavioral-Cloning-P3/data_hard/IMG/left_2017_04_28_18_29_01_262.jpg,/home/esteve/self-driving-ND/CarND-Behavioral-Cloning-P3/data_hard/IMG/right_2017_04_28_18_29_01_262.jpg,0.4586466,0.07092547,0,20.93012
/home/esteve/self-driving-ND/CarND-Behavioral-Cloning-P3/data_hard/IMG/center_2017_04_28_18_29_01_338.jpg,/home/esteve/self-driving-ND/CarND-Behavioral-Cloning-P3/data_hard/IMG/left_2017_04_28_18_29_01_338.jpg,/home/esteve/self-driving-ND/CarND-Behavioral-Cloning-P3/data_hard/IMG/right_2017_04_28_18_29_01_338.jpg,0.4586466,0.06161284,0,21.05695
/home/esteve/self-driving-ND/CarND-Behavioral-Cloning-P3/data_hard/IMG/center_2017_04_28_18_29_01_420.jpg,/home/esteve/self-driving-ND/CarND-Behavioral-Cloning-P3/data_hard/IMG/left_2017_04_28_18_29_01_420.jpg,/home/esteve/self-driving-ND/CarND-Behavioral-Cloning-P3/data_hard/IMG/right_2017_04_28_18_29_01_420.jpg,0.4586466,0,0,20.88941
/home/esteve/self-driving-ND/CarND-Behavioral-Cloning-P3/data_hard/IMG/center_2017_04_28_18_29_01_500.jpg,/home/esteve/self-driving-ND/CarND-Behavioral-Cloning-P3/data_hard/IMG/left_2017_04_28_18_29_01_500.jpg,/home/esteve/self-driving-ND/CarND-Behavioral-Cloning-P3/data_hard/IMG/right_2017_04_28_18_29_01_500.jpg,0.4586466,0,0,20.71999
/home/esteve/self-driving-ND/CarND-Behavioral-Cloning-P3/data_hard/IMG/center_2017_04_28_18_29_01_586.jpg,/home/esteve/self-driving-ND/CarND-Behavioral-Cloning-P3/data_hard/IMG/left_2017_04_28_18_29_01_586.jpg,/home/esteve/self-driving-ND/CarND-Behavioral-Cloning-P3/data_hard/IMG/right_2017_04_28_18_29_01_586.jpg,0.4586466,0.1884363,0,20.37786
/home/esteve/self-driving-ND/CarND-Behavioral-Cloning-P3/data_hard/IMG/center_2017_04_28_18_29_01_670.jpg,/home/esteve/self-driving-ND/CarND-Behavioral-Cloning-P3/data_hard/IMG/left_2017_04_28_18_29_01_670.jpg,/home/esteve/self-driving-ND/CarND-Behavioral-Cloning-P3/data_hard/IMG/right_2017_04_28_18_29_01_670.jpg,0.3082707,0.2939701,0,20.52997
/home/esteve/self-driving-ND/CarND-Behavioral-Cloning-P3/data_hard/IMG/center_2017_04_28_18_29_01_751.jpg,/home/esteve/self-driving-ND/CarND-Behavioral-Cloning-P3/data_hard/IMG/left_2017_04_28_18_29_01_751.jpg,/home/esteve/self-driving-ND/CarND-Behavioral-Cloning-P3/data_hard/IMG/right_2017_04_28_18_29_01_751.jpg,0.2180451,0.04944348,0,20.52784
/home/esteve/self-driving-ND/CarND-Behavioral-Cloning-P3/data_hard/IMG/center_2017_04_28_18_29_01_830.jpg,/home/esteve/self-driving-ND/CarND-Behavioral-Cloning-P3/data_hard/IMG/left_2017_04_28_18_29_01_830.jpg,/home/esteve/self-driving-ND/CarND-Behavioral-Cloning-P3/data_hard/IMG/right_2017_04_28_18_29_01_830.jpg,0.2180451,0,0,20.35732
/home/esteve/self-driving-ND/CarND-Behavioral-Cloning-P3/data_hard/IMG/center_2017_04_28_18_29_01_912.jpg,/home/esteve/self-driving-ND/CarND-Behavioral-Cloning-P3/data_hard/IMG/left_2017_04_28_18_29_01_912.jpg,/home/esteve/self-driving-ND/CarND-Behavioral-Cloning-P3/data_hard/IMG/right_2017_04_28_18_29_01_912.jpg,0.481203,0,0,20.15479
/home/esteve/self-driving-ND/CarND-Behavioral-Cloning-P3/data_hard/IMG/center_2017_04_28_18_29_01_995.jpg,/home/esteve/self-driving-ND/CarND-Behavioral-Cloning-P3/data_hard/IMG/left_2017_04_28_18_29_01_995.jpg,/home/esteve/self-driving-ND/CarND-Behavioral-Cloning-P3/data_hard/IMG/right_2017_04_28_18_29_01_995.jpg,0.962406,0.2483397,0,19.82966
/home/esteve/self-driving-ND/CarND-Behavioral-Cloning-P3/data_hard/IMG/center_2017_04_28_18_29_02_076.jpg,/home/esteve/self-driving-ND/CarND-Behavioral-Cloning-P3/data_hard/IMG/left_2017_04_28_18_29_02_076.jpg,/home/esteve/self-driving-ND/CarND-Behavioral-Cloning-P3/data_hard/IMG/right_2017_04_28_18_29_02_076.jpg,0.962406,0.4920001,0,19.72948
/home/esteve/self-driving-ND/CarND-Behavioral-Cloning-P3/data_hard/IMG/center_2017_04_28_18_29_02_159.jpg,/home/esteve/self-driving-ND/CarND-Behavioral-Cloning-P3/data_hard/IMG/left_2017_04_28_18_29_02_159.jpg,/home/esteve/self-driving-ND/CarND-Behavioral-Cloning-P3/data_hard/IMG/right_2017_04_28_18_29_02_159.jpg,0.962406,0.5106361,0,19.92218
/home/esteve/self-driving-ND/CarND-Behavioral-Cloning-P3/data_hard/IMG/center_2017_04_28_18_29_02_245.jpg,/home/esteve/self-driving-ND/CarND-Behavioral-Cloning-P3/data_hard/IMG/left_2017_04_28_18_29_02_245.jpg,/home/esteve/self-driving-ND/CarND-Behavioral-Cloning-P3/data_hard/IMG/right_2017_04_28_18_29_02_245.jpg,0.962406,0.2517872,0,20.2352
/home/esteve/self-driving-ND/CarND-Behavioral-Cloning-P3/data_hard/IMG/center_2017_04_28_18_29_02_312.jpg,/home/esteve/self-driving-ND/CarND-Behavioral-Cloning-P3/data_hard/IMG/left_2017_04_28_18_29_02_312.jpg,/home/esteve/self-driving-ND/CarND-Behavioral-Cloning-P3/data_hard/IMG/right_2017_04_28_18_29_02_312.jpg,0.8947369,0.05119514,0,19.95166
/home/esteve/self-driving-ND/CarND-Behavioral-Cloning-P3/data_hard/IMG/center_2017_04_28_18_29_02_379.jpg,/home/esteve/self-driving-ND/CarND-Behavioral-Cloning-P3/data_hard/IMG/left_2017_04_28_18_29_02_379.jpg,/home/esteve/self-driving-ND/CarND-Behavioral-Cloning-P3/data_hard/IMG/right_2017_04_28_18_29_02_379.jpg,0.6466165,0,0,20.12131
/home/esteve/self-driving-ND/CarND-Behavioral-Cloning-P3/data_hard/IMG/center_2017_04_28_18_29_02_463.jpg,/home/esteve/self-driving-ND/CarND-Behavioral-Cloning-P3/data_hard/IMG/left_2017_04_28_18_29_02_463.jpg,/home/esteve/self-driving-ND/CarND-Behavioral-Cloning-P3/data_hard/IMG/right_2017_04_28_18_29_02_463.jpg,0.4285714,0,0,19.71581
/home/esteve/self-driving-ND/CarND-Behavioral-Cloning-P3/data_hard/IMG/center_2017_04_28_18_29_02_552.jpg,/home/esteve/self-driving-ND/CarND-Behavioral-Cloning-P3/data_hard/IMG/left_2017_04_28_18_29_02_552.jpg,/home/esteve/self-driving-ND/CarND-Behavioral-Cloning-P3/data_hard/IMG/right_2017_04_28_18_29_02_552.jpg,0.1729323,0,0,19.58302
/home/esteve/self-driving-ND/CarND-Behavioral-Cloning-P3/data_hard/IMG/center_2017_04_28_18_29_02_635.jpg,/home/esteve/self-driving-ND/CarND-Behavioral-Cloning-P3/data_hard/IMG/left_2017_04_28_18_29_02_635.jpg,/home/esteve/self-driving-ND/CarND-Behavioral-Cloning-P3/data_hard/IMG/right_2017_04_28_18_29_02_635.jpg,0.08270676,0,0,19.32538
/home/esteve/self-driving-ND/CarND-Behavioral-Cloning-P3/data_hard/IMG/center_2017_04_28_18_29_02_706.jpg,/home/esteve/self-driving-ND/CarND-Behavioral-Cloning-P3/data_hard/IMG/left_2017_04_28_18_29_02_706.jpg,/home/esteve/self-driving-ND/CarND-Behavioral-Cloning-P3/data_hard/IMG/right_2017_04_28_18_29_02_706.jpg,0,0,0,19.17354
/home/esteve/self-driving-ND/CarND-Behavioral-Cloning-P3/data_hard/IMG/center_2017_04_28_18_29_02_796.jpg,/home/esteve/self-driving-ND/CarND-Behavioral-Cloning-P3/data_hard/IMG/left_2017_04_28_18_29_02_796.jpg,/home/esteve/self-driving-ND/CarND-Behavioral-Cloning-P3/data_hard/IMG/right_2017_04_28_18_29_02_796.jpg,-0.09774436,0,0,19.01493
/home/esteve/self-driving-ND/CarND-Behavioral-Cloning-P3/data_hard/IMG/center_2017_04_28_18_29_02_871.jpg,/home/esteve/self-driving-ND/CarND-Behavioral-Cloning-P3/data_hard/IMG/left_2017_04_28_18_29_02_871.jpg,/home/esteve/self-driving-ND/CarND-Behavioral-Cloning-P3/data_hard/IMG/right_2017_04_28_18_29_02_871.jpg,-0.1203007,0,0,18.8877
/home/esteve/self-driving-ND/CarND-Behavioral-Cloning-P3/data_hard/IMG/center_2017_04_28_18_29_02_952.jpg,/home/esteve/self-driving-ND/CarND-Behavioral-Cloning-P3/data_hard/IMG/left_2017_04_28_18_29_02_952.jpg,/home/esteve/self-driving-ND/CarND-Behavioral-Cloning-P3/data_hard/IMG/right_2017_04_28_18_29_02_952.jpg,-0.1203007,0,0,19.14447
/home/esteve/self-driving-ND/CarND-Behavioral-Cloning-P3/data_hard/IMG/center_2017_04_28_18_29_03_032.jpg,/home/esteve/self-driving-ND/CarND-Behavioral-Cloning-P3/data_hard/IMG/left_2017_04_28_18_29_03_032.jpg,/home/esteve/self-driving-ND/CarND-Behavioral-Cloning-P3/data_hard/IMG/right_2017_04_28_18_29_03_032.jpg,-0.1203007,0,0,18.72383
/home/esteve/self-driving-ND/CarND-Behavioral-Cloning-P3/data_hard/IMG/center_2017_04_28_18_29_03_112.jpg,/home/esteve/self-driving-ND/CarND-Behavioral-Cloning-P3/data_hard/IMG/left_2017_04_28_18_29_03_112.jpg,/home/esteve/self-driving-ND/CarND-Behavioral-Cloning-P3/data_hard/IMG/right_2017_04_28_18_29_03_112.jpg,-0.1203007,0,0,18.59604
/home/esteve/self-driving-ND/CarND-Behavioral-Cloning-P3/data_hard/IMG/center_2017_04_28_18_29_03_198.jpg,/home/esteve/self-driving-ND/CarND-Behavioral-Cloning-P3/data_hard/IMG/left_2017_04_28_18_29_03_198.jpg,/home/esteve/self-driving-ND/CarND-Behavioral-Cloning-P3/data_hard/IMG/right_2017_04_28_18_29_03_198.jpg,0.01503759,0,0,18.43278
/home/esteve/self-driving-ND/CarND-Behavioral-Cloning-P3/data_hard/IMG/center_2017_04_28_18_29_03_284.jpg,/home/esteve/self-driving-ND/CarND-Behavioral-Cloning-P3/data_hard/IMG/left_2017_04_28_18_29_03_284.jpg,/home/esteve/self-driving-ND/CarND-Behavioral-Cloning-P3/data_hard/IMG/right_2017_04_28_18_29_03_284.jpg,0.1503759,0,0,17.97577
/home/esteve/self-driving-ND/CarND-Behavioral-Cloning-P3/data_hard/IMG/center_2017_04_28_18_29_03_353.jpg,/home/esteve/self-driving-ND/CarND-Behavioral-Cloning-P3/data_hard/IMG/left_2017_04_28_18_29_03_353.jpg,/home/esteve/self-driving-ND/CarND-Behavioral-Cloning-P3/data_hard/IMG/right_2017_04_28_18_29_03_353.jpg,0.2330827,0.07641292,0,17.39244
/home/esteve/self-driving-ND/CarND-Behavioral-Cloning-P3/data_hard/IMG/center_2017_04_28_18_29_03_444.jpg,/home/esteve/self-driving-ND/CarND-Behavioral-Cloning-P3/data_hard/IMG/left_2017_04_28_18_29_03_444.jpg,/home/esteve/self-driving-ND/CarND-Behavioral-Cloning-P3/data_hard/IMG/right_2017_04_28_18_29_03_444.jpg,0.2706767,0.330162,0,17.74374
/home/esteve/self-driving-ND/CarND-Behavioral-Cloning-P3/data_hard/IMG/center_2017_04_28_18_29_03_521.jpg,/home/esteve/self-driving-ND/CarND-Behavioral-Cloning-P3/data_hard/IMG/left_2017_04_28_18_29_03_521.jpg,/home/esteve/self-driving-ND/CarND-Behavioral-Cloning-P3/data_hard/IMG/right_2017_04_28_18_29_03_521.jpg,0.3458647,0.5814779,0,17.43663
/home/esteve/self-driving-ND/CarND-Behavioral-Cloning-P3/data_hard/IMG/center_2017_04_28_18_29_03_609.jpg,/home/esteve/self-driving-ND/CarND-Behavioral-Cloning-P3/data_hard/IMG/left_2017_04_28_18_29_03_609.jpg,/home/esteve/self-driving-ND/CarND-Behavioral-Cloning-P3/data_hard/IMG/right_2017_04_28_18_29_03_609.jpg,0.3609022,0.3171,0,16.63915
/home/esteve/self-driving-ND/CarND-Behavioral-Cloning-P3/data_hard/IMG/center_2017_04_28_18_29_03_684.jpg,/home/esteve/self-driving-ND/CarND-Behavioral-Cloning-P3/data_hard/IMG/left_2017_04_28_18_29_03_684.jpg,/home/esteve/self-driving-ND/CarND-Behavioral-Cloning-P3/data_hard/IMG/right_2017_04_28_18_29_03_684.jpg,0.4436091,0.4045501,0,16.14205
/home/esteve/self-driving-ND/CarND-Behavioral-Cloning-P3/data_hard/IMG/center_2017_04_28_18_29_03_768.jpg,/home/esteve/self-driving-ND/CarND-Behavioral-Cloning-P3/data_hard/IMG/left_2017_04_28_18_29_03_768.jpg,/home/esteve/self-driving-ND/CarND-Behavioral-Cloning-P3/data_hard/IMG/right_2017_04_28_18_29_03_768.jpg,0.6541353,0.6586683,0,15.51771
/home/esteve/self-driving-ND/CarND-Behavioral-Cloning-P3/data_hard/IMG/center_2017_04_28_18_29_03_855.jpg,/home/esteve/self-driving-ND/CarND-Behavioral-Cloning-P3/data_hard/IMG/left_2017_04_28_18_29_03_855.jpg,/home/esteve/self-driving-ND/CarND-Behavioral-Cloning-P3/data_hard/IMG/right_2017_04_28_18_29_03_855.jpg,0.8045112,0.9199955,0,15.43811
/home/esteve/self-driving-ND/CarND-Behavioral-Cloning-P3/data_hard/IMG/center_2017_04_28_18_29_03_931.jpg,/home/esteve/self-driving-ND/CarND-Behavioral-Cloning-P3/data_hard/IMG/left_2017_04_28_18_29_03_931.jpg,/home/esteve/self-driving-ND/CarND-Behavioral-Cloning-P3/data_hard/IMG/right_2017_04_28_18_29_03_931.jpg,0.8421053,1,0,14.99086
/home/esteve/self-driving-ND/CarND-Behavioral-Cloning-P3/data_hard/IMG/center_2017_04_28_18_29_04_017.jpg,/home/esteve/self-driving-ND/CarND-Behavioral-Cloning-P3/data_hard/IMG/left_2017_04_28_18_29_04_017.jpg,/home/esteve/self-driving-ND/CarND-Behavioral-Cloning-P3/data_hard/IMG/right_2017_04_28_18_29_04_017.jpg,0.8571429,1,0,14.25934
/home/esteve/self-driving-ND/CarND-Behavioral-Cloning-P3/data_hard/IMG/center_2017_04_28_18_29_04_098.jpg,/home/esteve/self-driving-ND/CarND-Behavioral-Cloning-P3/data_hard/IMG/left_2017_04_28_18_29_04_098.jpg,/home/esteve/self-driving-ND/CarND-Behavioral-Cloning-P3/data_hard/IMG/right_2017_04_28_18_29_04_098.jpg,0.8571429,1,0,14.17786
/home/esteve/self-driving-ND/CarND-Behavioral-Cloning-P3/data_hard/IMG/center_2017_04_28_18_29_04_178.jpg,/home/esteve/self-driving-ND/CarND-Behavioral-Cloning-P3/data_hard/IMG/left_2017_04_28_18_29_04_178.jpg,/home/esteve/self-driving-ND/CarND-Behavioral-Cloning-P3/data_hard/IMG/right_2017_04_28_18_29_04_178.jpg,0.8571429,0.7564003,0,14.11315
/home/esteve/self-driving-ND/CarND-Behavioral-Cloning-P3/data_hard/IMG/center_2017_04_28_18_29_04_260.jpg,/home/esteve/self-driving-ND/CarND-Behavioral-Cloning-P3/data_hard/IMG/left_2017_04_28_18_29_04_260.jpg,/home/esteve/self-driving-ND/CarND-Behavioral-Cloning-P3/data_hard/IMG/right_2017_04_28_18_29_04_260.jpg,0.8571429,0.5126956,0,13.82305
/home/esteve/self-driving-ND/CarND-Behavioral-Cloning-P3/data_hard/IMG/center_2017_04_28_18_29_04_342.jpg,/home/esteve/self-driving-ND/CarND-Behavioral-Cloning-P3/data_hard/IMG/left_2017_04_28_18_29_04_342.jpg,/home/esteve/self-driving-ND/CarND-Behavioral-Cloning-P3/data_hard/IMG/right_2017_04_28_18_29_04_342.jpg,0.8421053,0.2664523,0,13.73804
/home/esteve/self-driving-ND/CarND-Behavioral-Cloning-P3/data_hard/IMG/center_2017_04_28_18_29_04_426.jpg,/home/esteve/self-driving-ND/CarND-Behavioral-Cloning-P3/data_hard/IMG/left_2017_04_28_18_29_04_426.jpg,/home/esteve/self-driving-ND/CarND-Behavioral-Cloning-P3/data_hard/IMG/right_2017_04_28_18_29_04_426.jpg,0.8421053,0.1635041,0,13.48175
/home/esteve/self-driving-ND/CarND-Behavioral-Cloning-P3/data_hard/IMG/center_2017_04_28_18_29_04_512.jpg,/home/esteve/self-driving-ND/CarND-Behavioral-Cloning-P3/data_hard/IMG/left_2017_04_28_18_29_04_512.jpg,/home/esteve/self-driving-ND/CarND-Behavioral-Cloning-P3/data_hard/IMG/right_2017_04_28_18_29_04_512.jpg,0.8421053,0.4102752,0,13.67458
/home/esteve/self-driving-ND/CarND-Behavioral-Cloning-P3/data_hard/IMG/center_2017_04_28_18_29_04_597.jpg,/home/esteve/self-driving-ND/CarND-Behavioral-Cloning-P3/data_hard/IMG/left_2017_04_28_18_29_04_597.jpg,/home/esteve/self-driving-ND/CarND-Behavioral-Cloning-P3/data_hard/IMG/right_2017_04_28_18_29_04_597.jpg,0.7744361,0.6650229,0,13.47626
/home/esteve/self-driving-ND/CarND-Behavioral-Cloning-P3/data_hard/IMG/center_2017_04_28_18_29_04_684.jpg,/home/esteve/self-driving-ND/CarND-Behavioral-Cloning-P3/data_hard/IMG/left_2017_04_28_18_29_04_684.jpg,/home/esteve/self-driving-ND/CarND-Behavioral-Cloning-P3/data_hard/IMG/right_2017_04_28_18_29_04_684.jpg,0.5639098,0.925441,0,13.84901
/home/esteve/self-driving-ND/CarND-Behavioral-Cloning-P3/data_hard/IMG/center_2017_04_28_18_29_04_763.jpg,/home/esteve/self-driving-ND/CarND-Behavioral-Cloning-P3/data_hard/IMG/left_2017_04_28_18_29_04_763.jpg,/home/esteve/self-driving-ND/CarND-Behavioral-Cloning-P3/data_hard/IMG/right_2017_04_28_18_29_04_763.jpg,0.1503759,0.7940171,0,14.09844
/home/esteve/self-driving-ND/CarND-Behavioral-Cloning-P3/data_hard/IMG/center_2017_04_28_18_29_04_837.jpg,/home/esteve/self-driving-ND/CarND-Behavioral-Cloning-P3/data_hard/IMG/left_2017_04_28_18_29_04_837.jpg,/home/esteve/self-driving-ND/CarND-Behavioral-Cloning-P3/data_hard/IMG/right_2017_04_28_18_29_04_837.jpg,0.01503759,0.5928249,0,14.44721
/home/esteve/self-driving-ND/CarND-Behavioral-Cloning-P3/data_hard/IMG/center_2017_04_28_18_29_04_919.jpg,/home/esteve/self-driving-ND/CarND-Behavioral-Cloning-P3/data_hard/IMG/left_2017_04_28_18_29_04_919.jpg,/home/esteve/self-driving-ND/CarND-Behavioral-Cloning-P3/data_hard/IMG/right_2017_04_28_18_29_04_919.jpg,-0.02255639,0.3498375,0,14.25217
/home/esteve/self-driving-ND/CarND-Behavioral-Cloning-P3/data_hard/IMG/center_2017_04_28_18_29_05_000.jpg,/home/esteve/self-driving-ND/CarND-Behavioral-Cloning-P3/data_hard/IMG/left_2017_04_28_18_29_05_000.jpg,/home/esteve/self-driving-ND/CarND-Behavioral-Cloning-P3/data_hard/IMG/right_2017_04_28_18_29_05_000.jpg,-0.02255639,0.1050434,0,13.99289
/home/esteve/self-driving-ND/CarND-Behavioral-Cloning-P3/data_hard/IMG/center_2017_04_28_18_29_05_083.jpg,/home/esteve/self-driving-ND/CarND-Behavioral-Cloning-P3/data_hard/IMG/left_2017_04_28_18_29_05_083.jpg,/home/esteve/self-driving-ND/CarND-Behavioral-Cloning-P3/data_hard/IMG/right_2017_04_28_18_29_05_083.jpg,-0.02255639,0,0,13.6894
/home/esteve/self-driving-ND/CarND-Behavioral-Cloning-P3/data_hard/IMG/center_2017_04_28_18_29_05_166.jpg,/home/esteve/self-driving-ND/CarND-Behavioral-Cloning-P3/data_hard/IMG/left_2017_04_28_18_29_05_166.jpg,/home/esteve/self-driving-ND/CarND-Behavioral-Cloning-P3/data_hard/IMG/right_2017_04_28_18_29_05_166.jpg,0.06015037,0,0,13.41507
/home/esteve/self-driving-ND/CarND-Behavioral-Cloning-P3/data_hard/IMG/center_2017_04_28_18_29_05_249.jpg,/home/esteve/self-driving-ND/CarND-Behavioral-Cloning-P3/data_hard/IMG/left_2017_04_28_18_29_05_249.jpg,/home/esteve/self-driving-ND/CarND-Behavioral-Cloning-P3/data_hard/IMG/right_2017_04_28_18_29_05_249.jpg,0.1503759,0.07682419,0,12.9908
/home/esteve/self-driving-ND/CarND-Behavioral-Cloning-P3/data_hard/IMG/center_2017_04_28_18_29_05_322.jpg,/home/esteve/self-driving-ND/CarND-Behavioral-Cloning-P3/data_hard/IMG/left_2017_04_28_18_29_05_322.jpg,/home/esteve/self-driving-ND/CarND-Behavioral-Cloning-P3/data_hard/IMG/right_2017_04_28_18_29_05_322.jpg,0.1503759,0.2776558,0,12.60426
/home/esteve/self-driving-ND/CarND-Behavioral-Cloning-P3/data_hard/IMG/center_2017_04_28_18_29_05_400.jpg,/home/esteve/self-driving-ND/CarND-Behavioral-Cloning-P3/data_hard/IMG/left_2017_04_28_18_29_05_400.jpg,/home/esteve/self-driving-ND/CarND-Behavioral-Cloning-P3/data_hard/IMG/right_2017_04_28_18_29_05_400.jpg,0.1503759,0.5291247,0,12.59677
/home/esteve/self-driving-ND/CarND-Behavioral-Cloning-P3/data_hard/IMG/center_2017_04_28_18_29_05_489.jpg,/home/esteve/self-driving-ND/CarND-Behavioral-Cloning-P3/data_hard/IMG/left_2017_04_28_18_29_05_489.jpg,/home/esteve/self-driving-ND/CarND-Behavioral-Cloning-P3/data_hard/IMG/right_2017_04_28_18_29_05_489.jpg,0.1503759,0.77949,0,12.69902
/home/esteve/self-driving-ND/CarND-Behavioral-Cloning-P3/data_hard/IMG/center_2017_04_28_18_29_05_576.jpg,/home/esteve/self-driving-ND/CarND-Behavioral-Cloning-P3/data_hard/IMG/left_2017_04_28_18_29_05_576.jpg,/home/esteve/self-driving-ND/CarND-Behavioral-Cloning-P3/data_hard/IMG/right_2017_04_28_18_29_05_576.jpg,0.03007519,1,0,12.79148
/home/esteve/self-driving-ND/CarND-Behavioral-Cloning-P3/data_hard/IMG/center_2017_04_28_18_29_05_658.jpg,/home/esteve/self-driving-ND/CarND-Behavioral-Cloning-P3/data_hard/IMG/left_2017_04_28_18_29_05_658.jpg,/home/esteve/self-driving-ND/CarND-Behavioral-Cloning-P3/data_hard/IMG/right_2017_04_28_18_29_05_658.jpg,-0.06015037,0.7555149,0,13.37138
/home/esteve/self-driving-ND/CarND-Behavioral-Cloning-P3/data_hard/IMG/center_2017_04_28_18_29_05_742.jpg,/home/esteve/self-driving-ND/CarND-Behavioral-Cloning-P3/data_hard/IMG/left_2017_04_28_18_29_05_742.jpg,/home/esteve/self-driving-ND/CarND-Behavioral-Cloning-P3/data_hard/IMG/right_2017_04_28_18_29_05_742.jpg,-0.1353384,0.5006349,0,13.32691
/home/esteve/self-driving-ND/CarND-Behavioral-Cloning-P3/data_hard/IMG/center_2017_04_28_18_29_05_823.jpg,/home/esteve/self-driving-ND/CarND-Behavioral-Cloning-P3/data_hard/IMG/left_2017_04_28_18_29_05_823.jpg,/home/esteve/self-driving-ND/CarND-Behavioral-Cloning-P3/data_hard/IMG/right_2017_04_28_18_29_05_823.jpg,-0.1879699,0.2599299,0,13.04748
/home/esteve/self-driving-ND/CarND-Behavioral-Cloning-P3/data_hard/IMG/center_2017_04_28_18_29_05_903.jpg,/home/esteve/self-driving-ND/CarND-Behavioral-Cloning-P3/data_hard/IMG/left_2017_04_28_18_29_05_903.jpg,/home/esteve/self-driving-ND/CarND-Behavioral-Cloning-P3/data_hard/IMG/right_2017_04_28_18_29_05_903.jpg,-0.1954887,0.01771855,0,12.49833
/home/esteve/self-driving-ND/CarND-Behavioral-Cloning-P3/data_hard/IMG/center_2017_04_28_18_29_05_980.jpg,/home/esteve/self-driving-ND/CarND-Behavioral-Cloning-P3/data_hard/IMG/left_2017_04_28_18_29_05_980.jpg,/home/esteve/self-driving-ND/CarND-Behavioral-Cloning-P3/data_hard/IMG/right_2017_04_28_18_29_05_980.jpg,-0.1954887,0,0,12.12152
/home/esteve/self-driving-ND/CarND-Behavioral-Cloning-P3/data_hard/IMG/center_2017_04_28_18_29_06_075.jpg,/home/esteve/self-driving-ND/CarND-Behavioral-Cloning-P3/data_hard/IMG/left_2017_04_28_18_29_06_075.jpg,/home/esteve/self-driving-ND/CarND-Behavioral-Cloning-P3/data_hard/IMG/right_2017_04_28_18_29_06_075.jpg,-0.2030075,0.1256969,0,11.97442
/home/esteve/self-driving-ND/CarND-Behavioral-Cloning-P3/data_hard/IMG/center_2017_04_28_18_29_06_157.jpg,/home/esteve/self-driving-ND/CarND-Behavioral-Cloning-P3/data_hard/IMG/left_2017_04_28_18_29_06_157.jpg,/home/esteve/self-driving-ND/CarND-Behavioral-Cloning-P3/data_hard/IMG/right_2017_04_28_18_29_06_157.jpg,-0.2030075,0.3696899,0,11.60843
/home/esteve/self-driving-ND/CarND-Behavioral-Cloning-P3/data_hard/IMG/center_2017_04_28_18_29_06_240.jpg,/home/esteve/self-driving-ND/CarND-Behavioral-Cloning-P3/data_hard/IMG/left_2017_04_28_18_29_06_240.jpg,/home/esteve/self-driving-ND/CarND-Behavioral-Cloning-P3/data_hard/IMG/right_2017_04_28_18_29_06_240.jpg,-0.2030075,0.6196768,0,11.68993
/home/esteve/self-driving-ND/CarND-Behavioral-Cloning-P3/data_hard/IMG/center_2017_04_28_18_29_06_324.jpg,/home/esteve/self-driving-ND/CarND-Behavioral-Cloning-P3/data_hard/IMG/left_2017_04_28_18_29_06_324.jpg,/home/esteve/self-driving-ND/CarND-Behavioral-Cloning-P3/data_hard/IMG/right_2017_04_28_18_29_06_324.jpg,-0.2030075,0.6446464,0,11.84241
/home/esteve/self-driving-ND/CarND-Behavioral-Cloning-P3/data_hard/IMG/center_2017_04_28_18_29_06_411.jpg,/home/esteve/self-driving-ND/CarND-Behavioral-Cloning-P3/data_hard/IMG/left_2017_04_28_18_29_06_411.jpg,/home/esteve/self-driving-ND/CarND-Behavioral-Cloning-P3/data_hard/IMG/right_2017_04_28_18_29_06_411.jpg,-0.2030075,0.3842854,0,11.85088
/home/esteve/self-driving-ND/CarND-Behavioral-Cloning-P3/data_hard/IMG/center_2017_04_28_18_29_06_493.jpg,/home/esteve/self-driving-ND/CarND-Behavioral-Cloning-P3/data_hard/IMG/left_2017_04_28_18_29_06_493.jpg,/home/esteve/self-driving-ND/CarND-Behavioral-Cloning-P3/data_hard/IMG/right_2017_04_28_18_29_06_493.jpg,-0.2030075,0.1347091,0,11.4482
/home/esteve/self-driving-ND/CarND-Behavioral-Cloning-P3/data_hard/IMG/center_2017_04_28_18_29_06_577.jpg,/home/esteve/self-driving-ND/CarND-Behavioral-Cloning-P3/data_hard/IMG/left_2017_04_28_18_29_06_577.jpg,/home/esteve/self-driving-ND/CarND-Behavioral-Cloning-P3/data_hard/IMG/right_2017_04_28_18_29_06_577.jpg,-0.2255639,0,0,11.23877
/home/esteve/self-driving-ND/CarND-Behavioral-Cloning-P3/data_hard/IMG/center_2017_04_28_18_29_06_662.jpg,/home/esteve/self-driving-ND/CarND-Behavioral-Cloning-P3/data_hard/IMG/left_2017_04_28_18_29_06_662.jpg,/home/esteve/self-driving-ND/CarND-Behavioral-Cloning-P3/data_hard/IMG/right_2017_04_28_18_29_06_662.jpg,-0.3458647,0.253983,0,11.08571
/home/esteve/self-driving-ND/CarND-Behavioral-Cloning-P3/data_hard/IMG/center_2017_04_28_18_29_06_726.jpg,/home/esteve/self-driving-ND/CarND-Behavioral-Cloning-P3/data_hard/IMG/left_2017_04_28_18_29_06_726.jpg,/home/esteve/self-driving-ND/CarND-Behavioral-Cloning-P3/data_hard/IMG/right_2017_04_28_18_29_06_726.jpg,-0.4210526,0.4632061,0,11.09501
/home/esteve/self-driving-ND/CarND-Behavioral-Cloning-P3/data_hard/IMG/center_2017_04_28_18_29_06_796.jpg,/home/esteve/self-driving-ND/CarND-Behavioral-Cloning-P3/data_hard/IMG/left_2017_04_28_18_29_06_796.jpg,/home/esteve/self-driving-ND/CarND-Behavioral-Cloning-P3/data_hard/IMG/right_2017_04_28_18_29_06_796.jpg,-0.4887218,0.6741657,0,11.26401
/home/esteve/self-driving-ND/CarND-Behavioral-Cloning-P3/data_hard/IMG/center_2017_04_28_18_29_06_883.jpg,/home/esteve/self-driving-ND/CarND-Behavioral-Cloning-P3/data_hard/IMG/left_2017_04_28_18_29_06_883.jpg,/home/esteve/self-driving-ND/CarND-Behavioral-Cloning-P3/data_hard/IMG/right_2017_04_28_18_29_06_883.jpg,-0.4887218,0.4152474,0,11.41151
/home/esteve/self-driving-ND/CarND-Behavioral-Cloning-P3/data_hard/IMG/center_2017_04_28_18_29_06_967.jpg,/home/esteve/self-driving-ND/CarND-Behavioral-Cloning-P3/data_hard/IMG/left_2017_04_28_18_29_06_967.jpg,/home/esteve/self-driving-ND/CarND-Behavioral-Cloning-P3/data_hard/IMG/right_2017_04_28_18_29_06_967.jpg,-0.4887218,0.162986,0,11.65743
/home/esteve/self-driving-ND/CarND-Behavioral-Cloning-P3/data_hard/IMG/center_2017_04_28_18_29_07_053.jpg,/home/esteve/self-driving-ND/CarND-Behavioral-Cloning-P3/data_hard/IMG/left_2017_04_28_18_29_07_053.jpg,/home/esteve/self-driving-ND/CarND-Behavioral-Cloning-P3/data_hard/IMG/right_2017_04_28_18_29_07_053.jpg,-0.4887218,0,0,11.13657
/home/esteve/self-driving-ND/CarND-Behavioral-Cloning-P3/data_hard/IMG/center_2017_04_28_18_29_07_135.jpg,/home/esteve/self-driving-ND/CarND-Behavioral-Cloning-P3/data_hard/IMG/left_2017_04_28_18_29_07_135.jpg,/home/esteve/self-driving-ND/CarND-Behavioral-Cloning-P3/data_hard/IMG/right_2017_04_28_18_29_07_135.jpg,-0.4887218,0,0,11.03791
/home/esteve/self-driving-ND/CarND-Behavioral-Cloning-P3/data_hard/IMG/center_2017_04_28_18_29_07_227.jpg,/home/esteve/self-driving-ND/CarND-Behavioral-Cloning-P3/data_hard/IMG/left_2017_04_28_18_29_07_227.jpg,/home/esteve/self-driving-ND/CarND-Behavioral-Cloning-P3/data_hard/IMG/right_2017_04_28_18_29_07_227.jpg,-0.4887218,0,0,10.77321
/home/esteve/self-driving-ND/CarND-Behavioral-Cloning-P3/data_hard/IMG/center_2017_04_28_18_29_07_316.jpg,/home/esteve/self-driving-ND/CarND-Behavioral-Cloning-P3/data_hard/IMG/left_2017_04_28_18_29_07_316.jpg,/home/esteve/self-driving-ND/CarND-Behavioral-Cloning-P3/data_hard/IMG/right_2017_04_28_18_29_07_316.jpg,-0.4887218,0.265518,0,10.73437
/home/esteve/self-driving-ND/CarND-Behavioral-Cloning-P3/data_hard/IMG/center_2017_04_28_18_29_07_398.jpg,/home/esteve/self-driving-ND/CarND-Behavioral-Cloning-P3/data_hard/IMG/left_2017_04_28_18_29_07_398.jpg,/home/esteve/self-driving-ND/CarND-Behavioral-Cloning-P3/data_hard/IMG/right_2017_04_28_18_29_07_398.jpg,-0.4887218,0.51138,0,10.97291
/home/esteve/self-driving-ND/CarND-Behavioral-Cloning-P3/data_hard/IMG/center_2017_04_28_18_29_07_487.jpg,/home/esteve/self-driving-ND/CarND-Behavioral-Cloning-P3/data_hard/IMG/left_2017_04_28_18_29_07_487.jpg,/home/esteve/self-driving-ND/CarND-Behavioral-Cloning-P3/data_hard/IMG/right_2017_04_28_18_29_07_487.jpg,-0.4887218,0.7810199,0,11.46228
/home/esteve/self-driving-ND/CarND-Behavioral-Cloning-P3/data_hard/IMG/center_2017_04_28_18_29_07_581.jpg,/home/esteve/self-driving-ND/CarND-Behavioral-Cloning-P3/data_hard/IMG/left_2017_04_28_18_29_07_581.jpg,/home/esteve/self-driving-ND/CarND-Behavioral-Cloning-P3/data_hard/IMG/right_2017_04_28_18_29_07_581.jpg,-0.4887218,0.9164994,0,12.38098
/home/esteve/self-driving-ND/CarND-Behavioral-Cloning-P3/data_hard/IMG/center_2017_04_28_18_29_07_669.jpg,/home/esteve/self-driving-ND/CarND-Behavioral-Cloning-P3/data_hard/IMG/left_2017_04_28_18_29_07_669.jpg,/home/esteve/self-driving-ND/CarND-Behavioral-Cloning-P3/data_hard/IMG/right_2017_04_28_18_29_07_669.jpg,-0.4962406,0.652266,0,13.03167
/home/esteve/self-driving-ND/CarND-Behavioral-Cloning-P3/data_hard/IMG/center_2017_04_28_18_29_07_756.jpg,/home/esteve/self-driving-ND/CarND-Behavioral-Cloning-P3/data_hard/IMG/left_2017_04_28_18_29_07_756.jpg,/home/esteve/self-driving-ND/CarND-Behavioral-Cloning-P3/data_hard/IMG/right_2017_04_28_18_29_07_756.jpg,-0.4962406,0.392247,0,13.4361
/home/esteve/self-driving-ND/CarND-Behavioral-Cloning-P3/data_hard/IMG/center_2017_04_28_18_29_07_837.jpg,/home/esteve/self-driving-ND/CarND-Behavioral-Cloning-P3/data_hard/IMG/left_2017_04_28_18_29_07_837.jpg,/home/esteve/self-driving-ND/CarND-Behavioral-Cloning-P3/data_hard/IMG/right_2017_04_28_18_29_07_837.jpg,-0.5037594,0.1299505,0,13.4975
/home/esteve/self-driving-ND/CarND-Behavioral-Cloning-P3/data_hard/IMG/center_2017_04_28_18_29_07_930.jpg,/home/esteve/self-driving-ND/CarND-Behavioral-Cloning-P3/data_hard/IMG/left_2017_04_28_18_29_07_930.jpg,/home/esteve/self-driving-ND/CarND-Behavioral-Cloning-P3/data_hard/IMG/right_2017_04_28_18_29_07_930.jpg,-0.5037594,0,0,13.28949
/home/esteve/self-driving-ND/CarND-Behavioral-Cloning-P3/data_hard/IMG/center_2017_04_28_18_29_08_007.jpg,/home/esteve/self-driving-ND/CarND-Behavioral-Cloning-P3/data_hard/IMG/left_2017_04_28_18_29_08_007.jpg,/home/esteve/self-driving-ND/CarND-Behavioral-Cloning-P3/data_hard/IMG/right_2017_04_28_18_29_08_007.jpg,-0.4135338,0.1302752,0,13.13765
/home/esteve/self-driving-ND/CarND-Behavioral-Cloning-P3/data_hard/IMG/center_2017_04_28_18_29_08_099.jpg,/home/esteve/self-driving-ND/CarND-Behavioral-Cloning-P3/data_hard/IMG/left_2017_04_28_18_29_08_099.jpg,/home/esteve/self-driving-ND/CarND-Behavioral-Cloning-P3/data_hard/IMG/right_2017_04_28_18_29_08_099.jpg,-0.3383459,0.3894303,0,13.30189
/home/esteve/self-driving-ND/CarND-Behavioral-Cloning-P3/data_hard/IMG/center_2017_04_28_18_29_08_187.jpg,/home/esteve/self-driving-ND/CarND-Behavioral-Cloning-P3/data_hard/IMG/left_2017_04_28_18_29_08_187.jpg,/home/esteve/self-driving-ND/CarND-Behavioral-Cloning-P3/data_hard/IMG/right_2017_04_28_18_29_08_187.jpg,-0.3383459,0.6518254,0,13.87019
/home/esteve/self-driving-ND/CarND-Behavioral-Cloning-P3/data_hard/IMG/center_2017_04_28_18_29_08_263.jpg,/home/esteve/self-driving-ND/CarND-Behavioral-Cloning-P3/data_hard/IMG/left_2017_04_28_18_29_08_263.jpg,/home/esteve/self-driving-ND/CarND-Behavioral-Cloning-P3/data_hard/IMG/right_2017_04_28_18_29_08_263.jpg,-0.3157895,0.8981795,0,14.79351
/home/esteve/self-driving-ND/CarND-Behavioral-Cloning-P3/data_hard/IMG/center_2017_04_28_18_29_08_337.jpg,/home/esteve/self-driving-ND/CarND-Behavioral-Cloning-P3/data_hard/IMG/left_2017_04_28_18_29_08_337.jpg,/home/esteve/self-driving-ND/CarND-Behavioral-Cloning-P3/data_hard/IMG/right_2017_04_28_18_29_08_337.jpg,0.1278196,1,0,15.25486
/home/esteve/self-driving-ND/CarND-Behavioral-Cloning-P3/data_hard/IMG/center_2017_04_28_18_29_08_420.jpg,/home/esteve/self-driving-ND/CarND-Behavioral-Cloning-P3/data_hard/IMG/left_2017_04_28_18_29_08_420.jpg,/home/esteve/self-driving-ND/CarND-Behavioral-Cloning-P3/data_hard/IMG/right_2017_04_28_18_29_08_420.jpg,0.1578947,1,0,16.05455
/home/esteve/self-driving-ND/CarND-Behavioral-Cloning-P3/data_hard/IMG/center_2017_04_28_18_29_08_505.jpg,/home/esteve/self-driving-ND/CarND-Behavioral-Cloning-P3/data_hard/IMG/left_2017_04_28_18_29_08_505.jpg,/home/esteve/self-driving-ND/CarND-Behavioral-Cloning-P3/data_hard/IMG/right_2017_04_28_18_29_08_505.jpg,0.1578947,0.8831201,0,17.12053
/home/esteve/self-driving-ND/CarND-Behavioral-Cloning-P3/data_hard/IMG/center_2017_04_28_18_29_08_596.jpg,/home/esteve/self-driving-ND/CarND-Behavioral-Cloning-P3/data_hard/IMG/left_2017_04_28_18_29_08_596.jpg,/home/esteve/self-driving-ND/CarND-Behavioral-Cloning-P3/data_hard/IMG/right_2017_04_28_18_29_08_596.jpg,0.1578947,0.6102314,0,17.69668
/home/esteve/self-driving-ND/CarND-Behavioral-Cloning-P3/data_hard/IMG/center_2017_04_28_18_29_08_681.jpg,/home/esteve/self-driving-ND/CarND-Behavioral-Cloning-P3/data_hard/IMG/left_2017_04_28_18_29_08_681.jpg,/home/esteve/self-driving-ND/CarND-Behavioral-Cloning-P3/data_hard/IMG/right_2017_04_28_18_29_08_681.jpg,0.1278196,0.3569472,0,18.02159
/home/esteve/self-driving-ND/CarND-Behavioral-Cloning-P3/data_hard/IMG/center_2017_04_28_18_29_08_766.jpg,/home/esteve/self-driving-ND/CarND-Behavioral-Cloning-P3/data_hard/IMG/left_2017_04_28_18_29_08_766.jpg,/home/esteve/self-driving-ND/CarND-Behavioral-Cloning-P3/data_hard/IMG/right_2017_04_28_18_29_08_766.jpg,0.1203007,0.1023312,0,18.08615
/home/esteve/self-driving-ND/CarND-Behavioral-Cloning-P3/data_hard/IMG/center_2017_04_28_18_29_08_854.jpg,/home/esteve/self-driving-ND/CarND-Behavioral-Cloning-P3/data_hard/IMG/left_2017_04_28_18_29_08_854.jpg,/home/esteve/self-driving-ND/CarND-Behavioral-Cloning-P3/data_hard/IMG/right_2017_04_28_18_29_08_854.jpg,0.1203007,0.2160919,0,18.00928
/home/esteve/self-driving-ND/CarND-Behavioral-Cloning-P3/data_hard/IMG/center_2017_04_28_18_29_08_942.jpg,/home/esteve/self-driving-ND/CarND-Behavioral-Cloning-P3/data_hard/IMG/left_2017_04_28_18_29_08_942.jpg,/home/esteve/self-driving-ND/CarND-Behavioral-Cloning-P3/data_hard/IMG/right_2017_04_28_18_29_08_942.jpg,0.1203007,0.4797437,0,18.21675
/home/esteve/self-driving-ND/CarND-Behavioral-Cloning-P3/data_hard/IMG/center_2017_04_28_18_29_09_024.jpg,/home/esteve/self-driving-ND/CarND-Behavioral-Cloning-P3/data_hard/IMG/left_2017_04_28_18_29_09_024.jpg,/home/esteve/self-driving-ND/CarND-Behavioral-Cloning-P3/data_hard/IMG/right_2017_04_28_18_29_09_024.jpg,0.1203007,0.625535,0,18.8257
/home/esteve/self-driving-ND/CarND-Behavioral-Cloning-P3/data_hard/IMG/center_2017_04_28_18_29_09_097.jpg,/home/esteve/self-driving-ND/CarND-Behavioral-Cloning-P3/data_hard/IMG/left_2017_04_28_18_29_09_097.jpg,/home/esteve/self-driving-ND/CarND-Behavioral-Cloning-P3/data_hard/IMG/right_2017_04_28_18_29_09_097.jpg,0.02255639,0.4065323,0,19.04944
/home/esteve/self-driving-ND/CarND-Behavioral-Cloning-P3/data_hard/IMG/center_2017_04_28_18_29_09_179.jpg,/home/esteve/self-driving-ND/CarND-Behavioral-Cloning-P3/data_hard/IMG/left_2017_04_28_18_29_09_179.jpg,/home/esteve/self-driving-ND/CarND-Behavioral-Cloning-P3/data_hard/IMG/right_2017_04_28_18_29_09_179.jpg,-0.02255639,0.2106438,0,19.16031
/home/esteve/self-driving-ND/CarND-Behavioral-Cloning-P3/data_hard/IMG/center_2017_04_28_18_29_09_265.jpg,/home/esteve/self-driving-ND/CarND-Behavioral-Cloning-P3/data_hard/IMG/left_2017_04_28_18_29_09_265.jpg,/home/esteve/self-driving-ND/CarND-Behavioral-Cloning-P3/data_hard/IMG/right_2017_04_28_18_29_09_265.jpg,-0.06766918,0,0,19.04019
/home/esteve/self-driving-ND/CarND-Behavioral-Cloning-P3/data_hard/IMG/center_2017_04_28_18_29_09_355.jpg,/home/esteve/self-driving-ND/CarND-Behavioral-Cloning-P3/data_hard/IMG/left_2017_04_28_18_29_09_355.jpg,/home/esteve/self-driving-ND/CarND-Behavioral-Cloning-P3/data_hard/IMG/right_2017_04_28_18_29_09_355.jpg,-0.1203007,0,0,18.87947
/home/esteve/self-driving-ND/CarND-Behavioral-Cloning-P3/data_hard/IMG/center_2017_04_28_18_29_09_436.jpg,/home/esteve/self-driving-ND/CarND-Behavioral-Cloning-P3/data_hard/IMG/left_2017_04_28_18_29_09_436.jpg,/home/esteve/self-driving-ND/CarND-Behavioral-Cloning-P3/data_hard/IMG/right_2017_04_28_18_29_09_436.jpg,-0.1428571,0,0,18.71764
/home/esteve/self-driving-ND/CarND-Behavioral-Cloning-P3/data_hard/IMG/center_2017_04_28_18_29_09_521.jpg,/home/esteve/self-driving-ND/CarND-Behavioral-Cloning-P3/data_hard/IMG/left_2017_04_28_18_29_09_521.jpg,/home/esteve/self-driving-ND/CarND-Behavioral-Cloning-P3/data_hard/IMG/right_2017_04_28_18_29_09_521.jpg,-0.1353384,0,0,18.55964
/home/esteve/self-driving-ND/CarND-Behavioral-Cloning-P3/data_hard/IMG/center_2017_04_28_18_29_09_611.jpg,/home/esteve/self-driving-ND/CarND-Behavioral-Cloning-P3/data_hard/IMG/left_2017_04_28_18_29_09_611.jpg,/home/esteve/self-driving-ND/CarND-Behavioral-Cloning-P3/data_hard/IMG/right_2017_04_28_18_29_09_611.jpg,0,0.1386266,0,18.39361
/home/esteve/self-driving-ND/CarND-Behavioral-Cloning-P3/data_hard/IMG/center_2017_04_28_18_29_09_678.jpg,/home/esteve/self-driving-ND/CarND-Behavioral-Cloning-P3/data_hard/IMG/left_2017_04_28_18_29_09_678.jpg,/home/esteve/self-driving-ND/CarND-Behavioral-Cloning-P3/data_hard/IMG/right_2017_04_28_18_29_09_678.jpg,0.01503759,0.3388467,0,18.43753
/home/esteve/self-driving-ND/CarND-Behavioral-Cloning-P3/data_hard/IMG/center_2017_04_28_18_29_09_763.jpg,/home/esteve/self-driving-ND/CarND-Behavioral-Cloning-P3/data_hard/IMG/left_2017_04_28_18_29_09_763.jpg,/home/esteve/self-driving-ND/CarND-Behavioral-Cloning-P3/data_hard/IMG/right_2017_04_28_18_29_09_763.jpg,0.01503759,0.46662,0,18.82288
/home/esteve/self-driving-ND/CarND-Behavioral-Cloning-P3/data_hard/IMG/center_2017_04_28_18_29_09_834.jpg,/home/esteve/self-driving-ND/CarND-Behavioral-Cloning-P3/data_hard/IMG/left_2017_04_28_18_29_09_834.jpg,/home/esteve/self-driving-ND/CarND-Behavioral-Cloning-P3/data_hard/IMG/right_2017_04_28_18_29_09_834.jpg,0.01503759,0.2511063,0,18.95774
/home/esteve/self-driving-ND/CarND-Behavioral-Cloning-P3/data_hard/IMG/center_2017_04_28_18_29_09_917.jpg,/home/esteve/self-driving-ND/CarND-Behavioral-Cloning-P3/data_hard/IMG/left_2017_04_28_18_29_09_917.jpg,/home/esteve/self-driving-ND/CarND-Behavioral-Cloning-P3/data_hard/IMG/right_2017_04_28_18_29_09_917.jpg,0.01503759,0.002067089,0,18.92361
/home/esteve/self-driving-ND/CarND-Behavioral-Cloning-P3/data_hard/IMG/center_2017_04_28_18_29_10_002.jpg,/home/esteve/self-driving-ND/CarND-Behavioral-Cloning-P3/data_hard/IMG/left_2017_04_28_18_29_10_002.jpg,/home/esteve/self-driving-ND/CarND-Behavioral-Cloning-P3/data_hard/IMG/right_2017_04_28_18_29_10_002.jpg,0.01503759,0.05673337,0,18.73024
/home/esteve/self-driving-ND/CarND-Behavioral-Cloning-P3/data_hard/IMG/center_2017_04_28_18_29_10_086.jpg,/home/esteve/self-driving-ND/CarND-Behavioral-Cloning-P3/data_hard/IMG/left_2017_04_28_18_29_10_086.jpg,/home/esteve/self-driving-ND/CarND-Behavioral-Cloning-P3/data_hard/IMG/right_2017_04_28_18_29_10_086.jpg,0.01503759,0.3087358,0,18.7591
/home/esteve/self-driving-ND/CarND-Behavioral-Cloning-P3/data_hard/IMG/center_2017_04_28_18_29_10_172.jpg,/home/esteve/self-driving-ND/CarND-Behavioral-Cloning-P3/data_hard/IMG/left_2017_04_28_18_29_10_172.jpg,/home/esteve/self-driving-ND/CarND-Behavioral-Cloning-P3/data_hard/IMG/right_2017_04_28_18_29_10_172.jpg,0.01503759,0.5669103,0,19.04099
/home/esteve/self-driving-ND/CarND-Behavioral-Cloning-P3/data_hard/IMG/center_2017_04_28_18_29_10_256.jpg,/home/esteve/self-driving-ND/CarND-Behavioral-Cloning-P3/data_hard/IMG/left_2017_04_28_18_29_10_256.jpg,/home/esteve/self-driving-ND/CarND-Behavioral-Cloning-P3/data_hard/IMG/right_2017_04_28_18_29_10_256.jpg,0.01503759,0.3142684,0,19.32826
/home/esteve/self-driving-ND/CarND-Behavioral-Cloning-P3/data_hard/IMG/center_2017_04_28_18_29_10_335.jpg,/home/esteve/self-driving-ND/CarND-Behavioral-Cloning-P3/data_hard/IMG/left_2017_04_28_18_29_10_335.jpg,/home/esteve/self-driving-ND/CarND-Behavioral-Cloning-P3/data_hard/IMG/right_2017_04_28_18_29_10_335.jpg,0.01503759,0.07893634,0,19.35736
/home/esteve/self-driving-ND/CarND-Behavioral-Cloning-P3/data_hard/IMG/center_2017_04_28_18_29_10_417.jpg,/home/esteve/self-driving-ND/CarND-Behavioral-Cloning-P3/data_hard/IMG/left_2017_04_28_18_29_10_417.jpg,/home/esteve/self-driving-ND/CarND-Behavioral-Cloning-P3/data_hard/IMG/right_2017_04_28_18_29_10_417.jpg,0.01503759,0,0,19.20955
/home/esteve/self-driving-ND/CarND-Behavioral-Cloning-P3/data_hard/IMG/center_2017_04_28_18_29_10_502.jpg,/home/esteve/self-driving-ND/CarND-Behavioral-Cloning-P3/data_hard/IMG/left_2017_04_28_18_29_10_502.jpg,/home/esteve/self-driving-ND/CarND-Behavioral-Cloning-P3/data_hard/IMG/right_2017_04_28_18_29_10_502.jpg,0.02255639,0,0,19.01991
/home/esteve/self-driving-ND/CarND-Behavioral-Cloning-P3/data_hard/IMG/center_2017_04_28_18_29_10_572.jpg,/home/esteve/self-driving-ND/CarND-Behavioral-Cloning-P3/data_hard/IMG/left_2017_04_28_18_29_10_572.jpg,/home/esteve/self-driving-ND/CarND-Behavioral-Cloning-P3/data_hard/IMG/right_2017_04_28_18_29_10_572.jpg,0.06766918,0,0,18.89817
/home/esteve/self-driving-ND/CarND-Behavioral-Cloning-P3/data_hard/IMG/center_2017_04_28_18_29_10_650.jpg,/home/esteve/self-driving-ND/CarND-Behavioral-Cloning-P3/data_hard/IMG/left_2017_04_28_18_29_10_650.jpg,/home/esteve/self-driving-ND/CarND-Behavioral-Cloning-P3/data_hard/IMG/right_2017_04_28_18_29_10_650.jpg,0.08270676,0,0,18.74073
/home/esteve/self-driving-ND/CarND-Behavioral-Cloning-P3/data_hard/IMG/center_2017_04_28_18_29_10_723.jpg,/home/esteve/self-driving-ND/CarND-Behavioral-Cloning-P3/data_hard/IMG/left_2017_04_28_18_29_10_723.jpg,/home/esteve/self-driving-ND/CarND-Behavioral-Cloning-P3/data_hard/IMG/right_2017_04_28_18_29_10_723.jpg,0.08270676,0.1443114,0,18.65349
/home/esteve/self-driving-ND/CarND-Behavioral-Cloning-P3/data_hard/IMG/center_2017_04_28_18_29_10_804.jpg,/home/esteve/self-driving-ND/CarND-Behavioral-Cloning-P3/data_hard/IMG/left_2017_04_28_18_29_10_804.jpg,/home/esteve/self-driving-ND/CarND-Behavioral-Cloning-P3/data_hard/IMG/right_2017_04_28_18_29_10_804.jpg,0.08270676,0.1342864,0,18.71838
/home/esteve/self-driving-ND/CarND-Behavioral-Cloning-P3/data_hard/IMG/center_2017_04_28_18_29_10_889.jpg,/home/esteve/self-driving-ND/CarND-Behavioral-Cloning-P3/data_hard/IMG/left_2017_04_28_18_29_10_889.jpg,/home/esteve/self-driving-ND/CarND-Behavioral-Cloning-P3/data_hard/IMG/right_2017_04_28_18_29_10_889.jpg,0.08270676,0,0,18.5925
/home/esteve/self-driving-ND/CarND-Behavioral-Cloning-P3/data_hard/IMG/center_2017_04_28_18_29_10_977.jpg,/home/esteve/self-driving-ND/CarND-Behavioral-Cloning-P3/data_hard/IMG/left_2017_04_28_18_29_10_977.jpg,/home/esteve/self-driving-ND/CarND-Behavioral-Cloning-P3/data_hard/IMG/right_2017_04_28_18_29_10_977.jpg,0.08270676,0,0,18.43392
/home/esteve/self-driving-ND/CarND-Behavioral-Cloning-P3/data_hard/IMG/center_2017_04_28_18_29_11_065.jpg,/home/esteve/self-driving-ND/CarND-Behavioral-Cloning-P3/data_hard/IMG/left_2017_04_28_18_29_11_065.jpg,/home/esteve/self-driving-ND/CarND-Behavioral-Cloning-P3/data_hard/IMG/right_2017_04_28_18_29_11_065.jpg,0.06015037,0,0,18.27871
/home/esteve/self-driving-ND/CarND-Behavioral-Cloning-P3/data_hard/IMG/center_2017_04_28_18_29_11_148.jpg,/home/esteve/self-driving-ND/CarND-Behavioral-Cloning-P3/data_hard/IMG/left_2017_04_28_18_29_11_148.jpg,/home/esteve/self-driving-ND/CarND-Behavioral-Cloning-P3/data_hard/IMG/right_2017_04_28_18_29_11_148.jpg,0.02255639,0,0,18.12575
/home/esteve/self-driving-ND/CarND-Behavioral-Cloning-P3/data_hard/IMG/center_2017_04_28_18_29_11_232.jpg,/home/esteve/self-driving-ND/CarND-Behavioral-Cloning-P3/data_hard/IMG/left_2017_04_28_18_29_11_232.jpg,/home/esteve/self-driving-ND/CarND-Behavioral-Cloning-P3/data_hard/IMG/right_2017_04_28_18_29_11_232.jpg,0.02255639,0,0,17.96752
/home/esteve/self-driving-ND/CarND-Behavioral-Cloning-P3/data_hard/IMG/center_2017_04_28_18_29_11_303.jpg,/home/esteve/self-driving-ND/CarND-Behavioral-Cloning-P3/data_hard/IMG/left_2017_04_28_18_29_11_303.jpg,/home/esteve/self-driving-ND/CarND-Behavioral-Cloning-P3/data_hard/IMG/right_2017_04_28_18_29_11_303.jpg,0.02255639,0,0,17.81423
/home/esteve/self-driving-ND/CarND-Behavioral-Cloning-P3/data_hard/IMG/center_2017_04_28_18_29_11_386.jpg,/home/esteve/self-driving-ND/CarND-Behavioral-Cloning-P3/data_hard/IMG/left_2017_04_28_18_29_11_386.jpg,/home/esteve/self-driving-ND/CarND-Behavioral-Cloning-P3/data_hard/IMG/right_2017_04_28_18_29_11_386.jpg,0.02255639,0,0,17.66693
/home/esteve/self-driving-ND/CarND-Behavioral-Cloning-P3/data_hard/IMG/center_2017_04_28_18_29_11_471.jpg,/home/esteve/self-driving-ND/CarND-Behavioral-Cloning-P3/data_hard/IMG/left_2017_04_28_18_29_11_471.jpg,/home/esteve/self-driving-ND/CarND-Behavioral-Cloning-P3/data_hard/IMG/right_2017_04_28_18_29_11_471.jpg,0.02255639,0.2527113,0,17.64429
/home/esteve/self-driving-ND/CarND-Behavioral-Cloning-P3/data_hard/IMG/center_2017_04_28_18_29_11_552.jpg,/home/esteve/self-driving-ND/CarND-Behavioral-Cloning-P3/data_hard/IMG/left_2017_04_28_18_29_11_552.jpg,/home/esteve/self-driving-ND/CarND-Behavioral-Cloning-P3/data_hard/IMG/right_2017_04_28_18_29_11_552.jpg,0.02255639,0.4971364,0,17.88761
/home/esteve/self-driving-ND/CarND-Behavioral-Cloning-P3/data_hard/IMG/center_2017_04_28_18_29_11_639.jpg,/home/esteve/self-driving-ND/CarND-Behavioral-Cloning-P3/data_hard/IMG/left_2017_04_28_18_29_11_639.jpg,/home/esteve/self-driving-ND/CarND-Behavioral-Cloning-P3/data_hard/IMG/right_2017_04_28_18_29_11_639.jpg,0.02255639,0.7584357,0,18.36589
/home/esteve/self-driving-ND/CarND-Behavioral-Cloning-P3/data_hard/IMG/center_2017_04_28_18_29_11_706.jpg,/home/esteve/self-driving-ND/CarND-Behavioral-Cloning-P3/data_hard/IMG/left_2017_04_28_18_29_11_706.jpg,/home/esteve/self-driving-ND/CarND-Behavioral-Cloning-P3/data_hard/IMG/right_2017_04_28_18_29_11_706.jpg,0.02255639,0.8147435,0,19.05897
/home/esteve/self-driving-ND/CarND-Behavioral-Cloning-P3/data_hard/IMG/center_2017_04_28_18_29_11_792.jpg,/home/esteve/self-driving-ND/CarND-Behavioral-Cloning-P3/data_hard/IMG/left_2017_04_28_18_29_11_792.jpg,/home/esteve/self-driving-ND/CarND-Behavioral-Cloning-P3/data_hard/IMG/right_2017_04_28_18_29_11_792.jpg,0.02255639,0.5581234,0,19.56583
/home/esteve/self-driving-ND/CarND-Behavioral-Cloning-P3/data_hard/IMG/center_2017_04_28_18_29_11_881.jpg,/home/esteve/self-driving-ND/CarND-Behavioral-Cloning-P3/data_hard/IMG/left_2017_04_28_18_29_11_881.jpg,/home/esteve/self-driving-ND/CarND-Behavioral-Cloning-P3/data_hard/IMG/right_2017_04_28_18_29_11_881.jpg,0.02255639,0.2909131,0,19.81055
/home/esteve/self-driving-ND/CarND-Behavioral-Cloning-P3/data_hard/IMG/center_2017_04_28_18_29_11_965.jpg,/home/esteve/self-driving-ND/CarND-Behavioral-Cloning-P3/data_hard/IMG/left_2017_04_28_18_29_11_965.jpg,/home/esteve/self-driving-ND/CarND-Behavioral-Cloning-P3/data_hard/IMG/right_2017_04_28_18_29_11_965.jpg,0.02255639,0.03755164,0,19.79234
/home/esteve/self-driving-ND/CarND-Behavioral-Cloning-P3/data_hard/IMG/center_2017_04_28_18_29_12_045.jpg,/home/esteve/self-driving-ND/CarND-Behavioral-Cloning-P3/data_hard/IMG/left_2017_04_28_18_29_12_045.jpg,/home/esteve/self-driving-ND/CarND-Behavioral-Cloning-P3/data_hard/IMG/right_2017_04_28_18_29_12_045.jpg,0.02255639,0,0,19.62967
/home/esteve/self-driving-ND/CarND-Behavioral-Cloning-P3/data_hard/IMG/center_2017_04_28_18_29_12_115.jpg,/home/esteve/self-driving-ND/CarND-Behavioral-Cloning-P3/data_hard/IMG/left_2017_04_28_18_29_12_115.jpg,/home/esteve/self-driving-ND/CarND-Behavioral-Cloning-P3/data_hard/IMG/right_2017_04_28_18_29_12_115.jpg,0.02255639,0.2111306,0,19.58156
/home/esteve/self-driving-ND/CarND-Behavioral-Cloning-P3/data_hard/IMG/center_2017_04_28_18_29_12_203.jpg,/home/esteve/self-driving-ND/CarND-Behavioral-Cloning-P3/data_hard/IMG/left_2017_04_28_18_29_12_203.jpg,/home/esteve/self-driving-ND/CarND-Behavioral-Cloning-P3/data_hard/IMG/right_2017_04_28_18_29_12_203.jpg,0,0.09475493,0,19.61277
/home/esteve/self-driving-ND/CarND-Behavioral-Cloning-P3/data_hard/IMG/center_2017_04_28_18_29_12_284.jpg,/home/esteve/self-driving-ND/CarND-Behavioral-Cloning-P3/data_hard/IMG/left_2017_04_28_18_29_12_284.jpg,/home/esteve/self-driving-ND/CarND-Behavioral-Cloning-P3/data_hard/IMG/right_2017_04_28_18_29_12_284.jpg,-0.01503759,0,0,19.46349
/home/esteve/self-driving-ND/CarND-Behavioral-Cloning-P3/data_hard/IMG/center_2017_04_28_18_29_12_368.jpg,/home/esteve/self-driving-ND/CarND-Behavioral-Cloning-P3/data_hard/IMG/left_2017_04_28_18_29_12_368.jpg,/home/esteve/self-driving-ND/CarND-Behavioral-Cloning-P3/data_hard/IMG/right_2017_04_28_18_29_12_368.jpg,-0.01503759,0,0,19.3079
/home/esteve/self-driving-ND/CarND-Behavioral-Cloning-P3/data_hard/IMG/center_2017_04_28_18_29_12_450.jpg,/home/esteve/self-driving-ND/CarND-Behavioral-Cloning-P3/data_hard/IMG/left_2017_04_28_18_29_12_450.jpg,/home/esteve/self-driving-ND/CarND-Behavioral-Cloning-P3/data_hard/IMG/right_2017_04_28_18_29_12_450.jpg,-0.01503759,0,0,19.15267
/home/esteve/self-driving-ND/CarND-Behavioral-Cloning-P3/data_hard/IMG/center_2017_04_28_18_29_12_533.jpg,/home/esteve/self-driving-ND/CarND-Behavioral-Cloning-P3/data_hard/IMG/left_2017_04_28_18_29_12_533.jpg,/home/esteve/self-driving-ND/CarND-Behavioral-Cloning-P3/data_hard/IMG/right_2017_04_28_18_29_12_533.jpg,-0.01503759,0,0,18.99802
/home/esteve/self-driving-ND/CarND-Behavioral-Cloning-P3/data_hard/IMG/center_2017_04_28_18_29_12_618.jpg,/home/esteve/self-driving-ND/CarND-Behavioral-Cloning-P3/data_hard/IMG/left_2017_04_28_18_29_12_618.jpg,/home/esteve/self-driving-ND/CarND-Behavioral-Cloning-P3/data_hard/IMG/right_2017_04_28_18_29_12_618.jpg,-0.01503759,0,0,18.84432
/home/esteve/self-driving-ND/CarND-Behavioral-Cloning-P3/data_hard/IMG/center_2017_04_28_18_29_12_704.jpg,/home/esteve/self-driving-ND/CarND-Behavioral-Cloning-P3/data_hard/IMG/left_2017_04_28_18_29_12_704.jpg,/home/esteve/self-driving-ND/CarND-Behavioral-Cloning-P3/data_hard/IMG/right_2017_04_28_18_29_12_704.jpg,-0.01503759,0,0,18.65792
/home/esteve/self-driving-ND/CarND-Behavioral-Cloning-P3/data_hard/IMG/center_2017_04_28_18_29_12_788.jpg,/home/esteve/self-driving-ND/CarND-Behavioral-Cloning-P3/data_hard/IMG/left_2017_04_28_18_29_12_788.jpg,/home/esteve/self-driving-ND/CarND-Behavioral-Cloning-P3/data_hard/IMG/right_2017_04_28_18_29_12_788.jpg,-0.01503759,0,0,18.50629
/home/esteve/self-driving-ND/CarND-Behavioral-Cloning-P3/data_hard/IMG/center_2017_04_28_18_29_12_860.jpg,/home/esteve/self-driving-ND/CarND-Behavioral-Cloning-P3/data_hard/IMG/left_2017_04_28_18_29_12_860.jpg,/home/esteve/self-driving-ND/CarND-Behavioral-Cloning-P3/data_hard/IMG/right_2017_04_28_18_29_12_860.jpg,-0.03007519,0,0,18.38674
/home/esteve/self-driving-ND/CarND-Behavioral-Cloning-P3/data_hard/IMG/center_2017_04_28_18_29_12_943.jpg,/home/esteve/self-driving-ND/CarND-Behavioral-Cloning-P3/data_hard/IMG/left_2017_04_28_18_29_12_943.jpg,/home/esteve/self-driving-ND/CarND-Behavioral-Cloning-P3/data_hard/IMG/right_2017_04_28_18_29_12_943.jpg,-0.03759398,0,0,18.1995
/home/esteve/self-driving-ND/CarND-Behavioral-Cloning-P3/data_hard/IMG/center_2017_04_28_18_29_13_025.jpg,/home/esteve/self-driving-ND/CarND-Behavioral-Cloning-P3/data_hard/IMG/left_2017_04_28_18_29_13_025.jpg,/home/esteve/self-driving-ND/CarND-Behavioral-Cloning-P3/data_hard/IMG/right_2017_04_28_18_29_13_025.jpg,-0.06015037,0.2485557,0,18.19585
/home/esteve/self-driving-ND/CarND-Behavioral-Cloning-P3/data_hard/IMG/center_2017_04_28_18_29_13_104.jpg,/home/esteve/self-driving-ND/CarND-Behavioral-Cloning-P3/data_hard/IMG/left_2017_04_28_18_29_13_104.jpg,/home/esteve/self-driving-ND/CarND-Behavioral-Cloning-P3/data_hard/IMG/right_2017_04_28_18_29_13_104.jpg,-0.07518797,0.4840558,0,18.41574
/home/esteve/self-driving-ND/CarND-Behavioral-Cloning-P3/data_hard/IMG/center_2017_04_28_18_29_13_186.jpg,/home/esteve/self-driving-ND/CarND-Behavioral-Cloning-P3/data_hard/IMG/left_2017_04_28_18_29_13_186.jpg,/home/esteve/self-driving-ND/CarND-Behavioral-Cloning-P3/data_hard/IMG/right_2017_04_28_18_29_13_186.jpg,-0.07518797,0.729588,0,18.87557
/home/esteve/self-driving-ND/CarND-Behavioral-Cloning-P3/data_hard/IMG/center_2017_04_28_18_29_13_270.jpg,/home/esteve/self-driving-ND/CarND-Behavioral-Cloning-P3/data_hard/IMG/left_2017_04_28_18_29_13_270.jpg,/home/esteve/self-driving-ND/CarND-Behavioral-Cloning-P3/data_hard/IMG/right_2017_04_28_18_29_13_270.jpg,-0.07518797,0.5999787,0,19.42466
/home/esteve/self-driving-ND/CarND-Behavioral-Cloning-P3/data_hard/IMG/center_2017_04_28_18_29_13_353.jpg,/home/esteve/self-driving-ND/CarND-Behavioral-Cloning-P3/data_hard/IMG/left_2017_04_28_18_29_13_353.jpg,/home/esteve/self-driving-ND/CarND-Behavioral-Cloning-P3/data_hard/IMG/right_2017_04_28_18_29_13_353.jpg,-0.07518797,0.3521161,0,19.71793
/home/esteve/self-driving-ND/CarND-Behavioral-Cloning-P3/data_hard/IMG/center_2017_04_28_18_29_13_434.jpg,/home/esteve/self-driving-ND/CarND-Behavioral-Cloning-P3/data_hard/IMG/left_2017_04_28_18_29_13_434.jpg,/home/esteve/self-driving-ND/CarND-Behavioral-Cloning-P3/data_hard/IMG/right_2017_04_28_18_29_13_434.jpg,-0.07518797,0.1083062,0,19.77562
/home/esteve/self-driving-ND/CarND-Behavioral-Cloning-P3/data_hard/IMG/center_2017_04_28_18_29_13_525.jpg,/home/esteve/self-driving-ND/CarND-Behavioral-Cloning-P3/data_hard/IMG/left_2017_04_28_18_29_13_525.jpg,/home/esteve/self-driving-ND/CarND-Behavioral-Cloning-P3/data_hard/IMG/right_2017_04_28_18_29_13_525.jpg,-0.1203007,0,0,19.59509
/home/esteve/self-driving-ND/CarND-Behavioral-Cloning-P3/data_hard/IMG/center_2017_04_28_18_29_13_607.jpg,/home/esteve/self-driving-ND/CarND-Behavioral-Cloning-P3/data_hard/IMG/left_2017_04_28_18_29_13_607.jpg,/home/esteve/self-driving-ND/CarND-Behavioral-Cloning-P3/data_hard/IMG/right_2017_04_28_18_29_13_607.jpg,-0.2105263,0,0,19.45132
/home/esteve/self-driving-ND/CarND-Behavioral-Cloning-P3/data_hard/IMG/center_2017_04_28_18_29_13_699.jpg,/home/esteve/self-driving-ND/CarND-Behavioral-Cloning-P3/data_hard/IMG/left_2017_04_28_18_29_13_699.jpg,/home/esteve/self-driving-ND/CarND-Behavioral-Cloning-P3/data_hard/IMG/right_2017_04_28_18_29_13_699.jpg,-0.2932331,0,0,19.31609
/home/esteve/self-driving-ND/CarND-Behavioral-Cloning-P3/data_hard/IMG/center_2017_04_28_18_29_13_768.jpg,/home/esteve/self-driving-ND/CarND-Behavioral-Cloning-P3/data_hard/IMG/left_2017_04_28_18_29_13_768.jpg,/home/esteve/self-driving-ND/CarND-Behavioral-Cloning-P3/data_hard/IMG/right_2017_04_28_18_29_13_768.jpg,-0.3609022,0,0,19.17717
/home/esteve/self-driving-ND/CarND-Behavioral-Cloning-P3/data_hard/IMG/center_2017_04_28_18_29_13_850.jpg,/home/esteve/self-driving-ND/CarND-Behavioral-Cloning-P3/data_hard/IMG/left_2017_04_28_18_29_13_850.jpg,/home/esteve/self-driving-ND/CarND-Behavioral-Cloning-P3/data_hard/IMG/right_2017_04_28_18_29_13_850.jpg,-0.4135338,0,0,19.04399
/home/esteve/self-driving-ND/CarND-Behavioral-Cloning-P3/data_hard/IMG/center_2017_04_28_18_29_13_938.jpg,/home/esteve/self-driving-ND/CarND-Behavioral-Cloning-P3/data_hard/IMG/left_2017_04_28_18_29_13_938.jpg,/home/esteve/self-driving-ND/CarND-Behavioral-Cloning-P3/data_hard/IMG/right_2017_04_28_18_29_13_938.jpg,-0.4736842,0,0,18.92809
/home/esteve/self-driving-ND/CarND-Behavioral-Cloning-P3/data_hard/IMG/center_2017_04_28_18_29_14_021.jpg,/home/esteve/self-driving-ND/CarND-Behavioral-Cloning-P3/data_hard/IMG/left_2017_04_28_18_29_14_021.jpg,/home/esteve/self-driving-ND/CarND-Behavioral-Cloning-P3/data_hard/IMG/right_2017_04_28_18_29_14_021.jpg,-0.5112782,0,0,18.87283
/home/esteve/self-driving-ND/CarND-Behavioral-Cloning-P3/data_hard/IMG/center_2017_04_28_18_29_14_105.jpg,/home/esteve/self-driving-ND/CarND-Behavioral-Cloning-P3/data_hard/IMG/left_2017_04_28_18_29_14_105.jpg,/home/esteve/self-driving-ND/CarND-Behavioral-Cloning-P3/data_hard/IMG/right_2017_04_28_18_29_14_105.jpg,-0.5488722,0,0,18.90149
/home/esteve/self-driving-ND/CarND-Behavioral-Cloning-P3/data_hard/IMG/center_2017_04_28_18_29_14_188.jpg,/home/esteve/self-driving-ND/CarND-Behavioral-Cloning-P3/data_hard/IMG/left_2017_04_28_18_29_14_188.jpg,/home/esteve/self-driving-ND/CarND-Behavioral-Cloning-P3/data_hard/IMG/right_2017_04_28_18_29_14_188.jpg,-0.5488722,0,0,18.72335
/home/esteve/self-driving-ND/CarND-Behavioral-Cloning-P3/data_hard/IMG/center_2017_04_28_18_29_14_274.jpg,/home/esteve/self-driving-ND/CarND-Behavioral-Cloning-P3/data_hard/IMG/left_2017_04_28_18_29_14_274.jpg,/home/esteve/self-driving-ND/CarND-Behavioral-Cloning-P3/data_hard/IMG/right_2017_04_28_18_29_14_274.jpg,-0.5263158,0,0,18.7915
/home/esteve/self-driving-ND/CarND-Behavioral-Cloning-P3/data_hard/IMG/center_2017_04_28_18_29_14_358.jpg,/home/esteve/self-driving-ND/CarND-Behavioral-Cloning-P3/data_hard/IMG/left_2017_04_28_18_29_14_358.jpg,/home/esteve/self-driving-ND/CarND-Behavioral-Cloning-P3/data_hard/IMG/right_2017_04_28_18_29_14_358.jpg,-0.4360902,0,0,18.90507
/home/esteve/self-driving-ND/CarND-Behavioral-Cloning-P3/data_hard/IMG/center_2017_04_28_18_29_14_425.jpg,/home/esteve/self-driving-ND/CarND-Behavioral-Cloning-P3/data_hard/IMG/left_2017_04_28_18_29_14_425.jpg,/home/esteve/self-driving-ND/CarND-Behavioral-Cloning-P3/data_hard/IMG/right_2017_04_28_18_29_14_425.jpg,-0.3834586,0,0,19.1276
/home/esteve/self-driving-ND/CarND-Behavioral-Cloning-P3/data_hard/IMG/center_2017_04_28_18_29_14_508.jpg,/home/esteve/self-driving-ND/CarND-Behavioral-Cloning-P3/data_hard/IMG/left_2017_04_28_18_29_14_508.jpg,/home/esteve/self-driving-ND/CarND-Behavioral-Cloning-P3/data_hard/IMG/right_2017_04_28_18_29_14_508.jpg,-0.3533835,0,0,19.32417
/home/esteve/self-driving-ND/CarND-Behavioral-Cloning-P3/data_hard/IMG/center_2017_04_28_18_29_14_598.jpg,/home/esteve/self-driving-ND/CarND-Behavioral-Cloning-P3/data_hard/IMG/left_2017_04_28_18_29_14_598.jpg,/home/esteve/self-driving-ND/CarND-Behavioral-Cloning-P3/data_hard/IMG/right_2017_04_28_18_29_14_598.jpg,-0.2481203,0,0,19.56943
/home/esteve/self-driving-ND/CarND-Behavioral-Cloning-P3/data_hard/IMG/center_2017_04_28_18_29_14_690.jpg,/home/esteve/self-driving-ND/CarND-Behavioral-Cloning-P3/data_hard/IMG/left_2017_04_28_18_29_14_690.jpg,/home/esteve/self-driving-ND/CarND-Behavioral-Cloning-P3/data_hard/IMG/right_2017_04_28_18_29_14_690.jpg,-0.1804511,0,0,19.99221
/home/esteve/self-driving-ND/CarND-Behavioral-Cloning-P3/data_hard/IMG/center_2017_04_28_18_29_14_774.jpg,/home/esteve/self-driving-ND/CarND-Behavioral-Cloning-P3/data_hard/IMG/left_2017_04_28_18_29_14_774.jpg,/home/esteve/self-driving-ND/CarND-Behavioral-Cloning-P3/data_hard/IMG/right_2017_04_28_18_29_14_774.jpg,-0.112782,0,0,19.83312
/home/esteve/self-driving-ND/CarND-Behavioral-Cloning-P3/data_hard/IMG/center_2017_04_28_18_29_14_855.jpg,/home/esteve/self-driving-ND/CarND-Behavioral-Cloning-P3/data_hard/IMG/left_2017_04_28_18_29_14_855.jpg,/home/esteve/self-driving-ND/CarND-Behavioral-Cloning-P3/data_hard/IMG/right_2017_04_28_18_29_14_855.jpg,-0.02255639,0,0,20.0679
/home/esteve/self-driving-ND/CarND-Behavioral-Cloning-P3/data_hard/IMG/center_2017_04_28_18_29_14_938.jpg,/home/esteve/self-driving-ND/CarND-Behavioral-Cloning-P3/data_hard/IMG/left_2017_04_28_18_29_14_938.jpg,/home/esteve/self-driving-ND/CarND-Behavioral-Cloning-P3/data_hard/IMG/right_2017_04_28_18_29_14_938.jpg,0.01503759,0,0,20.37006
/home/esteve/self-driving-ND/CarND-Behavioral-Cloning-P3/data_hard/IMG/center_2017_04_28_18_29_15_019.jpg,/home/esteve/self-driving-ND/CarND-Behavioral-Cloning-P3/data_hard/IMG/left_2017_04_28_18_29_15_019.jpg,/home/esteve/self-driving-ND/CarND-Behavioral-Cloning-P3/data_hard/IMG/right_2017_04_28_18_29_15_019.jpg,0.07518797,0,0,20.67218
/home/esteve/self-driving-ND/CarND-Behavioral-Cloning-P3/data_hard/IMG/center_2017_04_28_18_29_15_087.jpg,/home/esteve/self-driving-ND/CarND-Behavioral-Cloning-P3/data_hard/IMG/left_2017_04_28_18_29_15_087.jpg,/home/esteve/self-driving-ND/CarND-Behavioral-Cloning-P3/data_hard/IMG/right_2017_04_28_18_29_15_087.jpg,0.09774436,0,0,20.92319
/home/esteve/self-driving-ND/CarND-Behavioral-Cloning-P3/data_hard/IMG/center_2017_04_28_18_29_15_170.jpg,/home/esteve/self-driving-ND/CarND-Behavioral-Cloning-P3/data_hard/IMG/left_2017_04_28_18_29_15_170.jpg,/home/esteve/self-driving-ND/CarND-Behavioral-Cloning-P3/data_hard/IMG/right_2017_04_28_18_29_15_170.jpg,0.09774436,0,0,21.12707
/home/esteve/self-driving-ND/CarND-Behavioral-Cloning-P3/data_hard/IMG/center_2017_04_28_18_29_15_252.jpg,/home/esteve/self-driving-ND/CarND-Behavioral-Cloning-P3/data_hard/IMG/left_2017_04_28_18_29_15_252.jpg,/home/esteve/self-driving-ND/CarND-Behavioral-Cloning-P3/data_hard/IMG/right_2017_04_28_18_29_15_252.jpg,0.09774436,0,0,21.39724
/home/esteve/self-driving-ND/CarND-Behavioral-Cloning-P3/data_hard/IMG/center_2017_04_28_18_29_15_333.jpg,/home/esteve/self-driving-ND/CarND-Behavioral-Cloning-P3/data_hard/IMG/left_2017_04_28_18_29_15_333.jpg,/home/esteve/self-driving-ND/CarND-Behavioral-Cloning-P3/data_hard/IMG/right_2017_04_28_18_29_15_333.jpg,0.09774436,0,0,21.64322
/home/esteve/self-driving-ND/CarND-Behavioral-Cloning-P3/data_hard/IMG/center_2017_04_28_18_29_15_417.jpg,/home/esteve/self-driving-ND/CarND-Behavioral-Cloning-P3/data_hard/IMG/left_2017_04_28_18_29_15_417.jpg,/home/esteve/self-driving-ND/CarND-Behavioral-Cloning-P3/data_hard/IMG/right_2017_04_28_18_29_15_417.jpg,0.1428571,0,0,21.90706
/home/esteve/self-driving-ND/CarND-Behavioral-Cloning-P3/data_hard/IMG/center_2017_04_28_18_29_15_499.jpg,/home/esteve/self-driving-ND/CarND-Behavioral-Cloning-P3/data_hard/IMG/left_2017_04_28_18_29_15_499.jpg,/home/esteve/self-driving-ND/CarND-Behavioral-Cloning-P3/data_hard/IMG/right_2017_04_28_18_29_15_499.jpg,0.2406015,0,0,22.14867
/home/esteve/self-driving-ND/CarND-Behavioral-Cloning-P3/data_hard/IMG/center_2017_04_28_18_29_15_578.jpg,/home/esteve/self-driving-ND/CarND-Behavioral-Cloning-P3/data_hard/IMG/left_2017_04_28_18_29_15_578.jpg,/home/esteve/self-driving-ND/CarND-Behavioral-Cloning-P3/data_hard/IMG/right_2017_04_28_18_29_15_578.jpg,0.3007519,0,0,22.47051
/home/esteve/self-driving-ND/CarND-Behavioral-Cloning-P3/data_hard/IMG/center_2017_04_28_18_29_15_662.jpg,/home/esteve/self-driving-ND/CarND-Behavioral-Cloning-P3/data_hard/IMG/left_2017_04_28_18_29_15_662.jpg,/home/esteve/self-driving-ND/CarND-Behavioral-Cloning-P3/data_hard/IMG/right_2017_04_28_18_29_15_662.jpg,0.3609022,0,0,22.79039
/home/esteve/self-driving-ND/CarND-Behavioral-Cloning-P3/data_hard/IMG/center_2017_04_28_18_29_15_746.jpg,/home/esteve/self-driving-ND/CarND-Behavioral-Cloning-P3/data_hard/IMG/left_2017_04_28_18_29_15_746.jpg,/home/esteve/self-driving-ND/CarND-Behavioral-Cloning-P3/data_hard/IMG/right_2017_04_28_18_29_15_746.jpg,0.3759399,0,0,22.71458
/home/esteve/self-driving-ND/CarND-Behavioral-Cloning-P3/data_hard/IMG/center_2017_04_28_18_29_15_835.jpg,/home/esteve/self-driving-ND/CarND-Behavioral-Cloning-P3/data_hard/IMG/left_2017_04_28_18_29_15_835.jpg,/home/esteve/self-driving-ND/CarND-Behavioral-Cloning-P3/data_hard/IMG/right_2017_04_28_18_29_15_835.jpg,0.3759399,0,0,23.12827
/home/esteve/self-driving-ND/CarND-Behavioral-Cloning-P3/data_hard/IMG/center_2017_04_28_18_29_15_915.jpg,/home/esteve/self-driving-ND/CarND-Behavioral-Cloning-P3/data_hard/IMG/left_2017_04_28_18_29_15_915.jpg,/home/esteve/self-driving-ND/CarND-Behavioral-Cloning-P3/data_hard/IMG/right_2017_04_28_18_29_15_915.jpg,0.3759399,0,0,23.08216
/home/esteve/self-driving-ND/CarND-Behavioral-Cloning-P3/data_hard/IMG/center_2017_04_28_18_29_16_001.jpg,/home/esteve/self-driving-ND/CarND-Behavioral-Cloning-P3/data_hard/IMG/left_2017_04_28_18_29_16_001.jpg,/home/esteve/self-driving-ND/CarND-Behavioral-Cloning-P3/data_hard/IMG/right_2017_04_28_18_29_16_001.jpg,0.4210526,0,0,22.73455
/home/esteve/self-driving-ND/CarND-Behavioral-Cloning-P3/data_hard/IMG/center_2017_04_28_18_29_16_078.jpg,/home/esteve/self-driving-ND/CarND-Behavioral-Cloning-P3/data_hard/IMG/left_2017_04_28_18_29_16_078.jpg,/home/esteve/self-driving-ND/CarND-Behavioral-Cloning-P3/data_hard/IMG/right_2017_04_28_18_29_16_078.jpg,0.556391,0,0,23.00217
/home/esteve/self-driving-ND/CarND-Behavioral-Cloning-P3/data_hard/IMG/center_2017_04_28_18_29_16_159.jpg,/home/esteve/self-driving-ND/CarND-Behavioral-Cloning-P3/data_hard/IMG/left_2017_04_28_18_29_16_159.jpg,/home/esteve/self-driving-ND/CarND-Behavioral-Cloning-P3/data_hard/IMG/right_2017_04_28_18_29_16_159.jpg,0.6090226,0,0,22.2371
/home/esteve/self-driving-ND/CarND-Behavioral-Cloning-P3/data_hard/IMG/center_2017_04_28_18_29_16_251.jpg,/home/esteve/self-driving-ND/CarND-Behavioral-Cloning-P3/data_hard/IMG/left_2017_04_28_18_29_16_251.jpg,/home/esteve/self-driving-ND/CarND-Behavioral-Cloning-P3/data_hard/IMG/right_2017_04_28_18_29_16_251.jpg,0.6090226,0,0,22.05399
/home/esteve/self-driving-ND/CarND-Behavioral-Cloning-P3/data_hard/IMG/center_2017_04_28_18_29_16_332.jpg,/home/esteve/self-driving-ND/CarND-Behavioral-Cloning-P3/data_hard/IMG/left_2017_04_28_18_29_16_332.jpg,/home/esteve/self-driving-ND/CarND-Behavioral-Cloning-P3/data_hard/IMG/right_2017_04_28_18_29_16_332.jpg,0.6165413,0,0,21.87521
/home/esteve/self-driving-ND/CarND-Behavioral-Cloning-P3/data_hard/IMG/center_2017_04_28_18_29_16_415.jpg,/home/esteve/self-driving-ND/CarND-Behavioral-Cloning-P3/data_hard/IMG/left_2017_04_28_18_29_16_415.jpg,/home/esteve/self-driving-ND/CarND-Behavioral-Cloning-P3/data_hard/IMG/right_2017_04_28_18_29_16_415.jpg,0.6090226,0,0,21.68271
/home/esteve/self-driving-ND/CarND-Behavioral-Cloning-P3/data_hard/IMG/center_2017_04_28_18_29_16_482.jpg,/home/esteve/self-driving-ND/CarND-Behavioral-Cloning-P3/data_hard/IMG/left_2017_04_28_18_29_16_482.jpg,/home/esteve/self-driving-ND/CarND-Behavioral-Cloning-P3/data_hard/IMG/right_2017_04_28_18_29_16_482.jpg,0.6090226,0,0,21.42449
/home/esteve/self-driving-ND/CarND-Behavioral-Cloning-P3/data_hard/IMG/center_2017_04_28_18_29_16_570.jpg,/home/esteve/self-driving-ND/CarND-Behavioral-Cloning-P3/data_hard/IMG/left_2017_04_28_18_29_16_570.jpg,/home/esteve/self-driving-ND/CarND-Behavioral-Cloning-P3/data_hard/IMG/right_2017_04_28_18_29_16_570.jpg,0.6090226,0,0,21.27222
/home/esteve/self-driving-ND/CarND-Behavioral-Cloning-P3/data_hard/IMG/center_2017_04_28_18_29_16_661.jpg,/home/esteve/self-driving-ND/CarND-Behavioral-Cloning-P3/data_hard/IMG/left_2017_04_28_18_29_16_661.jpg,/home/esteve/self-driving-ND/CarND-Behavioral-Cloning-P3/data_hard/IMG/right_2017_04_28_18_29_16_661.jpg,0.6090226,0,0,21.09553
/home/esteve/self-driving-ND/CarND-Behavioral-Cloning-P3/data_hard/IMG/center_2017_04_28_18_29_16_751.jpg,/home/esteve/self-driving-ND/CarND-Behavioral-Cloning-P3/data_hard/IMG/left_2017_04_28_18_29_16_751.jpg,/home/esteve/self-driving-ND/CarND-Behavioral-Cloning-P3/data_hard/IMG/right_2017_04_28_18_29_16_751.jpg,0.6090226,0,0,21.03955
/home/esteve/self-driving-ND/CarND-Behavioral-Cloning-P3/data_hard/IMG/center_2017_04_28_18_29_16_836.jpg,/home/esteve/self-driving-ND/CarND-Behavioral-Cloning-P3/data_hard/IMG/left_2017_04_28_18_29_16_836.jpg,/home/esteve/self-driving-ND/CarND-Behavioral-Cloning-P3/data_hard/IMG/right_2017_04_28_18_29_16_836.jpg,0.5714286,0,0,20.8681
/home/esteve/self-driving-ND/CarND-Behavioral-Cloning-P3/data_hard/IMG/center_2017_04_28_18_29_16_921.jpg,/home/esteve/self-driving-ND/CarND-Behavioral-Cloning-P3/data_hard/IMG/left_2017_04_28_18_29_16_921.jpg,/home/esteve/self-driving-ND/CarND-Behavioral-Cloning-P3/data_hard/IMG/right_2017_04_28_18_29_16_921.jpg,0.4736842,0,0,20.73012
/home/esteve/self-driving-ND/CarND-Behavioral-Cloning-P3/data_hard/IMG/center_2017_04_28_18_29_17_011.jpg,/home/esteve/self-driving-ND/CarND-Behavioral-Cloning-P3/data_hard/IMG/left_2017_04_28_18_29_17_011.jpg,/home/esteve/self-driving-ND/CarND-Behavioral-Cloning-P3/data_hard/IMG/right_2017_04_28_18_29_17_011.jpg,0.3458647,0,0,20.33777
/home/esteve/self-driving-ND/CarND-Behavioral-Cloning-P3/data_hard/IMG/center_2017_04_28_18_29_17_095.jpg,/home/esteve/self-driving-ND/CarND-Behavioral-Cloning-P3/data_hard/IMG/left_2017_04_28_18_29_17_095.jpg,/home/esteve/self-driving-ND/CarND-Behavioral-Cloning-P3/data_hard/IMG/right_2017_04_28_18_29_17_095.jpg,0.2180451,0,0,20.17802
/home/esteve/self-driving-ND/CarND-Behavioral-Cloning-P3/data_hard/IMG/center_2017_04_28_18_29_17_179.jpg,/home/esteve/self-driving-ND/CarND-Behavioral-Cloning-P3/data_hard/IMG/left_2017_04_28_18_29_17_179.jpg,/home/esteve/self-driving-ND/CarND-Behavioral-Cloning-P3/data_hard/IMG/right_2017_04_28_18_29_17_179.jpg,0.1879699,0,0,20.00363
/home/esteve/self-driving-ND/CarND-Behavioral-Cloning-P3/data_hard/IMG/center_2017_04_28_18_29_17_267.jpg,/home/esteve/self-driving-ND/CarND-Behavioral-Cloning-P3/data_hard/IMG/left_2017_04_28_18_29_17_267.jpg,/home/esteve/self-driving-ND/CarND-Behavioral-Cloning-P3/data_hard/IMG/right_2017_04_28_18_29_17_267.jpg,0.08270676,0.2647405,0,20.25509
/home/esteve/self-driving-ND/CarND-Behavioral-Cloning-P3/data_hard/IMG/center_2017_04_28_18_29_17_337.jpg,/home/esteve/self-driving-ND/CarND-Behavioral-Cloning-P3/data_hard/IMG/left_2017_04_28_18_29_17_337.jpg,/home/esteve/self-driving-ND/CarND-Behavioral-Cloning-P3/data_hard/IMG/right_2017_04_28_18_29_17_337.jpg,0.03759398,0.4756315,0,20.11743
/home/esteve/self-driving-ND/CarND-Behavioral-Cloning-P3/data_hard/IMG/center_2017_04_28_18_29_17_419.jpg,/home/esteve/self-driving-ND/CarND-Behavioral-Cloning-P3/data_hard/IMG/left_2017_04_28_18_29_17_419.jpg,/home/esteve/self-driving-ND/CarND-Behavioral-Cloning-P3/data_hard/IMG/right_2017_04_28_18_29_17_419.jpg,0.05263158,0.343827,0,20.42772
/home/esteve/self-driving-ND/CarND-Behavioral-Cloning-P3/data_hard/IMG/center_2017_04_28_18_29_17_507.jpg,/home/esteve/self-driving-ND/CarND-Behavioral-Cloning-P3/data_hard/IMG/left_2017_04_28_18_29_17_507.jpg,/home/esteve/self-driving-ND/CarND-Behavioral-Cloning-P3/data_hard/IMG/right_2017_04_28_18_29_17_507.jpg,0.09774436,0.08021736,0,20.74133
/home/esteve/self-driving-ND/CarND-Behavioral-Cloning-P3/data_hard/IMG/center_2017_04_28_18_29_17_591.jpg,/home/esteve/self-driving-ND/CarND-Behavioral-Cloning-P3/data_hard/IMG/left_2017_04_28_18_29_17_591.jpg,/home/esteve/self-driving-ND/CarND-Behavioral-Cloning-P3/data_hard/IMG/right_2017_04_28_18_29_17_591.jpg,0.1278196,0,0,20.59583
/home/esteve/self-driving-ND/CarND-Behavioral-Cloning-P3/data_hard/IMG/center_2017_04_28_18_29_17_673.jpg,/home/esteve/self-driving-ND/CarND-Behavioral-Cloning-P3/data_hard/IMG/left_2017_04_28_18_29_17_673.jpg,/home/esteve/self-driving-ND/CarND-Behavioral-Cloning-P3/data_hard/IMG/right_2017_04_28_18_29_17_673.jpg,0.07518797,0,0,20.43362
/home/esteve/self-driving-ND/CarND-Behavioral-Cloning-P3/data_hard/IMG/center_2017_04_28_18_29_17_740.jpg,/home/esteve/self-driving-ND/CarND-Behavioral-Cloning-P3/data_hard/IMG/left_2017_04_28_18_29_17_740.jpg,/home/esteve/self-driving-ND/CarND-Behavioral-Cloning-P3/data_hard/IMG/right_2017_04_28_18_29_17_740.jpg,-0.3308271,0,0,19.99579
/home/esteve/self-driving-ND/CarND-Behavioral-Cloning-P3/data_hard/IMG/center_2017_04_28_18_29_17_827.jpg,/home/esteve/self-driving-ND/CarND-Behavioral-Cloning-P3/data_hard/IMG/left_2017_04_28_18_29_17_827.jpg,/home/esteve/self-driving-ND/CarND-Behavioral-Cloning-P3/data_hard/IMG/right_2017_04_28_18_29_17_827.jpg,-0.7744361,0.1868312,0,19.73007
/home/esteve/self-driving-ND/CarND-Behavioral-Cloning-P3/data_hard/IMG/center_2017_04_28_18_29_17_908.jpg,/home/esteve/self-driving-ND/CarND-Behavioral-Cloning-P3/data_hard/IMG/left_2017_04_28_18_29_17_908.jpg,/home/esteve/self-driving-ND/CarND-Behavioral-Cloning-P3/data_hard/IMG/right_2017_04_28_18_29_17_908.jpg,-0.7744361,0.433269,0,19.60474
/home/esteve/self-driving-ND/CarND-Behavioral-Cloning-P3/data_hard/IMG/center_2017_04_28_18_29_17_990.jpg,/home/esteve/self-driving-ND/CarND-Behavioral-Cloning-P3/data_hard/IMG/left_2017_04_28_18_29_17_990.jpg,/home/esteve/self-driving-ND/CarND-Behavioral-Cloning-P3/data_hard/IMG/right_2017_04_28_18_29_17_990.jpg,-0.7744361,0.1872604,0,19.6402
/home/esteve/self-driving-ND/CarND-Behavioral-Cloning-P3/data_hard/IMG/center_2017_04_28_18_29_18_058.jpg,/home/esteve/self-driving-ND/CarND-Behavioral-Cloning-P3/data_hard/IMG/left_2017_04_28_18_29_18_058.jpg,/home/esteve/self-driving-ND/CarND-Behavioral-Cloning-P3/data_hard/IMG/right_2017_04_28_18_29_18_058.jpg,-0.7744361,0,0,19.24295
/home/esteve/self-driving-ND/CarND-Behavioral-Cloning-P3/data_hard/IMG/center_2017_04_28_18_29_18_142.jpg,/home/esteve/self-driving-ND/CarND-Behavioral-Cloning-P3/data_hard/IMG/left_2017_04_28_18_29_18_142.jpg,/home/esteve/self-driving-ND/CarND-Behavioral-Cloning-P3/data_hard/IMG/right_2017_04_28_18_29_18_142.jpg,-0.6766918,0,0,19.35641
/home/esteve/self-driving-ND/CarND-Behavioral-Cloning-P3/data_hard/IMG/center_2017_04_28_18_29_18_223.jpg,/home/esteve/self-driving-ND/CarND-Behavioral-Cloning-P3/data_hard/IMG/left_2017_04_28_18_29_18_223.jpg,/home/esteve/self-driving-ND/CarND-Behavioral-Cloning-P3/data_hard/IMG/right_2017_04_28_18_29_18_223.jpg,-0.2481203,0,0,19.21779
/home/esteve/self-driving-ND/CarND-Behavioral-Cloning-P3/data_hard/IMG/center_2017_04_28_18_29_18_311.jpg,/home/esteve/self-driving-ND/CarND-Behavioral-Cloning-P3/data_hard/IMG/left_2017_04_28_18_29_18_311.jpg,/home/esteve/self-driving-ND/CarND-Behavioral-Cloning-P3/data_hard/IMG/right_2017_04_28_18_29_18_311.jpg,-0.1578947,0.1910727,0,19.11663
/home/esteve/self-driving-ND/CarND-Behavioral-Cloning-P3/data_hard/IMG/center_2017_04_28_18_29_18_393.jpg,/home/esteve/self-driving-ND/CarND-Behavioral-Cloning-P3/data_hard/IMG/left_2017_04_28_18_29_18_393.jpg,/home/esteve/self-driving-ND/CarND-Behavioral-Cloning-P3/data_hard/IMG/right_2017_04_28_18_29_18_393.jpg,-0.112782,0.4380205,0,19.25065
/home/esteve/self-driving-ND/CarND-Behavioral-Cloning-P3/data_hard/IMG/center_2017_04_28_18_29_18_476.jpg,/home/esteve/self-driving-ND/CarND-Behavioral-Cloning-P3/data_hard/IMG/left_2017_04_28_18_29_18_476.jpg,/home/esteve/self-driving-ND/CarND-Behavioral-Cloning-P3/data_hard/IMG/right_2017_04_28_18_29_18_476.jpg,-0.07518797,0.6863158,0,19.61667
/home/esteve/self-driving-ND/CarND-Behavioral-Cloning-P3/data_hard/IMG/center_2017_04_28_18_29_18_554.jpg,/home/esteve/self-driving-ND/CarND-Behavioral-Cloning-P3/data_hard/IMG/left_2017_04_28_18_29_18_554.jpg,/home/esteve/self-driving-ND/CarND-Behavioral-Cloning-P3/data_hard/IMG/right_2017_04_28_18_29_18_554.jpg,-0.07518797,0.5592599,0,20.10178
/home/esteve/self-driving-ND/CarND-Behavioral-Cloning-P3/data_hard/IMG/center_2017_04_28_18_29_18_639.jpg,/home/esteve/self-driving-ND/CarND-Behavioral-Cloning-P3/data_hard/IMG/left_2017_04_28_18_29_18_639.jpg,/home/esteve/self-driving-ND/CarND-Behavioral-Cloning-P3/data_hard/IMG/right_2017_04_28_18_29_18_639.jpg,-0.1052632,0.303561,0,20.37577
/home/esteve/self-driving-ND/CarND-Behavioral-Cloning-P3/data_hard/IMG/center_2017_04_28_18_29_18_724.jpg,/home/esteve/self-driving-ND/CarND-Behavioral-Cloning-P3/data_hard/IMG/left_2017_04_28_18_29_18_724.jpg,/home/esteve/self-driving-ND/CarND-Behavioral-Cloning-P3/data_hard/IMG/right_2017_04_28_18_29_18_724.jpg,-0.1879699,0.04935837,0,20.08916
/home/esteve/self-driving-ND/CarND-Behavioral-Cloning-P3/data_hard/IMG/center_2017_04_28_18_29_18_811.jpg,/home/esteve/self-driving-ND/CarND-Behavioral-Cloning-P3/data_hard/IMG/left_2017_04_28_18_29_18_811.jpg,/home/esteve/self-driving-ND/CarND-Behavioral-Cloning-P3/data_hard/IMG/right_2017_04_28_18_29_18_811.jpg,-0.1879699,0.1414204,0,19.93897
/home/esteve/self-driving-ND/CarND-Behavioral-Cloning-P3/data_hard/IMG/center_2017_04_28_18_29_18_891.jpg,/home/esteve/self-driving-ND/CarND-Behavioral-Cloning-P3/data_hard/IMG/left_2017_04_28_18_29_18_891.jpg,/home/esteve/self-driving-ND/CarND-Behavioral-Cloning-P3/data_hard/IMG/right_2017_04_28_18_29_18_891.jpg,-0.1879699,0.3824852,0,20.0626
/home/esteve/self-driving-ND/CarND-Behavioral-Cloning-P3/data_hard/IMG/center_2017_04_28_18_29_18_969.jpg,/home/esteve/self-driving-ND/CarND-Behavioral-Cloning-P3/data_hard/IMG/left_2017_04_28_18_29_18_969.jpg,/home/esteve/self-driving-ND/CarND-Behavioral-Cloning-P3/data_hard/IMG/right_2017_04_28_18_29_18_969.jpg,-0.1804511,0.6170554,0,20.42111
/home/esteve/self-driving-ND/CarND-Behavioral-Cloning-P3/data_hard/IMG/center_2017_04_28_18_29_19_051.jpg,/home/esteve/self-driving-ND/CarND-Behavioral-Cloning-P3/data_hard/IMG/left_2017_04_28_18_29_19_051.jpg,/home/esteve/self-driving-ND/CarND-Behavioral-Cloning-P3/data_hard/IMG/right_2017_04_28_18_29_19_051.jpg,-0.08270676,0.4923742,0,20.87361
/home/esteve/self-driving-ND/CarND-Behavioral-Cloning-P3/data_hard/IMG/center_2017_04_28_18_29_19_132.jpg,/home/esteve/self-driving-ND/CarND-Behavioral-Cloning-P3/data_hard/IMG/left_2017_04_28_18_29_19_132.jpg,/home/esteve/self-driving-ND/CarND-Behavioral-Cloning-P3/data_hard/IMG/right_2017_04_28_18_29_19_132.jpg,-0.06015037,0.2493982,0,21.0467
/home/esteve/self-driving-ND/CarND-Behavioral-Cloning-P3/data_hard/IMG/center_2017_04_28_18_29_19_211.jpg,/home/esteve/self-driving-ND/CarND-Behavioral-Cloning-P3/data_hard/IMG/left_2017_04_28_18_29_19_211.jpg,/home/esteve/self-driving-ND/CarND-Behavioral-Cloning-P3/data_hard/IMG/right_2017_04_28_18_29_19_211.jpg,-0.03759398,0.01351476,0,20.96968
/home/esteve/self-driving-ND/CarND-Behavioral-Cloning-P3/data_hard/IMG/center_2017_04_28_18_29_19_290.jpg,/home/esteve/self-driving-ND/CarND-Behavioral-Cloning-P3/data_hard/IMG/left_2017_04_28_18_29_19_290.jpg,/home/esteve/self-driving-ND/CarND-Behavioral-Cloning-P3/data_hard/IMG/right_2017_04_28_18_29_19_290.jpg,-0.01503759,0.1770301,0,20.8488
/home/esteve/self-driving-ND/CarND-Behavioral-Cloning-P3/data_hard/IMG/center_2017_04_28_18_29_19_369.jpg,/home/esteve/self-driving-ND/CarND-Behavioral-Cloning-P3/data_hard/IMG/left_2017_04_28_18_29_19_369.jpg,/home/esteve/self-driving-ND/CarND-Behavioral-Cloning-P3/data_hard/IMG/right_2017_04_28_18_29_19_369.jpg,-0.007518797,0.05882764,0,20.84601
/home/esteve/self-driving-ND/CarND-Behavioral-Cloning-P3/data_hard/IMG/center_2017_04_28_18_29_19_447.jpg,/home/esteve/self-driving-ND/CarND-Behavioral-Cloning-P3/data_hard/IMG/left_2017_04_28_18_29_19_447.jpg,/home/esteve/self-driving-ND/CarND-Behavioral-Cloning-P3/data_hard/IMG/right_2017_04_28_18_29_19_447.jpg,-0.007518797,0,0,20.66236
/home/esteve/self-driving-ND/CarND-Behavioral-Cloning-P3/data_hard/IMG/center_2017_04_28_18_29_19_523.jpg,/home/esteve/self-driving-ND/CarND-Behavioral-Cloning-P3/data_hard/IMG/left_2017_04_28_18_29_19_523.jpg,/home/esteve/self-driving-ND/CarND-Behavioral-Cloning-P3/data_hard/IMG/right_2017_04_28_18_29_19_523.jpg,-0.02255639,0,0,20.49048
/home/esteve/self-driving-ND/CarND-Behavioral-Cloning-P3/data_hard/IMG/center_2017_04_28_18_29_19_592.jpg,/home/esteve/self-driving-ND/CarND-Behavioral-Cloning-P3/data_hard/IMG/left_2017_04_28_18_29_19_592.jpg,/home/esteve/self-driving-ND/CarND-Behavioral-Cloning-P3/data_hard/IMG/right_2017_04_28_18_29_19_592.jpg,-0.02255639,0.071316,0,20.67859
/home/esteve/self-driving-ND/CarND-Behavioral-Cloning-P3/data_hard/IMG/center_2017_04_28_18_29_19_668.jpg,/home/esteve/self-driving-ND/CarND-Behavioral-Cloning-P3/data_hard/IMG/left_2017_04_28_18_29_19_668.jpg,/home/esteve/self-driving-ND/CarND-Behavioral-Cloning-P3/data_hard/IMG/right_2017_04_28_18_29_19_668.jpg,-0.02255639,0.3007228,0,20.67607
/home/esteve/self-driving-ND/CarND-Behavioral-Cloning-P3/data_hard/IMG/center_2017_04_28_18_29_19_757.jpg,/home/esteve/self-driving-ND/CarND-Behavioral-Cloning-P3/data_hard/IMG/left_2017_04_28_18_29_19_757.jpg,/home/esteve/self-driving-ND/CarND-Behavioral-Cloning-P3/data_hard/IMG/right_2017_04_28_18_29_19_757.jpg,-0.02255639,0.5667715,0,20.9139
/home/esteve/self-driving-ND/CarND-Behavioral-Cloning-P3/data_hard/IMG/center_2017_04_28_18_29_19_836.jpg,/home/esteve/self-driving-ND/CarND-Behavioral-Cloning-P3/data_hard/IMG/left_2017_04_28_18_29_19_836.jpg,/home/esteve/self-driving-ND/CarND-Behavioral-Cloning-P3/data_hard/IMG/right_2017_04_28_18_29_19_836.jpg,-0.02255639,0.8031836,0,21.37268
/home/esteve/self-driving-ND/CarND-Behavioral-Cloning-P3/data_hard/IMG/center_2017_04_28_18_29_19_914.jpg,/home/esteve/self-driving-ND/CarND-Behavioral-Cloning-P3/data_hard/IMG/left_2017_04_28_18_29_19_914.jpg,/home/esteve/self-driving-ND/CarND-Behavioral-Cloning-P3/data_hard/IMG/right_2017_04_28_18_29_19_914.jpg,-0.02255639,0.6678808,0,21.94809
/home/esteve/self-driving-ND/CarND-Behavioral-Cloning-P3/data_hard/IMG/center_2017_04_28_18_29_19_990.jpg,/home/esteve/self-driving-ND/CarND-Behavioral-Cloning-P3/data_hard/IMG/left_2017_04_28_18_29_19_990.jpg,/home/esteve/self-driving-ND/CarND-Behavioral-Cloning-P3/data_hard/IMG/right_2017_04_28_18_29_19_990.jpg,-0.02255639,0.4402914,0,22.30378
/home/esteve/self-driving-ND/CarND-Behavioral-Cloning-P3/data_hard/IMG/center_2017_04_28_18_29_20_069.jpg,/home/esteve/self-driving-ND/CarND-Behavioral-Cloning-P3/data_hard/IMG/left_2017_04_28_18_29_20_069.jpg,/home/esteve/self-driving-ND/CarND-Behavioral-Cloning-P3/data_hard/IMG/right_2017_04_28_18_29_20_069.jpg,-0.02255639,0.2031119,0,22.43054
/home/esteve/self-driving-ND/CarND-Behavioral-Cloning-P3/data_hard/IMG/center_2017_04_28_18_29_20_148.jpg,/home/esteve/self-driving-ND/CarND-Behavioral-Cloning-P3/data_hard/IMG/left_2017_04_28_18_29_20_148.jpg,/home/esteve/self-driving-ND/CarND-Behavioral-Cloning-P3/data_hard/IMG/right_2017_04_28_18_29_20_148.jpg,-0.02255639,0,0,22.32903
/home/esteve/self-driving-ND/CarND-Behavioral-Cloning-P3/data_hard/IMG/center_2017_04_28_18_29_20_228.jpg,/home/esteve/self-driving-ND/CarND-Behavioral-Cloning-P3/data_hard/IMG/left_2017_04_28_18_29_20_228.jpg,/home/esteve/self-driving-ND/CarND-Behavioral-Cloning-P3/data_hard/IMG/right_2017_04_28_18_29_20_228.jpg,-0.02255639,0.05975461,0,22.15268
/home/esteve/self-driving-ND/CarND-Behavioral-Cloning-P3/data_hard/IMG/center_2017_04_28_18_29_20_314.jpg,/home/esteve/self-driving-ND/CarND-Behavioral-Cloning-P3/data_hard/IMG/left_2017_04_28_18_29_20_314.jpg,/home/esteve/self-driving-ND/CarND-Behavioral-Cloning-P3/data_hard/IMG/right_2017_04_28_18_29_20_314.jpg,-0.02255639,0.3174577,0,22.15574
/home/esteve/self-driving-ND/CarND-Behavioral-Cloning-P3/data_hard/IMG/center_2017_04_28_18_29_20_394.jpg,/home/esteve/self-driving-ND/CarND-Behavioral-Cloning-P3/data_hard/IMG/left_2017_04_28_18_29_20_394.jpg,/home/esteve/self-driving-ND/CarND-Behavioral-Cloning-P3/data_hard/IMG/right_2017_04_28_18_29_20_394.jpg,-0.02255639,0.2006292,0,22.28515
/home/esteve/self-driving-ND/CarND-Behavioral-Cloning-P3/data_hard/IMG/center_2017_04_28_18_29_20_474.jpg,/home/esteve/self-driving-ND/CarND-Behavioral-Cloning-P3/data_hard/IMG/left_2017_04_28_18_29_20_474.jpg,/home/esteve/self-driving-ND/CarND-Behavioral-Cloning-P3/data_hard/IMG/right_2017_04_28_18_29_20_474.jpg,-0.02255639,0,0,22.18245
/home/esteve/self-driving-ND/CarND-Behavioral-Cloning-P3/data_hard/IMG/center_2017_04_28_18_29_20_554.jpg,/home/esteve/self-driving-ND/CarND-Behavioral-Cloning-P3/data_hard/IMG/left_2017_04_28_18_29_20_554.jpg,/home/esteve/self-driving-ND/CarND-Behavioral-Cloning-P3/data_hard/IMG/right_2017_04_28_18_29_20_554.jpg,-0.02255639,0,0,22.00997
/home/esteve/self-driving-ND/CarND-Behavioral-Cloning-P3/data_hard/IMG/center_2017_04_28_18_29_20_633.jpg,/home/esteve/self-driving-ND/CarND-Behavioral-Cloning-P3/data_hard/IMG/left_2017_04_28_18_29_20_633.jpg,/home/esteve/self-driving-ND/CarND-Behavioral-Cloning-P3/data_hard/IMG/right_2017_04_28_18_29_20_633.jpg,-0.02255639,0,0,21.84801
/home/esteve/self-driving-ND/CarND-Behavioral-Cloning-P3/data_hard/IMG/center_2017_04_28_18_29_20_713.jpg,/home/esteve/self-driving-ND/CarND-Behavioral-Cloning-P3/data_hard/IMG/left_2017_04_28_18_29_20_713.jpg,/home/esteve/self-driving-ND/CarND-Behavioral-Cloning-P3/data_hard/IMG/right_2017_04_28_18_29_20_713.jpg,-0.02255639,0.2399132,0,21.80168
/home/esteve/self-driving-ND/CarND-Behavioral-Cloning-P3/data_hard/IMG/center_2017_04_28_18_29_20_791.jpg,/home/esteve/self-driving-ND/CarND-Behavioral-Cloning-P3/data_hard/IMG/left_2017_04_28_18_29_20_791.jpg,/home/esteve/self-driving-ND/CarND-Behavioral-Cloning-P3/data_hard/IMG/right_2017_04_28_18_29_20_791.jpg,-0.02255639,0.4724908,0,21.9685
/home/esteve/self-driving-ND/CarND-Behavioral-Cloning-P3/data_hard/IMG/center_2017_04_28_18_29_20_868.jpg,/home/esteve/self-driving-ND/CarND-Behavioral-Cloning-P3/data_hard/IMG/left_2017_04_28_18_29_20_868.jpg,/home/esteve/self-driving-ND/CarND-Behavioral-Cloning-P3/data_hard/IMG/right_2017_04_28_18_29_20_868.jpg,-0.02255639,0.4921861,0,22.30979
/home/esteve/self-driving-ND/CarND-Behavioral-Cloning-P3/data_hard/IMG/center_2017_04_28_18_29_20_946.jpg,/home/esteve/self-driving-ND/CarND-Behavioral-Cloning-P3/data_hard/IMG/left_2017_04_28_18_29_20_946.jpg,/home/esteve/self-driving-ND/CarND-Behavioral-Cloning-P3/data_hard/IMG/right_2017_04_28_18_29_20_946.jpg,-0.02255639,0.2599504,0,22.48857
/home/esteve/self-driving-ND/CarND-Behavioral-Cloning-P3/data_hard/IMG/center_2017_04_28_18_29_21_028.jpg,/home/esteve/self-driving-ND/CarND-Behavioral-Cloning-P3/data_hard/IMG/left_2017_04_28_18_29_21_028.jpg,/home/esteve/self-driving-ND/CarND-Behavioral-Cloning-P3/data_hard/IMG/right_2017_04_28_18_29_21_028.jpg,-0.02255639,0.01164365,0,22.4434
/home/esteve/self-driving-ND/CarND-Behavioral-Cloning-P3/data_hard/IMG/center_2017_04_28_18_29_21_109.jpg,/home/esteve/self-driving-ND/CarND-Behavioral-Cloning-P3/data_hard/IMG/left_2017_04_28_18_29_21_109.jpg,/home/esteve/self-driving-ND/CarND-Behavioral-Cloning-P3/data_hard/IMG/right_2017_04_28_18_29_21_109.jpg,-0.02255639,0,0,22.27289
/home/esteve/self-driving-ND/CarND-Behavioral-Cloning-P3/data_hard/IMG/center_2017_04_28_18_29_21_187.jpg,/home/esteve/self-driving-ND/CarND-Behavioral-Cloning-P3/data_hard/IMG/left_2017_04_28_18_29_21_187.jpg,/home/esteve/self-driving-ND/CarND-Behavioral-Cloning-P3/data_hard/IMG/right_2017_04_28_18_29_21_187.jpg,-0.02255639,0,0,22.11073
/home/esteve/self-driving-ND/CarND-Behavioral-Cloning-P3/data_hard/IMG/center_2017_04_28_18_29_21_268.jpg,/home/esteve/self-driving-ND/CarND-Behavioral-Cloning-P3/data_hard/IMG/left_2017_04_28_18_29_21_268.jpg,/home/esteve/self-driving-ND/CarND-Behavioral-Cloning-P3/data_hard/IMG/right_2017_04_28_18_29_21_268.jpg,-0.03759398,0,0,21.94285
/home/esteve/self-driving-ND/CarND-Behavioral-Cloning-P3/data_hard/IMG/center_2017_04_28_18_29_21_347.jpg,/home/esteve/self-driving-ND/CarND-Behavioral-Cloning-P3/data_hard/IMG/left_2017_04_28_18_29_21_347.jpg,/home/esteve/self-driving-ND/CarND-Behavioral-Cloning-P3/data_hard/IMG/right_2017_04_28_18_29_21_347.jpg,-0.05263158,0.06833053,0,21.77163
/home/esteve/self-driving-ND/CarND-Behavioral-Cloning-P3/data_hard/IMG/center_2017_04_28_18_29_21_425.jpg,/home/esteve/self-driving-ND/CarND-Behavioral-Cloning-P3/data_hard/IMG/left_2017_04_28_18_29_21_425.jpg,/home/esteve/self-driving-ND/CarND-Behavioral-Cloning-P3/data_hard/IMG/right_2017_04_28_18_29_21_425.jpg,-0.05263158,0.3035159,0,21.7647
/home/esteve/self-driving-ND/CarND-Behavioral-Cloning-P3/data_hard/IMG/center_2017_04_28_18_29_21_503.jpg,/home/esteve/self-driving-ND/CarND-Behavioral-Cloning-P3/data_hard/IMG/left_2017_04_28_18_29_21_503.jpg,/home/esteve/self-driving-ND/CarND-Behavioral-Cloning-P3/data_hard/IMG/right_2017_04_28_18_29_21_503.jpg,-0.05263158,0.06876898,0,21.78175
/home/esteve/self-driving-ND/CarND-Behavioral-Cloning-P3/data_hard/IMG/center_2017_04_28_18_29_21_581.jpg,/home/esteve/self-driving-ND/CarND-Behavioral-Cloning-P3/data_hard/IMG/left_2017_04_28_18_29_21_581.jpg,/home/esteve/self-driving-ND/CarND-Behavioral-Cloning-P3/data_hard/IMG/right_2017_04_28_18_29_21_581.jpg,-0.05263158,0,0,21.45965
/home/esteve/self-driving-ND/CarND-Behavioral-Cloning-P3/data_hard/IMG/center_2017_04_28_18_29_21_660.jpg,/home/esteve/self-driving-ND/CarND-Behavioral-Cloning-P3/data_hard/IMG/left_2017_04_28_18_29_21_660.jpg,/home/esteve/self-driving-ND/CarND-Behavioral-Cloning-P3/data_hard/IMG/right_2017_04_28_18_29_21_660.jpg,-0.05263158,0,0,21.2502
/home/esteve/self-driving-ND/CarND-Behavioral-Cloning-P3/data_hard/IMG/center_2017_04_28_18_29_21_746.jpg,/home/esteve/self-driving-ND/CarND-Behavioral-Cloning-P3/data_hard/IMG/left_2017_04_28_18_29_21_746.jpg,/home/esteve/self-driving-ND/CarND-Behavioral-Cloning-P3/data_hard/IMG/right_2017_04_28_18_29_21_746.jpg,-0.05263158,0.1182153,0,21.33115
/home/esteve/self-driving-ND/CarND-Behavioral-Cloning-P3/data_hard/IMG/center_2017_04_28_18_29_21_819.jpg,/home/esteve/self-driving-ND/CarND-Behavioral-Cloning-P3/data_hard/IMG/left_2017_04_28_18_29_21_819.jpg,/home/esteve/self-driving-ND/CarND-Behavioral-Cloning-P3/data_hard/IMG/right_2017_04_28_18_29_21_819.jpg,-0.05263158,0.1377239,0,21.08975
/home/esteve/self-driving-ND/CarND-Behavioral-Cloning-P3/data_hard/IMG/center_2017_04_28_18_29_21_896.jpg,/home/esteve/self-driving-ND/CarND-Behavioral-Cloning-P3/data_hard/IMG/left_2017_04_28_18_29_21_896.jpg,/home/esteve/self-driving-ND/CarND-Behavioral-Cloning-P3/data_hard/IMG/right_2017_04_28_18_29_21_896.jpg,-0.05263158,0,0,20.93316
/home/esteve/self-driving-ND/CarND-Behavioral-Cloning-P3/data_hard/IMG/center_2017_04_28_18_29_21_976.jpg,/home/esteve/self-driving-ND/CarND-Behavioral-Cloning-P3/data_hard/IMG/left_2017_04_28_18_29_21_976.jpg,/home/esteve/self-driving-ND/CarND-Behavioral-Cloning-P3/data_hard/IMG/right_2017_04_28_18_29_21_976.jpg,-0.05263158,0,0,20.75534
/home/esteve/self-driving-ND/CarND-Behavioral-Cloning-P3/data_hard/IMG/center_2017_04_28_18_29_22_056.jpg,/home/esteve/self-driving-ND/CarND-Behavioral-Cloning-P3/data_hard/IMG/left_2017_04_28_18_29_22_056.jpg,/home/esteve/self-driving-ND/CarND-Behavioral-Cloning-P3/data_hard/IMG/right_2017_04_28_18_29_22_056.jpg,-0.05263158,0,0,20.5824
/home/esteve/self-driving-ND/CarND-Behavioral-Cloning-P3/data_hard/IMG/center_2017_04_28_18_29_22_137.jpg,/home/esteve/self-driving-ND/CarND-Behavioral-Cloning-P3/data_hard/IMG/left_2017_04_28_18_29_22_137.jpg,/home/esteve/self-driving-ND/CarND-Behavioral-Cloning-P3/data_hard/IMG/right_2017_04_28_18_29_22_137.jpg,-0.05263158,0.1898496,0,20.48262
/home/esteve/self-driving-ND/CarND-Behavioral-Cloning-P3/data_hard/IMG/center_2017_04_28_18_29_22_217.jpg,/home/esteve/self-driving-ND/CarND-Behavioral-Cloning-P3/data_hard/IMG/left_2017_04_28_18_29_22_217.jpg,/home/esteve/self-driving-ND/CarND-Behavioral-Cloning-P3/data_hard/IMG/right_2017_04_28_18_29_22_217.jpg,-0.05263158,0.2912979,0,20.63767
/home/esteve/self-driving-ND/CarND-Behavioral-Cloning-P3/data_hard/IMG/center_2017_04_28_18_29_22_293.jpg,/home/esteve/self-driving-ND/CarND-Behavioral-Cloning-P3/data_hard/IMG/left_2017_04_28_18_29_22_293.jpg,/home/esteve/self-driving-ND/CarND-Behavioral-Cloning-P3/data_hard/IMG/right_2017_04_28_18_29_22_293.jpg,-0.05263158,0.06282663,0,20.62183
/home/esteve/self-driving-ND/CarND-Behavioral-Cloning-P3/data_hard/IMG/center_2017_04_28_18_29_22_371.jpg,/home/esteve/self-driving-ND/CarND-Behavioral-Cloning-P3/data_hard/IMG/left_2017_04_28_18_29_22_371.jpg,/home/esteve/self-driving-ND/CarND-Behavioral-Cloning-P3/data_hard/IMG/right_2017_04_28_18_29_22_371.jpg,-0.05263158,0,0,20.43797
/home/esteve/self-driving-ND/CarND-Behavioral-Cloning-P3/data_hard/IMG/center_2017_04_28_18_29_22_453.jpg,/home/esteve/self-driving-ND/CarND-Behavioral-Cloning-P3/data_hard/IMG/left_2017_04_28_18_29_22_453.jpg,/home/esteve/self-driving-ND/CarND-Behavioral-Cloning-P3/data_hard/IMG/right_2017_04_28_18_29_22_453.jpg,-0.05263158,0,0,20.26723
/home/esteve/self-driving-ND/CarND-Behavioral-Cloning-P3/data_hard/IMG/center_2017_04_28_18_29_22_525.jpg,/home/esteve/self-driving-ND/CarND-Behavioral-Cloning-P3/data_hard/IMG/left_2017_04_28_18_29_22_525.jpg,/home/esteve/self-driving-ND/CarND-Behavioral-Cloning-P3/data_hard/IMG/right_2017_04_28_18_29_22_525.jpg,-0.05263158,0,0,20.09813
/home/esteve/self-driving-ND/CarND-Behavioral-Cloning-P3/data_hard/IMG/center_2017_04_28_18_29_22_608.jpg,/home/esteve/self-driving-ND/CarND-Behavioral-Cloning-P3/data_hard/IMG/left_2017_04_28_18_29_22_608.jpg,/home/esteve/self-driving-ND/CarND-Behavioral-Cloning-P3/data_hard/IMG/right_2017_04_28_18_29_22_608.jpg,-0.06766918,0.1240261,0,19.96472
/home/esteve/self-driving-ND/CarND-Behavioral-Cloning-P3/data_hard/IMG/center_2017_04_28_18_29_22_685.jpg,/home/esteve/self-driving-ND/CarND-Behavioral-Cloning-P3/data_hard/IMG/left_2017_04_28_18_29_22_685.jpg,/home/esteve/self-driving-ND/CarND-Behavioral-Cloning-P3/data_hard/IMG/right_2017_04_28_18_29_22_685.jpg,-0.08270676,0.3537569,0,20.06046
/home/esteve/self-driving-ND/CarND-Behavioral-Cloning-P3/data_hard/IMG/center_2017_04_28_18_29_22_758.jpg,/home/esteve/self-driving-ND/CarND-Behavioral-Cloning-P3/data_hard/IMG/left_2017_04_28_18_29_22_758.jpg,/home/esteve/self-driving-ND/CarND-Behavioral-Cloning-P3/data_hard/IMG/right_2017_04_28_18_29_22_758.jpg,-0.08270676,0.2284312,0,20.4498
/home/esteve/self-driving-ND/CarND-Behavioral-Cloning-P3/data_hard/IMG/center_2017_04_28_18_29_22_838.jpg,/home/esteve/self-driving-ND/CarND-Behavioral-Cloning-P3/data_hard/IMG/left_2017_04_28_18_29_22_838.jpg,/home/esteve/self-driving-ND/CarND-Behavioral-Cloning-P3/data_hard/IMG/right_2017_04_28_18_29_22_838.jpg,-0.08270676,0,0,20.40605
/home/esteve/self-driving-ND/CarND-Behavioral-Cloning-P3/data_hard/IMG/center_2017_04_28_18_29_22_914.jpg,/home/esteve/self-driving-ND/CarND-Behavioral-Cloning-P3/data_hard/IMG/left_2017_04_28_18_29_22_914.jpg,/home/esteve/self-driving-ND/CarND-Behavioral-Cloning-P3/data_hard/IMG/right_2017_04_28_18_29_22_914.jpg,-0.1278196,0.05672693,0,20.24346
/home/esteve/self-driving-ND/CarND-Behavioral-Cloning-P3/data_hard/IMG/center_2017_04_28_18_29_22_992.jpg,/home/esteve/self-driving-ND/CarND-Behavioral-Cloning-P3/data_hard/IMG/left_2017_04_28_18_29_22_992.jpg,/home/esteve/self-driving-ND/CarND-Behavioral-Cloning-P3/data_hard/IMG/right_2017_04_28_18_29_22_992.jpg,-0.2857143,0.2895627,0,20.20476
/home/esteve/self-driving-ND/CarND-Behavioral-Cloning-P3/data_hard/IMG/center_2017_04_28_18_29_23_069.jpg,/home/esteve/self-driving-ND/CarND-Behavioral-Cloning-P3/data_hard/IMG/left_2017_04_28_18_29_23_069.jpg,/home/esteve/self-driving-ND/CarND-Behavioral-Cloning-P3/data_hard/IMG/right_2017_04_28_18_29_23_069.jpg,-0.3458647,0.05787563,0,20.18816
/home/esteve/self-driving-ND/CarND-Behavioral-Cloning-P3/data_hard/IMG/center_2017_04_28_18_29_23_149.jpg,/home/esteve/self-driving-ND/CarND-Behavioral-Cloning-P3/data_hard/IMG/left_2017_04_28_18_29_23_149.jpg,/home/esteve/self-driving-ND/CarND-Behavioral-Cloning-P3/data_hard/IMG/right_2017_04_28_18_29_23_149.jpg,-0.3533835,0,0,20.01634
/home/esteve/self-driving-ND/CarND-Behavioral-Cloning-P3/data_hard/IMG/center_2017_04_28_18_29_23_221.jpg,/home/esteve/self-driving-ND/CarND-Behavioral-Cloning-P3/data_hard/IMG/left_2017_04_28_18_29_23_221.jpg,/home/esteve/self-driving-ND/CarND-Behavioral-Cloning-P3/data_hard/IMG/right_2017_04_28_18_29_23_221.jpg,-0.3533835,0,0,19.54724
/home/esteve/self-driving-ND/CarND-Behavioral-Cloning-P3/data_hard/IMG/center_2017_04_28_18_29_23_289.jpg,/home/esteve/self-driving-ND/CarND-Behavioral-Cloning-P3/data_hard/IMG/left_2017_04_28_18_29_23_289.jpg,/home/esteve/self-driving-ND/CarND-Behavioral-Cloning-P3/data_hard/IMG/right_2017_04_28_18_29_23_289.jpg,-0.3533835,0,0,19.36538
/home/esteve/self-driving-ND/CarND-Behavioral-Cloning-P3/data_hard/IMG/center_2017_04_28_18_29_23_357.jpg,/home/esteve/self-driving-ND/CarND-Behavioral-Cloning-P3/data_hard/IMG/left_2017_04_28_18_29_23_357.jpg,/home/esteve/self-driving-ND/CarND-Behavioral-Cloning-P3/data_hard/IMG/right_2017_04_28_18_29_23_357.jpg,-0.3533835,0,0,19.62474
/home/esteve/self-driving-ND/CarND-Behavioral-Cloning-P3/data_hard/IMG/center_2017_04_28_18_29_23_431.jpg,/home/esteve/self-driving-ND/CarND-Behavioral-Cloning-P3/data_hard/IMG/left_2017_04_28_18_29_23_431.jpg,/home/esteve/self-driving-ND/CarND-Behavioral-Cloning-P3/data_hard/IMG/right_2017_04_28_18_29_23_431.jpg,-0.3533835,0,0,19.47278
/home/esteve/self-driving-ND/CarND-Behavioral-Cloning-P3/data_hard/IMG/center_2017_04_28_18_29_23_504.jpg,/home/esteve/self-driving-ND/CarND-Behavioral-Cloning-P3/data_hard/IMG/left_2017_04_28_18_29_23_504.jpg,/home/esteve/self-driving-ND/CarND-Behavioral-Cloning-P3/data_hard/IMG/right_2017_04_28_18_29_23_504.jpg,-0.3533835,0,0,19.31841
/home/esteve/self-driving-ND/CarND-Behavioral-Cloning-P3/data_hard/IMG/center_2017_04_28_18_29_23_583.jpg,/home/esteve/self-driving-ND/CarND-Behavioral-Cloning-P3/data_hard/IMG/left_2017_04_28_18_29_23_583.jpg,/home/esteve/self-driving-ND/CarND-Behavioral-Cloning-P3/data_hard/IMG/right_2017_04_28_18_29_23_583.jpg,-0.368421,0,0,19.16276
/home/esteve/self-driving-ND/CarND-Behavioral-Cloning-P3/data_hard/IMG/center_2017_04_28_18_29_23_653.jpg,/home/esteve/self-driving-ND/CarND-Behavioral-Cloning-P3/data_hard/IMG/left_2017_04_28_18_29_23_653.jpg,/home/esteve/self-driving-ND/CarND-Behavioral-Cloning-P3/data_hard/IMG/right_2017_04_28_18_29_23_653.jpg,-0.368421,0,0,18.60132
/home/esteve/self-driving-ND/CarND-Behavioral-Cloning-P3/data_hard/IMG/center_2017_04_28_18_29_23_731.jpg,/home/esteve/self-driving-ND/CarND-Behavioral-Cloning-P3/data_hard/IMG/left_2017_04_28_18_29_23_731.jpg,/home/esteve/self-driving-ND/CarND-Behavioral-Cloning-P3/data_hard/IMG/right_2017_04_28_18_29_23_731.jpg,-0.3458647,0,0,18.44104
/home/esteve/self-driving-ND/CarND-Behavioral-Cloning-P3/data_hard/IMG/center_2017_04_28_18_29_23_808.jpg,/home/esteve/self-driving-ND/CarND-Behavioral-Cloning-P3/data_hard/IMG/left_2017_04_28_18_29_23_808.jpg,/home/esteve/self-driving-ND/CarND-Behavioral-Cloning-P3/data_hard/IMG/right_2017_04_28_18_29_23_808.jpg,-0.2105263,0.173682,0,18.36501
/home/esteve/self-driving-ND/CarND-Behavioral-Cloning-P3/data_hard/IMG/center_2017_04_28_18_29_23_879.jpg,/home/esteve/self-driving-ND/CarND-Behavioral-Cloning-P3/data_hard/IMG/left_2017_04_28_18_29_23_879.jpg,/home/esteve/self-driving-ND/CarND-Behavioral-Cloning-P3/data_hard/IMG/right_2017_04_28_18_29_23_879.jpg,-0.1578947,0.3837004,0,18.86331
/home/esteve/self-driving-ND/CarND-Behavioral-Cloning-P3/data_hard/IMG/center_2017_04_28_18_29_23_955.jpg,/home/esteve/self-driving-ND/CarND-Behavioral-Cloning-P3/data_hard/IMG/left_2017_04_28_18_29_23_955.jpg,/home/esteve/self-driving-ND/CarND-Behavioral-Cloning-P3/data_hard/IMG/right_2017_04_28_18_29_23_955.jpg,-0.1578947,0.1555717,0,18.99315
/home/esteve/self-driving-ND/CarND-Behavioral-Cloning-P3/data_hard/IMG/center_2017_04_28_18_29_24_024.jpg,/home/esteve/self-driving-ND/CarND-Behavioral-Cloning-P3/data_hard/IMG/left_2017_04_28_18_29_24_024.jpg,/home/esteve/self-driving-ND/CarND-Behavioral-Cloning-P3/data_hard/IMG/right_2017_04_28_18_29_24_024.jpg,-0.1578947,0,0,18.92603
/home/esteve/self-driving-ND/CarND-Behavioral-Cloning-P3/data_hard/IMG/center_2017_04_28_18_29_24_102.jpg,/home/esteve/self-driving-ND/CarND-Behavioral-Cloning-P3/data_hard/IMG/left_2017_04_28_18_29_24_102.jpg,/home/esteve/self-driving-ND/CarND-Behavioral-Cloning-P3/data_hard/IMG/right_2017_04_28_18_29_24_102.jpg,-0.1503759,0.05369997,0,18.78394
/home/esteve/self-driving-ND/CarND-Behavioral-Cloning-P3/data_hard/IMG/center_2017_04_28_18_29_24_178.jpg,/home/esteve/self-driving-ND/CarND-Behavioral-Cloning-P3/data_hard/IMG/left_2017_04_28_18_29_24_178.jpg,/home/esteve/self-driving-ND/CarND-Behavioral-Cloning-P3/data_hard/IMG/right_2017_04_28_18_29_24_178.jpg,-0.1203007,0.2818615,0,18.3758
/home/esteve/self-driving-ND/CarND-Behavioral-Cloning-P3/data_hard/IMG/center_2017_04_28_18_29_24_248.jpg,/home/esteve/self-driving-ND/CarND-Behavioral-Cloning-P3/data_hard/IMG/left_2017_04_28_18_29_24_248.jpg,/home/esteve/self-driving-ND/CarND-Behavioral-Cloning-P3/data_hard/IMG/right_2017_04_28_18_29_24_248.jpg,-0.09774436,0.1811121,0,18.50924
/home/esteve/self-driving-ND/CarND-Behavioral-Cloning-P3/data_hard/IMG/center_2017_04_28_18_29_24_325.jpg,/home/esteve/self-driving-ND/CarND-Behavioral-Cloning-P3/data_hard/IMG/left_2017_04_28_18_29_24_325.jpg,/home/esteve/self-driving-ND/CarND-Behavioral-Cloning-P3/data_hard/IMG/right_2017_04_28_18_29_24_325.jpg,-0.007518797,0.1908438,0,18.46247
/home/esteve/self-driving-ND/CarND-Behavioral-Cloning-P3/data_hard/IMG/center_2017_04_28_18_29_24_395.jpg,/home/esteve/self-driving-ND/CarND-Behavioral-Cloning-P3/data_hard/IMG/left_2017_04_28_18_29_24_395.jpg,/home/esteve/self-driving-ND/CarND-Behavioral-Cloning-P3/data_hard/IMG/right_2017_04_28_18_29_24_395.jpg,0.07518797,0.400943,0,18.96531
/home/esteve/self-driving-ND/CarND-Behavioral-Cloning-P3/data_hard/IMG/center_2017_04_28_18_29_24_469.jpg,/home/esteve/self-driving-ND/CarND-Behavioral-Cloning-P3/data_hard/IMG/left_2017_04_28_18_29_24_469.jpg,/home/esteve/self-driving-ND/CarND-Behavioral-Cloning-P3/data_hard/IMG/right_2017_04_28_18_29_24_469.jpg,0.1353384,0.6232367,0,19.27199
/home/esteve/self-driving-ND/CarND-Behavioral-Cloning-P3/data_hard/IMG/center_2017_04_28_18_29_24_544.jpg,/home/esteve/self-driving-ND/CarND-Behavioral-Cloning-P3/data_hard/IMG/left_2017_04_28_18_29_24_544.jpg,/home/esteve/self-driving-ND/CarND-Behavioral-Cloning-P3/data_hard/IMG/right_2017_04_28_18_29_24_544.jpg,0.1654135,0.8460796,0,19.78679
/home/esteve/self-driving-ND/CarND-Behavioral-Cloning-P3/data_hard/IMG/center_2017_04_28_18_29_24_617.jpg,/home/esteve/self-driving-ND/CarND-Behavioral-Cloning-P3/data_hard/IMG/left_2017_04_28_18_29_24_617.jpg,/home/esteve/self-driving-ND/CarND-Behavioral-Cloning-P3/data_hard/IMG/right_2017_04_28_18_29_24_617.jpg,0.2330827,0.6269624,0,20.04203
/home/esteve/self-driving-ND/CarND-Behavioral-Cloning-P3/data_hard/IMG/center_2017_04_28_18_29_24_697.jpg,/home/esteve/self-driving-ND/CarND-Behavioral-Cloning-P3/data_hard/IMG/left_2017_04_28_18_29_24_697.jpg,/home/esteve/self-driving-ND/CarND-Behavioral-Cloning-P3/data_hard/IMG/right_2017_04_28_18_29_24_697.jpg,0.2330827,0.385093,0,20.33264
/home/esteve/self-driving-ND/CarND-Behavioral-Cloning-P3/data_hard/IMG/center_2017_04_28_18_29_24_775.jpg,/home/esteve/self-driving-ND/CarND-Behavioral-Cloning-P3/data_hard/IMG/left_2017_04_28_18_29_24_775.jpg,/home/esteve/self-driving-ND/CarND-Behavioral-Cloning-P3/data_hard/IMG/right_2017_04_28_18_29_24_775.jpg,0.2330827,0.1510963,0,20.38003
/home/esteve/self-driving-ND/CarND-Behavioral-Cloning-P3/data_hard/IMG/center_2017_04_28_18_29_24_847.jpg,/home/esteve/self-driving-ND/CarND-Behavioral-Cloning-P3/data_hard/IMG/left_2017_04_28_18_29_24_847.jpg,/home/esteve/self-driving-ND/CarND-Behavioral-Cloning-P3/data_hard/IMG/right_2017_04_28_18_29_24_847.jpg,0.2030075,0.05544233,0,20.23809
/home/esteve/self-driving-ND/CarND-Behavioral-Cloning-P3/data_hard/IMG/center_2017_04_28_18_29_24_921.jpg,/home/esteve/self-driving-ND/CarND-Behavioral-Cloning-P3/data_hard/IMG/left_2017_04_28_18_29_24_921.jpg,/home/esteve/self-driving-ND/CarND-Behavioral-Cloning-P3/data_hard/IMG/right_2017_04_28_18_29_24_921.jpg,0.1954887,0.228987,0,20.5209
/home/esteve/self-driving-ND/CarND-Behavioral-Cloning-P3/data_hard/IMG/center_2017_04_28_18_29_24_993.jpg,/home/esteve/self-driving-ND/CarND-Behavioral-Cloning-P3/data_hard/IMG/left_2017_04_28_18_29_24_993.jpg,/home/esteve/self-driving-ND/CarND-Behavioral-Cloning-P3/data_hard/IMG/right_2017_04_28_18_29_24_993.jpg,0.1954887,0.4942195,0,20.70613
/home/esteve/self-driving-ND/CarND-Behavioral-Cloning-P3/data_hard/IMG/center_2017_04_28_18_29_25_065.jpg,/home/esteve/self-driving-ND/CarND-Behavioral-Cloning-P3/data_hard/IMG/left_2017_04_28_18_29_25_065.jpg,/home/esteve/self-driving-ND/CarND-Behavioral-Cloning-P3/data_hard/IMG/right_2017_04_28_18_29_25_065.jpg,0.1954887,0.3905089,0,21.00553
/home/esteve/self-driving-ND/CarND-Behavioral-Cloning-P3/data_hard/IMG/center_2017_04_28_18_29_25_137.jpg,/home/esteve/self-driving-ND/CarND-Behavioral-Cloning-P3/data_hard/IMG/left_2017_04_28_18_29_25_137.jpg,/home/esteve/self-driving-ND/CarND-Behavioral-Cloning-P3/data_hard/IMG/right_2017_04_28_18_29_25_137.jpg,0.1578947,0.1770351,0,20.85511
/home/esteve/self-driving-ND/CarND-Behavioral-Cloning-P3/data_hard/IMG/center_2017_04_28_18_29_25_212.jpg,/home/esteve/self-driving-ND/CarND-Behavioral-Cloning-P3/data_hard/IMG/left_2017_04_28_18_29_25_212.jpg,/home/esteve/self-driving-ND/CarND-Behavioral-Cloning-P3/data_hard/IMG/right_2017_04_28_18_29_25_212.jpg,0.09022556,0,0,20.72592
/home/esteve/self-driving-ND/CarND-Behavioral-Cloning-P3/data_hard/IMG/center_2017_04_28_18_29_25_281.jpg,/home/esteve/self-driving-ND/CarND-Behavioral-Cloning-P3/data_hard/IMG/left_2017_04_28_18_29_25_281.jpg,/home/esteve/self-driving-ND/CarND-Behavioral-Cloning-P3/data_hard/IMG/right_2017_04_28_18_29_25_281.jpg,0.02255639,0,0,20.90113
/home/esteve/self-driving-ND/CarND-Behavioral-Cloning-P3/data_hard/IMG/center_2017_04_28_18_29_25_356.jpg,/home/esteve/self-driving-ND/CarND-Behavioral-Cloning-P3/data_hard/IMG/left_2017_04_28_18_29_25_356.jpg,/home/esteve/self-driving-ND/CarND-Behavioral-Cloning-P3/data_hard/IMG/right_2017_04_28_18_29_25_356.jpg,-0.05263158,0,0,20.72832
/home/esteve/self-driving-ND/CarND-Behavioral-Cloning-P3/data_hard/IMG/center_2017_04_28_18_29_25_424.jpg,/home/esteve/self-driving-ND/CarND-Behavioral-Cloning-P3/data_hard/IMG/left_2017_04_28_18_29_25_424.jpg,/home/esteve/self-driving-ND/CarND-Behavioral-Cloning-P3/data_hard/IMG/right_2017_04_28_18_29_25_424.jpg,-0.05263158,0,0,20.56107
/home/esteve/self-driving-ND/CarND-Behavioral-Cloning-P3/data_hard/IMG/center_2017_04_28_18_29_25_499.jpg,/home/esteve/self-driving-ND/CarND-Behavioral-Cloning-P3/data_hard/IMG/left_2017_04_28_18_29_25_499.jpg,/home/esteve/self-driving-ND/CarND-Behavioral-Cloning-P3/data_hard/IMG/right_2017_04_28_18_29_25_499.jpg,-0.05263158,0,0,20.10802
/home/esteve/self-driving-ND/CarND-Behavioral-Cloning-P3/data_hard/IMG/center_2017_04_28_18_29_25_567.jpg,/home/esteve/self-driving-ND/CarND-Behavioral-Cloning-P3/data_hard/IMG/left_2017_04_28_18_29_25_567.jpg,/home/esteve/self-driving-ND/CarND-Behavioral-Cloning-P3/data_hard/IMG/right_2017_04_28_18_29_25_567.jpg,-0.05263158,0,0,19.93929
/home/esteve/self-driving-ND/CarND-Behavioral-Cloning-P3/data_hard/IMG/center_2017_04_28_18_29_25_643.jpg,/home/esteve/self-driving-ND/CarND-Behavioral-Cloning-P3/data_hard/IMG/left_2017_04_28_18_29_25_643.jpg,/home/esteve/self-driving-ND/CarND-Behavioral-Cloning-P3/data_hard/IMG/right_2017_04_28_18_29_25_643.jpg,-0.05263158,0.1165202,0,19.83081
/home/esteve/self-driving-ND/CarND-Behavioral-Cloning-P3/data_hard/IMG/center_2017_04_28_18_29_25_711.jpg,/home/esteve/self-driving-ND/CarND-Behavioral-Cloning-P3/data_hard/IMG/left_2017_04_28_18_29_25_711.jpg,/home/esteve/self-driving-ND/CarND-Behavioral-Cloning-P3/data_hard/IMG/right_2017_04_28_18_29_25_711.jpg,-0.05263158,0.3229079,0,20.17531
/home/esteve/self-driving-ND/CarND-Behavioral-Cloning-P3/data_hard/IMG/center_2017_04_28_18_29_25_786.jpg,/home/esteve/self-driving-ND/CarND-Behavioral-Cloning-P3/data_hard/IMG/left_2017_04_28_18_29_25_786.jpg,/home/esteve/self-driving-ND/CarND-Behavioral-Cloning-P3/data_hard/IMG/right_2017_04_28_18_29_25_786.jpg,-0.05263158,0.09746075,0,20.23759
/home/esteve/self-driving-ND/CarND-Behavioral-Cloning-P3/data_hard/IMG/center_2017_04_28_18_29_25_854.jpg,/home/esteve/self-driving-ND/CarND-Behavioral-Cloning-P3/data_hard/IMG/left_2017_04_28_18_29_25_854.jpg,/home/esteve/self-driving-ND/CarND-Behavioral-Cloning-P3/data_hard/IMG/right_2017_04_28_18_29_25_854.jpg,-0.05263158,0,0,19.81733
/home/esteve/self-driving-ND/CarND-Behavioral-Cloning-P3/data_hard/IMG/center_2017_04_28_18_29_25_925.jpg,/home/esteve/self-driving-ND/CarND-Behavioral-Cloning-P3/data_hard/IMG/left_2017_04_28_18_29_25_925.jpg,/home/esteve/self-driving-ND/CarND-Behavioral-Cloning-P3/data_hard/IMG/right_2017_04_28_18_29_25_925.jpg,-0.05263158,0,0,19.64855
/home/esteve/self-driving-ND/CarND-Behavioral-Cloning-P3/data_hard/IMG/center_2017_04_28_18_29_25_996.jpg,/home/esteve/self-driving-ND/CarND-Behavioral-Cloning-P3/data_hard/IMG/left_2017_04_28_18_29_25_996.jpg,/home/esteve/self-driving-ND/CarND-Behavioral-Cloning-P3/data_hard/IMG/right_2017_04_28_18_29_25_996.jpg,-0.1353384,0.2103868,0,19.91762
/home/esteve/self-driving-ND/CarND-Behavioral-Cloning-P3/data_hard/IMG/center_2017_04_28_18_29_26_063.jpg,/home/esteve/self-driving-ND/CarND-Behavioral-Cloning-P3/data_hard/IMG/left_2017_04_28_18_29_26_063.jpg,/home/esteve/self-driving-ND/CarND-Behavioral-Cloning-P3/data_hard/IMG/right_2017_04_28_18_29_26_063.jpg,-0.2706767,0.4112127,0,20.01221
/home/esteve/self-driving-ND/CarND-Behavioral-Cloning-P3/data_hard/IMG/center_2017_04_28_18_29_26_133.jpg,/home/esteve/self-driving-ND/CarND-Behavioral-Cloning-P3/data_hard/IMG/left_2017_04_28_18_29_26_133.jpg,/home/esteve/self-driving-ND/CarND-Behavioral-Cloning-P3/data_hard/IMG/right_2017_04_28_18_29_26_133.jpg,-0.3458647,0.6214314,0,20.00139
/home/esteve/self-driving-ND/CarND-Behavioral-Cloning-P3/data_hard/IMG/center_2017_04_28_18_29_26_203.jpg,/home/esteve/self-driving-ND/CarND-Behavioral-Cloning-P3/data_hard/IMG/left_2017_04_28_18_29_26_203.jpg,/home/esteve/self-driving-ND/CarND-Behavioral-Cloning-P3/data_hard/IMG/right_2017_04_28_18_29_26_203.jpg,-0.3909774,0.5221045,0,20.41972
/home/esteve/self-driving-ND/CarND-Behavioral-Cloning-P3/data_hard/IMG/center_2017_04_28_18_29_26_275.jpg,/home/esteve/self-driving-ND/CarND-Behavioral-Cloning-P3/data_hard/IMG/left_2017_04_28_18_29_26_275.jpg,/home/esteve/self-driving-ND/CarND-Behavioral-Cloning-P3/data_hard/IMG/right_2017_04_28_18_29_26_275.jpg,-0.4135338,0.3054056,0,20.76579
/home/esteve/self-driving-ND/CarND-Behavioral-Cloning-P3/data_hard/IMG/center_2017_04_28_18_29_26_353.jpg,/home/esteve/self-driving-ND/CarND-Behavioral-Cloning-P3/data_hard/IMG/left_2017_04_28_18_29_26_353.jpg,/home/esteve/self-driving-ND/CarND-Behavioral-Cloning-P3/data_hard/IMG/right_2017_04_28_18_29_26_353.jpg,-0.4586466,0.07260203,0,20.7715
/home/esteve/self-driving-ND/CarND-Behavioral-Cloning-P3/data_hard/IMG/center_2017_04_28_18_29_26_426.jpg,/home/esteve/self-driving-ND/CarND-Behavioral-Cloning-P3/data_hard/IMG/left_2017_04_28_18_29_26_426.jpg,/home/esteve/self-driving-ND/CarND-Behavioral-Cloning-P3/data_hard/IMG/right_2017_04_28_18_29_26_426.jpg,-0.4887218,0,0,20.60278
/home/esteve/self-driving-ND/CarND-Behavioral-Cloning-P3/data_hard/IMG/center_2017_04_28_18_29_26_499.jpg,/home/esteve/self-driving-ND/CarND-Behavioral-Cloning-P3/data_hard/IMG/left_2017_04_28_18_29_26_499.jpg,/home/esteve/self-driving-ND/CarND-Behavioral-Cloning-P3/data_hard/IMG/right_2017_04_28_18_29_26_499.jpg,-0.5112782,0,0,20.14582
/home/esteve/self-driving-ND/CarND-Behavioral-Cloning-P3/data_hard/IMG/center_2017_04_28_18_29_26_577.jpg,/home/esteve/self-driving-ND/CarND-Behavioral-Cloning-P3/data_hard/IMG/left_2017_04_28_18_29_26_577.jpg,/home/esteve/self-driving-ND/CarND-Behavioral-Cloning-P3/data_hard/IMG/right_2017_04_28_18_29_26_577.jpg,-0.5864662,0,0,19.92979
/home/esteve/self-driving-ND/CarND-Behavioral-Cloning-P3/data_hard/IMG/center_2017_04_28_18_29_26_648.jpg,/home/esteve/self-driving-ND/CarND-Behavioral-Cloning-P3/data_hard/IMG/left_2017_04_28_18_29_26_648.jpg,/home/esteve/self-driving-ND/CarND-Behavioral-Cloning-P3/data_hard/IMG/right_2017_04_28_18_29_26_648.jpg,-0.6766918,0,0,19.68468
/home/esteve/self-driving-ND/CarND-Behavioral-Cloning-P3/data_hard/IMG/center_2017_04_28_18_29_26_729.jpg,/home/esteve/self-driving-ND/CarND-Behavioral-Cloning-P3/data_hard/IMG/left_2017_04_28_18_29_26_729.jpg,/home/esteve/self-driving-ND/CarND-Behavioral-Cloning-P3/data_hard/IMG/right_2017_04_28_18_29_26_729.jpg,-0.7218045,0,0,19.44393
/home/esteve/self-driving-ND/CarND-Behavioral-Cloning-P3/data_hard/IMG/center_2017_04_28_18_29_26_804.jpg,/home/esteve/self-driving-ND/CarND-Behavioral-Cloning-P3/data_hard/IMG/left_2017_04_28_18_29_26_804.jpg,/home/esteve/self-driving-ND/CarND-Behavioral-Cloning-P3/data_hard/IMG/right_2017_04_28_18_29_26_804.jpg,-0.7744361,0,0,19.20882
/home/esteve/self-driving-ND/CarND-Behavioral-Cloning-P3/data_hard/IMG/center_2017_04_28_18_29_26_883.jpg,/home/esteve/self-driving-ND/CarND-Behavioral-Cloning-P3/data_hard/IMG/left_2017_04_28_18_29_26_883.jpg,/home/esteve/self-driving-ND/CarND-Behavioral-Cloning-P3/data_hard/IMG/right_2017_04_28_18_29_26_883.jpg,-0.7744361,0,0,19.00013
/home/esteve/self-driving-ND/CarND-Behavioral-Cloning-P3/data_hard/IMG/center_2017_04_28_18_29_26_955.jpg,/home/esteve/self-driving-ND/CarND-Behavioral-Cloning-P3/data_hard/IMG/left_2017_04_28_18_29_26_955.jpg,/home/esteve/self-driving-ND/CarND-Behavioral-Cloning-P3/data_hard/IMG/right_2017_04_28_18_29_26_955.jpg,-0.7518798,0,0,19.27851
/home/esteve/self-driving-ND/CarND-Behavioral-Cloning-P3/data_hard/IMG/center_2017_04_28_18_29_27_031.jpg,/home/esteve/self-driving-ND/CarND-Behavioral-Cloning-P3/data_hard/IMG/left_2017_04_28_18_29_27_031.jpg,/home/esteve/self-driving-ND/CarND-Behavioral-Cloning-P3/data_hard/IMG/right_2017_04_28_18_29_27_031.jpg,-0.7368421,0.2267547,0,19.19831
/home/esteve/self-driving-ND/CarND-Behavioral-Cloning-P3/data_hard/IMG/center_2017_04_28_18_29_27_113.jpg,/home/esteve/self-driving-ND/CarND-Behavioral-Cloning-P3/data_hard/IMG/left_2017_04_28_18_29_27_113.jpg,/home/esteve/self-driving-ND/CarND-Behavioral-Cloning-P3/data_hard/IMG/right_2017_04_28_18_29_27_113.jpg,-0.7218045,0.473244,0,19.35181
/home/esteve/self-driving-ND/CarND-Behavioral-Cloning-P3/data_hard/IMG/center_2017_04_28_18_29_27_188.jpg,/home/esteve/self-driving-ND/CarND-Behavioral-Cloning-P3/data_hard/IMG/left_2017_04_28_18_29_27_188.jpg,/home/esteve/self-driving-ND/CarND-Behavioral-Cloning-P3/data_hard/IMG/right_2017_04_28_18_29_27_188.jpg,-0.7218045,0.6986275,0,19.72677
/home/esteve/self-driving-ND/CarND-Behavioral-Cloning-P3/data_hard/IMG/center_2017_04_28_18_29_27_265.jpg,/home/esteve/self-driving-ND/CarND-Behavioral-Cloning-P3/data_hard/IMG/left_2017_04_28_18_29_27_265.jpg,/home/esteve/self-driving-ND/CarND-Behavioral-Cloning-P3/data_hard/IMG/right_2017_04_28_18_29_27_265.jpg,-0.6917293,0.9308667,0,20.30747
/home/esteve/self-driving-ND/CarND-Behavioral-Cloning-P3/data_hard/IMG/center_2017_04_28_18_29_27_340.jpg,/home/esteve/self-driving-ND/CarND-Behavioral-Cloning-P3/data_hard/IMG/left_2017_04_28_18_29_27_340.jpg,/home/esteve/self-driving-ND/CarND-Behavioral-Cloning-P3/data_hard/IMG/right_2017_04_28_18_29_27_340.jpg,-0.6090226,1,0,20.79324
/home/esteve/self-driving-ND/CarND-Behavioral-Cloning-P3/data_hard/IMG/center_2017_04_28_18_29_27_419.jpg,/home/esteve/self-driving-ND/CarND-Behavioral-Cloning-P3/data_hard/IMG/left_2017_04_28_18_29_27_419.jpg,/home/esteve/self-driving-ND/CarND-Behavioral-Cloning-P3/data_hard/IMG/right_2017_04_28_18_29_27_419.jpg,-0.481203,1,0,21.52821
/home/esteve/self-driving-ND/CarND-Behavioral-Cloning-P3/data_hard/IMG/center_2017_04_28_18_29_27_499.jpg,/home/esteve/self-driving-ND/CarND-Behavioral-Cloning-P3/data_hard/IMG/left_2017_04_28_18_29_27_499.jpg,/home/esteve/self-driving-ND/CarND-Behavioral-Cloning-P3/data_hard/IMG/right_2017_04_28_18_29_27_499.jpg,-0.3909774,0.7606783,0,22.32635
/home/esteve/self-driving-ND/CarND-Behavioral-Cloning-P3/data_hard/IMG/center_2017_04_28_18_29_27_580.jpg,/home/esteve/self-driving-ND/CarND-Behavioral-Cloning-P3/data_hard/IMG/left_2017_04_28_18_29_27_580.jpg,/home/esteve/self-driving-ND/CarND-Behavioral-Cloning-P3/data_hard/IMG/right_2017_04_28_18_29_27_580.jpg,-0.3909774,0.5188303,0,22.76377
/home/esteve/self-driving-ND/CarND-Behavioral-Cloning-P3/data_hard/IMG/center_2017_04_28_18_29_27_663.jpg,/home/esteve/self-driving-ND/CarND-Behavioral-Cloning-P3/data_hard/IMG/left_2017_04_28_18_29_27_663.jpg,/home/esteve/self-driving-ND/CarND-Behavioral-Cloning-P3/data_hard/IMG/right_2017_04_28_18_29_27_663.jpg,-0.3909774,0.2678349,0,22.892
/home/esteve/self-driving-ND/CarND-Behavioral-Cloning-P3/data_hard/IMG/center_2017_04_28_18_29_27_755.jpg,/home/esteve/self-driving-ND/CarND-Behavioral-Cloning-P3/data_hard/IMG/left_2017_04_28_18_29_27_755.jpg,/home/esteve/self-driving-ND/CarND-Behavioral-Cloning-P3/data_hard/IMG/right_2017_04_28_18_29_27_755.jpg,-0.3909774,0.3914862,0,22.6357
/home/esteve/self-driving-ND/CarND-Behavioral-Cloning-P3/data_hard/IMG/center_2017_04_28_18_29_27_836.jpg,/home/esteve/self-driving-ND/CarND-Behavioral-Cloning-P3/data_hard/IMG/left_2017_04_28_18_29_27_836.jpg,/home/esteve/self-driving-ND/CarND-Behavioral-Cloning-P3/data_hard/IMG/right_2017_04_28_18_29_27_836.jpg,-0.3909774,0.6475806,0,22.93813
/home/esteve/self-driving-ND/CarND-Behavioral-Cloning-P3/data_hard/IMG/center_2017_04_28_18_29_27_918.jpg,/home/esteve/self-driving-ND/CarND-Behavioral-Cloning-P3/data_hard/IMG/left_2017_04_28_18_29_27_918.jpg,/home/esteve/self-driving-ND/CarND-Behavioral-Cloning-P3/data_hard/IMG/right_2017_04_28_18_29_27_918.jpg,-0.3909774,0.893095,0,23.40581
/home/esteve/self-driving-ND/CarND-Behavioral-Cloning-P3/data_hard/IMG/center_2017_04_28_18_29_28_006.jpg,/home/esteve/self-driving-ND/CarND-Behavioral-Cloning-P3/data_hard/IMG/left_2017_04_28_18_29_28_006.jpg,/home/esteve/self-driving-ND/CarND-Behavioral-Cloning-P3/data_hard/IMG/right_2017_04_28_18_29_28_006.jpg,-0.3909774,0.9263351,0,23.97544
/home/esteve/self-driving-ND/CarND-Behavioral-Cloning-P3/data_hard/IMG/center_2017_04_28_18_29_28_091.jpg,/home/esteve/self-driving-ND/CarND-Behavioral-Cloning-P3/data_hard/IMG/left_2017_04_28_18_29_28_091.jpg,/home/esteve/self-driving-ND/CarND-Behavioral-Cloning-P3/data_hard/IMG/right_2017_04_28_18_29_28_091.jpg,-0.3458647,0.6699967,0,24.41341
/home/esteve/self-driving-ND/CarND-Behavioral-Cloning-P3/data_hard/IMG/center_2017_04_28_18_29_28_175.jpg,/home/esteve/self-driving-ND/CarND-Behavioral-Cloning-P3/data_hard/IMG/left_2017_04_28_18_29_28_175.jpg,/home/esteve/self-driving-ND/CarND-Behavioral-Cloning-P3/data_hard/IMG/right_2017_04_28_18_29_28_175.jpg,-0.3157895,0.419944,0,24.54606
/home/esteve/self-driving-ND/CarND-Behavioral-Cloning-P3/data_hard/IMG/center_2017_04_28_18_29_28_266.jpg,/home/esteve/self-driving-ND/CarND-Behavioral-Cloning-P3/data_hard/IMG/left_2017_04_28_18_29_28_266.jpg,/home/esteve/self-driving-ND/CarND-Behavioral-Cloning-P3/data_hard/IMG/right_2017_04_28_18_29_28_266.jpg,-0.3157895,0.1466076,0,23.9672
/home/esteve/self-driving-ND/CarND-Behavioral-Cloning-P3/data_hard/IMG/center_2017_04_28_18_29_28_347.jpg,/home/esteve/self-driving-ND/CarND-Behavioral-Cloning-P3/data_hard/IMG/left_2017_04_28_18_29_28_347.jpg,/home/esteve/self-driving-ND/CarND-Behavioral-Cloning-P3/data_hard/IMG/right_2017_04_28_18_29_28_347.jpg,-0.2781955,0,0,23.70932
/home/esteve/self-driving-ND/CarND-Behavioral-Cloning-P3/data_hard/IMG/center_2017_04_28_18_29_28_431.jpg,/home/esteve/self-driving-ND/CarND-Behavioral-Cloning-P3/data_hard/IMG/left_2017_04_28_18_29_28_431.jpg,/home/esteve/self-driving-ND/CarND-Behavioral-Cloning-P3/data_hard/IMG/right_2017_04_28_18_29_28_431.jpg,-0.1353384,0.05668545,0,23.28004
/home/esteve/self-driving-ND/CarND-Behavioral-Cloning-P3/data_hard/IMG/center_2017_04_28_18_29_28_525.jpg,/home/esteve/self-driving-ND/CarND-Behavioral-Cloning-P3/data_hard/IMG/left_2017_04_28_18_29_28_525.jpg,/home/esteve/self-driving-ND/CarND-Behavioral-Cloning-P3/data_hard/IMG/right_2017_04_28_18_29_28_525.jpg,-0.112782,0.3379169,0,23.00417
/home/esteve/self-driving-ND/CarND-Behavioral-Cloning-P3/data_hard/IMG/center_2017_04_28_18_29_28_609.jpg,/home/esteve/self-driving-ND/CarND-Behavioral-Cloning-P3/data_hard/IMG/left_2017_04_28_18_29_28_609.jpg,/home/esteve/self-driving-ND/CarND-Behavioral-Cloning-P3/data_hard/IMG/right_2017_04_28_18_29_28_609.jpg,-0.06015037,0.5894644,0,22.87964
/home/esteve/self-driving-ND/CarND-Behavioral-Cloning-P3/data_hard/IMG/center_2017_04_28_18_29_28_699.jpg,/home/esteve/self-driving-ND/CarND-Behavioral-Cloning-P3/data_hard/IMG/left_2017_04_28_18_29_28_699.jpg,/home/esteve/self-driving-ND/CarND-Behavioral-Cloning-P3/data_hard/IMG/right_2017_04_28_18_29_28_699.jpg,-0.03759398,0.8615041,0,23.06787
/home/esteve/self-driving-ND/CarND-Behavioral-Cloning-P3/data_hard/IMG/center_2017_04_28_18_29_28_766.jpg,/home/esteve/self-driving-ND/CarND-Behavioral-Cloning-P3/data_hard/IMG/left_2017_04_28_18_29_28_766.jpg,/home/esteve/self-driving-ND/CarND-Behavioral-Cloning-P3/data_hard/IMG/right_2017_04_28_18_29_28_766.jpg,-0.03759398,0.9153986,0,23.55095
/home/esteve/self-driving-ND/CarND-Behavioral-Cloning-P3/data_hard/IMG/center_2017_04_28_18_29_28_850.jpg,/home/esteve/self-driving-ND/CarND-Behavioral-Cloning-P3/data_hard/IMG/left_2017_04_28_18_29_28_850.jpg,/home/esteve/self-driving-ND/CarND-Behavioral-Cloning-P3/data_hard/IMG/right_2017_04_28_18_29_28_850.jpg,-0.03759398,0.6654654,0,23.70267
/home/esteve/self-driving-ND/CarND-Behavioral-Cloning-P3/data_hard/IMG/center_2017_04_28_18_29_28_940.jpg,/home/esteve/self-driving-ND/CarND-Behavioral-Cloning-P3/data_hard/IMG/left_2017_04_28_18_29_28_940.jpg,/home/esteve/self-driving-ND/CarND-Behavioral-Cloning-P3/data_hard/IMG/right_2017_04_28_18_29_28_940.jpg,-0.06766918,0.3949013,0,23.641
/home/esteve/self-driving-ND/CarND-Behavioral-Cloning-P3/data_hard/IMG/center_2017_04_28_18_29_29_023.jpg,/home/esteve/self-driving-ND/CarND-Behavioral-Cloning-P3/data_hard/IMG/left_2017_04_28_18_29_29_023.jpg,/home/esteve/self-driving-ND/CarND-Behavioral-Cloning-P3/data_hard/IMG/right_2017_04_28_18_29_29_023.jpg,-0.1203007,0.1464386,0,23.22376
/home/esteve/self-driving-ND/CarND-Behavioral-Cloning-P3/data_hard/IMG/center_2017_04_28_18_29_29_109.jpg,/home/esteve/self-driving-ND/CarND-Behavioral-Cloning-P3/data_hard/IMG/left_2017_04_28_18_29_29_109.jpg,/home/esteve/self-driving-ND/CarND-Behavioral-Cloning-P3/data_hard/IMG/right_2017_04_28_18_29_29_109.jpg,-0.1578947,0.2731082,0,22.73959
/home/esteve/self-driving-ND/CarND-Behavioral-Cloning-P3/data_hard/IMG/center_2017_04_28_18_29_29_198.jpg,/home/esteve/self-driving-ND/CarND-Behavioral-Cloning-P3/data_hard/IMG/left_2017_04_28_18_29_29_198.jpg,/home/esteve/self-driving-ND/CarND-Behavioral-Cloning-P3/data_hard/IMG/right_2017_04_28_18_29_29_198.jpg,-0.2105263,0.5387578,0,22.59677
/home/esteve/self-driving-ND/CarND-Behavioral-Cloning-P3/data_hard/IMG/center_2017_04_28_18_29_29_285.jpg,/home/esteve/self-driving-ND/CarND-Behavioral-Cloning-P3/data_hard/IMG/left_2017_04_28_18_29_29_285.jpg,/home/esteve/self-driving-ND/CarND-Behavioral-Cloning-P3/data_hard/IMG/right_2017_04_28_18_29_29_285.jpg,-0.2556391,0.8000729,0,22.75818
/home/esteve/self-driving-ND/CarND-Behavioral-Cloning-P3/data_hard/IMG/center_2017_04_28_18_29_29_378.jpg,/home/esteve/self-driving-ND/CarND-Behavioral-Cloning-P3/data_hard/IMG/left_2017_04_28_18_29_29_378.jpg,/home/esteve/self-driving-ND/CarND-Behavioral-Cloning-P3/data_hard/IMG/right_2017_04_28_18_29_29_378.jpg,-0.3157895,1,0,23.04927
/home/esteve/self-driving-ND/CarND-Behavioral-Cloning-P3/data_hard/IMG/center_2017_04_28_18_29_29_458.jpg,/home/esteve/self-driving-ND/CarND-Behavioral-Cloning-P3/data_hard/IMG/left_2017_04_28_18_29_29_458.jpg,/home/esteve/self-driving-ND/CarND-Behavioral-Cloning-P3/data_hard/IMG/right_2017_04_28_18_29_29_458.jpg,-0.3609022,1,0,23.46046
/home/esteve/self-driving-ND/CarND-Behavioral-Cloning-P3/data_hard/IMG/center_2017_04_28_18_29_29_544.jpg,/home/esteve/self-driving-ND/CarND-Behavioral-Cloning-P3/data_hard/IMG/left_2017_04_28_18_29_29_544.jpg,/home/esteve/self-driving-ND/CarND-Behavioral-Cloning-P3/data_hard/IMG/right_2017_04_28_18_29_29_544.jpg,-0.3834586,0.8080268,0,23.98454
/home/esteve/self-driving-ND/CarND-Behavioral-Cloning-P3/data_hard/IMG/center_2017_04_28_18_29_29_632.jpg,/home/esteve/self-driving-ND/CarND-Behavioral-Cloning-P3/data_hard/IMG/left_2017_04_28_18_29_29_632.jpg,/home/esteve/self-driving-ND/CarND-Behavioral-Cloning-P3/data_hard/IMG/right_2017_04_28_18_29_29_632.jpg,-0.406015,0.544189,0,24.05504
/home/esteve/self-driving-ND/CarND-Behavioral-Cloning-P3/data_hard/IMG/center_2017_04_28_18_29_29_701.jpg,/home/esteve/self-driving-ND/CarND-Behavioral-Cloning-P3/data_hard/IMG/left_2017_04_28_18_29_29_701.jpg,/home/esteve/self-driving-ND/CarND-Behavioral-Cloning-P3/data_hard/IMG/right_2017_04_28_18_29_29_701.jpg,-0.4285714,0.338131,0,23.97877
/home/esteve/self-driving-ND/CarND-Behavioral-Cloning-P3/data_hard/IMG/center_2017_04_28_18_29_29_786.jpg,/home/esteve/self-driving-ND/CarND-Behavioral-Cloning-P3/data_hard/IMG/left_2017_04_28_18_29_29_786.jpg,/home/esteve/self-driving-ND/CarND-Behavioral-Cloning-P3/data_hard/IMG/right_2017_04_28_18_29_29_786.jpg,-0.4436091,0.08391976,0,23.65248
/home/esteve/self-driving-ND/CarND-Behavioral-Cloning-P3/data_hard/IMG/center_2017_04_28_18_29_29_874.jpg,/home/esteve/self-driving-ND/CarND-Behavioral-Cloning-P3/data_hard/IMG/left_2017_04_28_18_29_29_874.jpg,/home/esteve/self-driving-ND/CarND-Behavioral-Cloning-P3/data_hard/IMG/right_2017_04_28_18_29_29_874.jpg,-0.4436091,0,0,23.16466
/home/esteve/self-driving-ND/CarND-Behavioral-Cloning-P3/data_hard/IMG/center_2017_04_28_18_29_29_955.jpg,/home/esteve/self-driving-ND/CarND-Behavioral-Cloning-P3/data_hard/IMG/left_2017_04_28_18_29_29_955.jpg,/home/esteve/self-driving-ND/CarND-Behavioral-Cloning-P3/data_hard/IMG/right_2017_04_28_18_29_29_955.jpg,-0.4436091,0,0,22.69808
/home/esteve/self-driving-ND/CarND-Behavioral-Cloning-P3/data_hard/IMG/center_2017_04_28_18_29_30_025.jpg,/home/esteve/self-driving-ND/CarND-Behavioral-Cloning-P3/data_hard/IMG/left_2017_04_28_18_29_30_025.jpg,/home/esteve/self-driving-ND/CarND-Behavioral-Cloning-P3/data_hard/IMG/right_2017_04_28_18_29_30_025.jpg,-0.4436091,0,0,22.2657
/home/esteve/self-driving-ND/CarND-Behavioral-Cloning-P3/data_hard/IMG/center_2017_04_28_18_29_30_110.jpg,/home/esteve/self-driving-ND/CarND-Behavioral-Cloning-P3/data_hard/IMG/left_2017_04_28_18_29_30_110.jpg,/home/esteve/self-driving-ND/CarND-Behavioral-Cloning-P3/data_hard/IMG/right_2017_04_28_18_29_30_110.jpg,-0.4436091,0,0,21.85223
/home/esteve/self-driving-ND/CarND-Behavioral-Cloning-P3/data_hard/IMG/center_2017_04_28_18_29_30_196.jpg,/home/esteve/self-driving-ND/CarND-Behavioral-Cloning-P3/data_hard/IMG/left_2017_04_28_18_29_30_196.jpg,/home/esteve/self-driving-ND/CarND-Behavioral-Cloning-P3/data_hard/IMG/right_2017_04_28_18_29_30_196.jpg,-0.4436091,0,0,21.46395
/home/esteve/self-driving-ND/CarND-Behavioral-Cloning-P3/data_hard/IMG/center_2017_04_28_18_29_30_279.jpg,/home/esteve/self-driving-ND/CarND-Behavioral-Cloning-P3/data_hard/IMG/left_2017_04_28_18_29_30_279.jpg,/home/esteve/self-driving-ND/CarND-Behavioral-Cloning-P3/data_hard/IMG/right_2017_04_28_18_29_30_279.jpg,-0.4436091,0,0,21.08998
/home/esteve/self-driving-ND/CarND-Behavioral-Cloning-P3/data_hard/IMG/center_2017_04_28_18_29_30_361.jpg,/home/esteve/self-driving-ND/CarND-Behavioral-Cloning-P3/data_hard/IMG/left_2017_04_28_18_29_30_361.jpg,/home/esteve/self-driving-ND/CarND-Behavioral-Cloning-P3/data_hard/IMG/right_2017_04_28_18_29_30_361.jpg,-0.4436091,0,0,20.7419
/home/esteve/self-driving-ND/CarND-Behavioral-Cloning-P3/data_hard/IMG/center_2017_04_28_18_29_30_443.jpg,/home/esteve/self-driving-ND/CarND-Behavioral-Cloning-P3/data_hard/IMG/left_2017_04_28_18_29_30_443.jpg,/home/esteve/self-driving-ND/CarND-Behavioral-Cloning-P3/data_hard/IMG/right_2017_04_28_18_29_30_443.jpg,-0.2857143,0,0,20.37918
/home/esteve/self-driving-ND/CarND-Behavioral-Cloning-P3/data_hard/IMG/center_2017_04_28_18_29_30_528.jpg,/home/esteve/self-driving-ND/CarND-Behavioral-Cloning-P3/data_hard/IMG/left_2017_04_28_18_29_30_528.jpg,/home/esteve/self-driving-ND/CarND-Behavioral-Cloning-P3/data_hard/IMG/right_2017_04_28_18_29_30_528.jpg,-0.1879699,0,0,20.11032
/home/esteve/self-driving-ND/CarND-Behavioral-Cloning-P3/data_hard/IMG/center_2017_04_28_18_29_30_616.jpg,/home/esteve/self-driving-ND/CarND-Behavioral-Cloning-P3/data_hard/IMG/left_2017_04_28_18_29_30_616.jpg,/home/esteve/self-driving-ND/CarND-Behavioral-Cloning-P3/data_hard/IMG/right_2017_04_28_18_29_30_616.jpg,-0.1278196,0,0,19.83435
/home/esteve/self-driving-ND/CarND-Behavioral-Cloning-P3/data_hard/IMG/center_2017_04_28_18_29_30_685.jpg,/home/esteve/self-driving-ND/CarND-Behavioral-Cloning-P3/data_hard/IMG/left_2017_04_28_18_29_30_685.jpg,/home/esteve/self-driving-ND/CarND-Behavioral-Cloning-P3/data_hard/IMG/right_2017_04_28_18_29_30_685.jpg,-0.07518797,0,0,19.57478
/home/esteve/self-driving-ND/CarND-Behavioral-Cloning-P3/data_hard/IMG/center_2017_04_28_18_29_30_769.jpg,/home/esteve/self-driving-ND/CarND-Behavioral-Cloning-P3/data_hard/IMG/left_2017_04_28_18_29_30_769.jpg,/home/esteve/self-driving-ND/CarND-Behavioral-Cloning-P3/data_hard/IMG/right_2017_04_28_18_29_30_769.jpg,0.1578947,0,0,19.36466
/home/esteve/self-driving-ND/CarND-Behavioral-Cloning-P3/data_hard/IMG/center_2017_04_28_18_29_30_841.jpg,/home/esteve/self-driving-ND/CarND-Behavioral-Cloning-P3/data_hard/IMG/left_2017_04_28_18_29_30_841.jpg,/home/esteve/self-driving-ND/CarND-Behavioral-Cloning-P3/data_hard/IMG/right_2017_04_28_18_29_30_841.jpg,0.6541353,0,0,19.24227
/home/esteve/self-driving-ND/CarND-Behavioral-Cloning-P3/data_hard/IMG/center_2017_04_28_18_29_30_926.jpg,/home/esteve/self-driving-ND/CarND-Behavioral-Cloning-P3/data_hard/IMG/left_2017_04_28_18_29_30_926.jpg,/home/esteve/self-driving-ND/CarND-Behavioral-Cloning-P3/data_hard/IMG/right_2017_04_28_18_29_30_926.jpg,0.6992481,0,0,18.78209
/home/esteve/self-driving-ND/CarND-Behavioral-Cloning-P3/data_hard/IMG/center_2017_04_28_18_29_31_005.jpg,/home/esteve/self-driving-ND/CarND-Behavioral-Cloning-P3/data_hard/IMG/left_2017_04_28_18_29_31_005.jpg,/home/esteve/self-driving-ND/CarND-Behavioral-Cloning-P3/data_hard/IMG/right_2017_04_28_18_29_31_005.jpg,0.6992481,0,0,18.35705
/home/esteve/self-driving-ND/CarND-Behavioral-Cloning-P3/data_hard/IMG/center_2017_04_28_18_29_31_091.jpg,/home/esteve/self-driving-ND/CarND-Behavioral-Cloning-P3/data_hard/IMG/left_2017_04_28_18_29_31_091.jpg,/home/esteve/self-driving-ND/CarND-Behavioral-Cloning-P3/data_hard/IMG/right_2017_04_28_18_29_31_091.jpg,0.6315789,0,0,18.23341
/home/esteve/self-driving-ND/CarND-Behavioral-Cloning-P3/data_hard/IMG/center_2017_04_28_18_29_31_177.jpg,/home/esteve/self-driving-ND/CarND-Behavioral-Cloning-P3/data_hard/IMG/left_2017_04_28_18_29_31_177.jpg,/home/esteve/self-driving-ND/CarND-Behavioral-Cloning-P3/data_hard/IMG/right_2017_04_28_18_29_31_177.jpg,0.6315789,0,0,18.22449
/home/esteve/self-driving-ND/CarND-Behavioral-Cloning-P3/data_hard/IMG/center_2017_04_28_18_29_31_268.jpg,/home/esteve/self-driving-ND/CarND-Behavioral-Cloning-P3/data_hard/IMG/left_2017_04_28_18_29_31_268.jpg,/home/esteve/self-driving-ND/CarND-Behavioral-Cloning-P3/data_hard/IMG/right_2017_04_28_18_29_31_268.jpg,0.6315789,0,0,18.11942
/home/esteve/self-driving-ND/CarND-Behavioral-Cloning-P3/data_hard/IMG/center_2017_04_28_18_29_31_343.jpg,/home/esteve/self-driving-ND/CarND-Behavioral-Cloning-P3/data_hard/IMG/left_2017_04_28_18_29_31_343.jpg,/home/esteve/self-driving-ND/CarND-Behavioral-Cloning-P3/data_hard/IMG/right_2017_04_28_18_29_31_343.jpg,0.4887218,0,0,18.06494
/home/esteve/self-driving-ND/CarND-Behavioral-Cloning-P3/data_hard/IMG/center_2017_04_28_18_29_31_434.jpg,/home/esteve/self-driving-ND/CarND-Behavioral-Cloning-P3/data_hard/IMG/left_2017_04_28_18_29_31_434.jpg,/home/esteve/self-driving-ND/CarND-Behavioral-Cloning-P3/data_hard/IMG/right_2017_04_28_18_29_31_434.jpg,0.1954887,0,0,18.21666
/home/esteve/self-driving-ND/CarND-Behavioral-Cloning-P3/data_hard/IMG/center_2017_04_28_18_29_31_519.jpg,/home/esteve/self-driving-ND/CarND-Behavioral-Cloning-P3/data_hard/IMG/left_2017_04_28_18_29_31_519.jpg,/home/esteve/self-driving-ND/CarND-Behavioral-Cloning-P3/data_hard/IMG/right_2017_04_28_18_29_31_519.jpg,0.1729323,0,0,18.32084
/home/esteve/self-driving-ND/CarND-Behavioral-Cloning-P3/data_hard/IMG/center_2017_04_28_18_29_31_596.jpg,/home/esteve/self-driving-ND/CarND-Behavioral-Cloning-P3/data_hard/IMG/left_2017_04_28_18_29_31_596.jpg,/home/esteve/self-driving-ND/CarND-Behavioral-Cloning-P3/data_hard/IMG/right_2017_04_28_18_29_31_596.jpg,0.1278196,0,0,18.33012
/home/esteve/self-driving-ND/CarND-Behavioral-Cloning-P3/data_hard/IMG/center_2017_04_28_18_29_31_679.jpg,/home/esteve/self-driving-ND/CarND-Behavioral-Cloning-P3/data_hard/IMG/left_2017_04_28_18_29_31_679.jpg,/home/esteve/self-driving-ND/CarND-Behavioral-Cloning-P3/data_hard/IMG/right_2017_04_28_18_29_31_679.jpg,0.02255639,0,0,18.55788
/home/esteve/self-driving-ND/CarND-Behavioral-Cloning-P3/data_hard/IMG/center_2017_04_28_18_29_31_754.jpg,/home/esteve/self-driving-ND/CarND-Behavioral-Cloning-P3/data_hard/IMG/left_2017_04_28_18_29_31_754.jpg,/home/esteve/self-driving-ND/CarND-Behavioral-Cloning-P3/data_hard/IMG/right_2017_04_28_18_29_31_754.jpg,-0.007518797,0,0,18.80989
/home/esteve/self-driving-ND/CarND-Behavioral-Cloning-P3/data_hard/IMG/center_2017_04_28_18_29_31_839.jpg,/home/esteve/self-driving-ND/CarND-Behavioral-Cloning-P3/data_hard/IMG/left_2017_04_28_18_29_31_839.jpg,/home/esteve/self-driving-ND/CarND-Behavioral-Cloning-P3/data_hard/IMG/right_2017_04_28_18_29_31_839.jpg,0,0.05656171,0,19.03269
/home/esteve/self-driving-ND/CarND-Behavioral-Cloning-P3/data_hard/IMG/center_2017_04_28_18_29_31_913.jpg,/home/esteve/self-driving-ND/CarND-Behavioral-Cloning-P3/data_hard/IMG/left_2017_04_28_18_29_31_913.jpg,/home/esteve/self-driving-ND/CarND-Behavioral-Cloning-P3/data_hard/IMG/right_2017_04_28_18_29_31_913.jpg,0.112782,0.2605526,0,19.29294
/home/esteve/self-driving-ND/CarND-Behavioral-Cloning-P3/data_hard/IMG/center_2017_04_28_18_29_32_001.jpg,/home/esteve/self-driving-ND/CarND-Behavioral-Cloning-P3/data_hard/IMG/left_2017_04_28_18_29_32_001.jpg,/home/esteve/self-driving-ND/CarND-Behavioral-Cloning-P3/data_hard/IMG/right_2017_04_28_18_29_32_001.jpg,0.2781955,0.5279696,0,19.91137
/home/esteve/self-driving-ND/CarND-Behavioral-Cloning-P3/data_hard/IMG/center_2017_04_28_18_29_32_068.jpg,/home/esteve/self-driving-ND/CarND-Behavioral-Cloning-P3/data_hard/IMG/left_2017_04_28_18_29_32_068.jpg,/home/esteve/self-driving-ND/CarND-Behavioral-Cloning-P3/data_hard/IMG/right_2017_04_28_18_29_32_068.jpg,0.3082707,0.7287118,0,20.8593
/home/esteve/self-driving-ND/CarND-Behavioral-Cloning-P3/data_hard/IMG/center_2017_04_28_18_29_32_151.jpg,/home/esteve/self-driving-ND/CarND-Behavioral-Cloning-P3/data_hard/IMG/left_2017_04_28_18_29_32_151.jpg,/home/esteve/self-driving-ND/CarND-Behavioral-Cloning-P3/data_hard/IMG/right_2017_04_28_18_29_32_151.jpg,0.3157895,0.4662452,0,21.63099
/home/esteve/self-driving-ND/CarND-Behavioral-Cloning-P3/data_hard/IMG/center_2017_04_28_18_29_32_239.jpg,/home/esteve/self-driving-ND/CarND-Behavioral-Cloning-P3/data_hard/IMG/left_2017_04_28_18_29_32_239.jpg,/home/esteve/self-driving-ND/CarND-Behavioral-Cloning-P3/data_hard/IMG/right_2017_04_28_18_29_32_239.jpg,0.3233083,0.2022271,0,22.2507
/home/esteve/self-driving-ND/CarND-Behavioral-Cloning-P3/data_hard/IMG/center_2017_04_28_18_29_32_306.jpg,/home/esteve/self-driving-ND/CarND-Behavioral-Cloning-P3/data_hard/IMG/left_2017_04_28_18_29_32_306.jpg,/home/esteve/self-driving-ND/CarND-Behavioral-Cloning-P3/data_hard/IMG/right_2017_04_28_18_29_32_306.jpg,0.3308271,0.000374794,0,22.56956
/home/esteve/self-driving-ND/CarND-Behavioral-Cloning-P3/data_hard/IMG/center_2017_04_28_18_29_32_376.jpg,/home/esteve/self-driving-ND/CarND-Behavioral-Cloning-P3/data_hard/IMG/left_2017_04_28_18_29_32_376.jpg,/home/esteve/self-driving-ND/CarND-Behavioral-Cloning-P3/data_hard/IMG/right_2017_04_28_18_29_32_376.jpg,0.3383459,0,0,22.61085
/home/esteve/self-driving-ND/CarND-Behavioral-Cloning-P3/data_hard/IMG/center_2017_04_28_18_29_32_445.jpg,/home/esteve/self-driving-ND/CarND-Behavioral-Cloning-P3/data_hard/IMG/left_2017_04_28_18_29_32_445.jpg,/home/esteve/self-driving-ND/CarND-Behavioral-Cloning-P3/data_hard/IMG/right_2017_04_28_18_29_32_445.jpg,0.3984962,0.1317873,0,22.84809
/home/esteve/self-driving-ND/CarND-Behavioral-Cloning-P3/data_hard/IMG/center_2017_04_28_18_29_32_533.jpg,/home/esteve/self-driving-ND/CarND-Behavioral-Cloning-P3/data_hard/IMG/left_2017_04_28_18_29_32_533.jpg,/home/esteve/self-driving-ND/CarND-Behavioral-Cloning-P3/data_hard/IMG/right_2017_04_28_18_29_32_533.jpg,0.481203,0.3933992,0,23.33297
/home/esteve/self-driving-ND/CarND-Behavioral-Cloning-P3/data_hard/IMG/center_2017_04_28_18_29_32_623.jpg,/home/esteve/self-driving-ND/CarND-Behavioral-Cloning-P3/data_hard/IMG/left_2017_04_28_18_29_32_623.jpg,/home/esteve/self-driving-ND/CarND-Behavioral-Cloning-P3/data_hard/IMG/right_2017_04_28_18_29_32_623.jpg,0.481203,0.5094123,0,24.1108
/home/esteve/self-driving-ND/CarND-Behavioral-Cloning-P3/data_hard/IMG/center_2017_04_28_18_29_32_692.jpg,/home/esteve/self-driving-ND/CarND-Behavioral-Cloning-P3/data_hard/IMG/left_2017_04_28_18_29_32_692.jpg,/home/esteve/self-driving-ND/CarND-Behavioral-Cloning-P3/data_hard/IMG/right_2017_04_28_18_29_32_692.jpg,0.481203,0.3019652,0,24.54755
/home/esteve/self-driving-ND/CarND-Behavioral-Cloning-P3/data_hard/IMG/center_2017_04_28_18_29_32_783.jpg,/home/esteve/self-driving-ND/CarND-Behavioral-Cloning-P3/data_hard/IMG/left_2017_04_28_18_29_32_783.jpg,/home/esteve/self-driving-ND/CarND-Behavioral-Cloning-P3/data_hard/IMG/right_2017_04_28_18_29_32_783.jpg,0.4586466,0.0279572,0,24.95996
/home/esteve/self-driving-ND/CarND-Behavioral-Cloning-P3/data_hard/IMG/center_2017_04_28_18_29_32_872.jpg,/home/esteve/self-driving-ND/CarND-Behavioral-Cloning-P3/data_hard/IMG/left_2017_04_28_18_29_32_872.jpg,/home/esteve/self-driving-ND/CarND-Behavioral-Cloning-P3/data_hard/IMG/right_2017_04_28_18_29_32_872.jpg,0.3233083,0,0,25.11812
/home/esteve/self-driving-ND/CarND-Behavioral-Cloning-P3/data_hard/IMG/center_2017_04_28_18_29_32_961.jpg,/home/esteve/self-driving-ND/CarND-Behavioral-Cloning-P3/data_hard/IMG/left_2017_04_28_18_29_32_961.jpg,/home/esteve/self-driving-ND/CarND-Behavioral-Cloning-P3/data_hard/IMG/right_2017_04_28_18_29_32_961.jpg,0.2255639,0,0,25.31537
/home/esteve/self-driving-ND/CarND-Behavioral-Cloning-P3/data_hard/IMG/center_2017_04_28_18_29_33_047.jpg,/home/esteve/self-driving-ND/CarND-Behavioral-Cloning-P3/data_hard/IMG/left_2017_04_28_18_29_33_047.jpg,/home/esteve/self-driving-ND/CarND-Behavioral-Cloning-P3/data_hard/IMG/right_2017_04_28_18_29_33_047.jpg,0.1954887,0.06198621,0,25.4503
/home/esteve/self-driving-ND/CarND-Behavioral-Cloning-P3/data_hard/IMG/center_2017_04_28_18_29_33_118.jpg,/home/esteve/self-driving-ND/CarND-Behavioral-Cloning-P3/data_hard/IMG/left_2017_04_28_18_29_33_118.jpg,/home/esteve/self-driving-ND/CarND-Behavioral-Cloning-P3/data_hard/IMG/right_2017_04_28_18_29_33_118.jpg,0.1578947,0.2769127,0,25.65302
/home/esteve/self-driving-ND/CarND-Behavioral-Cloning-P3/data_hard/IMG/center_2017_04_28_18_29_33_207.jpg,/home/esteve/self-driving-ND/CarND-Behavioral-Cloning-P3/data_hard/IMG/left_2017_04_28_18_29_33_207.jpg,/home/esteve/self-driving-ND/CarND-Behavioral-Cloning-P3/data_hard/IMG/right_2017_04_28_18_29_33_207.jpg,0.1578947,0.5397456,0,26.15081
/home/esteve/self-driving-ND/CarND-Behavioral-Cloning-P3/data_hard/IMG/center_2017_04_28_18_29_33_289.jpg,/home/esteve/self-driving-ND/CarND-Behavioral-Cloning-P3/data_hard/IMG/left_2017_04_28_18_29_33_289.jpg,/home/esteve/self-driving-ND/CarND-Behavioral-Cloning-P3/data_hard/IMG/right_2017_04_28_18_29_33_289.jpg,0.1578947,0.528604,0,26.7414
/home/esteve/self-driving-ND/CarND-Behavioral-Cloning-P3/data_hard/IMG/center_2017_04_28_18_29_33_376.jpg,/home/esteve/self-driving-ND/CarND-Behavioral-Cloning-P3/data_hard/IMG/left_2017_04_28_18_29_33_376.jpg,/home/esteve/self-driving-ND/CarND-Behavioral-Cloning-P3/data_hard/IMG/right_2017_04_28_18_29_33_376.jpg,0.1428571,0.2699289,0,27.15214
/home/esteve/self-driving-ND/CarND-Behavioral-Cloning-P3/data_hard/IMG/center_2017_04_28_18_29_33_462.jpg,/home/esteve/self-driving-ND/CarND-Behavioral-Cloning-P3/data_hard/IMG/left_2017_04_28_18_29_33_462.jpg,/home/esteve/self-driving-ND/CarND-Behavioral-Cloning-P3/data_hard/IMG/right_2017_04_28_18_29_33_462.jpg,0.1052632,0.0121479,0,27.06004
/home/esteve/self-driving-ND/CarND-Behavioral-Cloning-P3/data_hard/IMG/center_2017_04_28_18_29_33_544.jpg,/home/esteve/self-driving-ND/CarND-Behavioral-Cloning-P3/data_hard/IMG/left_2017_04_28_18_29_33_544.jpg,/home/esteve/self-driving-ND/CarND-Behavioral-Cloning-P3/data_hard/IMG/right_2017_04_28_18_29_33_544.jpg,0.07518797,0,0,27.27441
/home/esteve/self-driving-ND/CarND-Behavioral-Cloning-P3/data_hard/IMG/center_2017_04_28_18_29_33_625.jpg,/home/esteve/self-driving-ND/CarND-Behavioral-Cloning-P3/data_hard/IMG/left_2017_04_28_18_29_33_625.jpg,/home/esteve/self-driving-ND/CarND-Behavioral-Cloning-P3/data_hard/IMG/right_2017_04_28_18_29_33_625.jpg,0.06015037,0,0,26.71597
/home/esteve/self-driving-ND/CarND-Behavioral-Cloning-P3/data_hard/IMG/center_2017_04_28_18_29_33_712.jpg,/home/esteve/self-driving-ND/CarND-Behavioral-Cloning-P3/data_hard/IMG/left_2017_04_28_18_29_33_712.jpg,/home/esteve/self-driving-ND/CarND-Behavioral-Cloning-P3/data_hard/IMG/right_2017_04_28_18_29_33_712.jpg,0.05263158,0,0,26.57749
/home/esteve/self-driving-ND/CarND-Behavioral-Cloning-P3/data_hard/IMG/center_2017_04_28_18_29_33_794.jpg,/home/esteve/self-driving-ND/CarND-Behavioral-Cloning-P3/data_hard/IMG/left_2017_04_28_18_29_33_794.jpg,/home/esteve/self-driving-ND/CarND-Behavioral-Cloning-P3/data_hard/IMG/right_2017_04_28_18_29_33_794.jpg,0.03759398,0,0,26.32512
/home/esteve/self-driving-ND/CarND-Behavioral-Cloning-P3/data_hard/IMG/center_2017_04_28_18_29_33_883.jpg,/home/esteve/self-driving-ND/CarND-Behavioral-Cloning-P3/data_hard/IMG/left_2017_04_28_18_29_33_883.jpg,/home/esteve/self-driving-ND/CarND-Behavioral-Cloning-P3/data_hard/IMG/right_2017_04_28_18_29_33_883.jpg,-0.1052632,0,0,25.93939
/home/esteve/self-driving-ND/CarND-Behavioral-Cloning-P3/data_hard/IMG/center_2017_04_28_18_29_33_969.jpg,/home/esteve/self-driving-ND/CarND-Behavioral-Cloning-P3/data_hard/IMG/left_2017_04_28_18_29_33_969.jpg,/home/esteve/self-driving-ND/CarND-Behavioral-Cloning-P3/data_hard/IMG/right_2017_04_28_18_29_33_969.jpg,-0.2330827,0,0,25.5442
/home/esteve/self-driving-ND/CarND-Behavioral-Cloning-P3/data_hard/IMG/center_2017_04_28_18_29_34_053.jpg,/home/esteve/self-driving-ND/CarND-Behavioral-Cloning-P3/data_hard/IMG/left_2017_04_28_18_29_34_053.jpg,/home/esteve/self-driving-ND/CarND-Behavioral-Cloning-P3/data_hard/IMG/right_2017_04_28_18_29_34_053.jpg,-0.2631579,0,0,25.11542
/home/esteve/self-driving-ND/CarND-Behavioral-Cloning-P3/data_hard/IMG/center_2017_04_28_18_29_34_142.jpg,/home/esteve/self-driving-ND/CarND-Behavioral-Cloning-P3/data_hard/IMG/left_2017_04_28_18_29_34_142.jpg,/home/esteve/self-driving-ND/CarND-Behavioral-Cloning-P3/data_hard/IMG/right_2017_04_28_18_29_34_142.jpg,-0.2631579,0,0,24.52869
/home/esteve/self-driving-ND/CarND-Behavioral-Cloning-P3/data_hard/IMG/center_2017_04_28_18_29_34_209.jpg,/home/esteve/self-driving-ND/CarND-Behavioral-Cloning-P3/data_hard/IMG/left_2017_04_28_18_29_34_209.jpg,/home/esteve/self-driving-ND/CarND-Behavioral-Cloning-P3/data_hard/IMG/right_2017_04_28_18_29_34_209.jpg,-0.2631579,0,0,24.22093
/home/esteve/self-driving-ND/CarND-Behavioral-Cloning-P3/data_hard/IMG/center_2017_04_28_18_29_34_293.jpg,/home/esteve/self-driving-ND/CarND-Behavioral-Cloning-P3/data_hard/IMG/left_2017_04_28_18_29_34_293.jpg,/home/esteve/self-driving-ND/CarND-Behavioral-Cloning-P3/data_hard/IMG/right_2017_04_28_18_29_34_293.jpg,-0.2781955,0,0,23.8214
/home/esteve/self-driving-ND/CarND-Behavioral-Cloning-P3/data_hard/IMG/center_2017_04_28_18_29_34_363.jpg,/home/esteve/self-driving-ND/CarND-Behavioral-Cloning-P3/data_hard/IMG/left_2017_04_28_18_29_34_363.jpg,/home/esteve/self-driving-ND/CarND-Behavioral-Cloning-P3/data_hard/IMG/right_2017_04_28_18_29_34_363.jpg,-0.3082707,0,0,23.26402
/home/esteve/self-driving-ND/CarND-Behavioral-Cloning-P3/data_hard/IMG/center_2017_04_28_18_29_34_451.jpg,/home/esteve/self-driving-ND/CarND-Behavioral-Cloning-P3/data_hard/IMG/left_2017_04_28_18_29_34_451.jpg,/home/esteve/self-driving-ND/CarND-Behavioral-Cloning-P3/data_hard/IMG/right_2017_04_28_18_29_34_451.jpg,-0.3082707,0,0,22.7947
/home/esteve/self-driving-ND/CarND-Behavioral-Cloning-P3/data_hard/IMG/center_2017_04_28_18_29_34_543.jpg,/home/esteve/self-driving-ND/CarND-Behavioral-Cloning-P3/data_hard/IMG/left_2017_04_28_18_29_34_543.jpg,/home/esteve/self-driving-ND/CarND-Behavioral-Cloning-P3/data_hard/IMG/right_2017_04_28_18_29_34_543.jpg,-0.3082707,0.08250904,0,22.26536
/home/esteve/self-driving-ND/CarND-Behavioral-Cloning-P3/data_hard/IMG/center_2017_04_28_18_29_34_610.jpg,/home/esteve/self-driving-ND/CarND-Behavioral-Cloning-P3/data_hard/IMG/left_2017_04_28_18_29_34_610.jpg,/home/esteve/self-driving-ND/CarND-Behavioral-Cloning-P3/data_hard/IMG/right_2017_04_28_18_29_34_610.jpg,-0.3082707,0.2847061,0,21.95037
/home/esteve/self-driving-ND/CarND-Behavioral-Cloning-P3/data_hard/IMG/center_2017_04_28_18_29_34_704.jpg,/home/esteve/self-driving-ND/CarND-Behavioral-Cloning-P3/data_hard/IMG/left_2017_04_28_18_29_34_704.jpg,/home/esteve/self-driving-ND/CarND-Behavioral-Cloning-P3/data_hard/IMG/right_2017_04_28_18_29_34_704.jpg,-0.3082707,0.5662022,0,21.8945
/home/esteve/self-driving-ND/CarND-Behavioral-Cloning-P3/data_hard/IMG/center_2017_04_28_18_29_34_771.jpg,/home/esteve/self-driving-ND/CarND-Behavioral-Cloning-P3/data_hard/IMG/left_2017_04_28_18_29_34_771.jpg,/home/esteve/self-driving-ND/CarND-Behavioral-Cloning-P3/data_hard/IMG/right_2017_04_28_18_29_34_771.jpg,-0.3082707,0.7676611,0,21.94772
/home/esteve/self-driving-ND/CarND-Behavioral-Cloning-P3/data_hard/IMG/center_2017_04_28_18_29_34_865.jpg,/home/esteve/self-driving-ND/CarND-Behavioral-Cloning-P3/data_hard/IMG/left_2017_04_28_18_29_34_865.jpg,/home/esteve/self-driving-ND/CarND-Behavioral-Cloning-P3/data_hard/IMG/right_2017_04_28_18_29_34_865.jpg,-0.3082707,1,0,22.56163
/home/esteve/self-driving-ND/CarND-Behavioral-Cloning-P3/data_hard/IMG/center_2017_04_28_18_29_34_948.jpg,/home/esteve/self-driving-ND/CarND-Behavioral-Cloning-P3/data_hard/IMG/left_2017_04_28_18_29_34_948.jpg,/home/esteve/self-driving-ND/CarND-Behavioral-Cloning-P3/data_hard/IMG/right_2017_04_28_18_29_34_948.jpg,-0.3082707,0.80356,0,22.89544
/home/esteve/self-driving-ND/CarND-Behavioral-Cloning-P3/data_hard/IMG/center_2017_04_28_18_29_35_036.jpg,/home/esteve/self-driving-ND/CarND-Behavioral-Cloning-P3/data_hard/IMG/left_2017_04_28_18_29_35_036.jpg,/home/esteve/self-driving-ND/CarND-Behavioral-Cloning-P3/data_hard/IMG/right_2017_04_28_18_29_35_036.jpg,-0.3082707,0.5376816,0,22.9543
/home/esteve/self-driving-ND/CarND-Behavioral-Cloning-P3/data_hard/IMG/center_2017_04_28_18_29_35_123.jpg,/home/esteve/self-driving-ND/CarND-Behavioral-Cloning-P3/data_hard/IMG/left_2017_04_28_18_29_35_123.jpg,/home/esteve/self-driving-ND/CarND-Behavioral-Cloning-P3/data_hard/IMG/right_2017_04_28_18_29_35_123.jpg,-0.3082707,0.277066,0,22.74865
/home/esteve/self-driving-ND/CarND-Behavioral-Cloning-P3/data_hard/IMG/center_2017_04_28_18_29_35_209.jpg,/home/esteve/self-driving-ND/CarND-Behavioral-Cloning-P3/data_hard/IMG/left_2017_04_28_18_29_35_209.jpg,/home/esteve/self-driving-ND/CarND-Behavioral-Cloning-P3/data_hard/IMG/right_2017_04_28_18_29_35_209.jpg,-0.3082707,0.02114749,0,22.28921
/home/esteve/self-driving-ND/CarND-Behavioral-Cloning-P3/data_hard/IMG/center_2017_04_28_18_29_35_301.jpg,/home/esteve/self-driving-ND/CarND-Behavioral-Cloning-P3/data_hard/IMG/left_2017_04_28_18_29_35_301.jpg,/home/esteve/self-driving-ND/CarND-Behavioral-Cloning-P3/data_hard/IMG/right_2017_04_28_18_29_35_301.jpg,-0.3082707,0,0,21.69214
/home/esteve/self-driving-ND/CarND-Behavioral-Cloning-P3/data_hard/IMG/center_2017_04_28_18_29_35_386.jpg,/home/esteve/self-driving-ND/CarND-Behavioral-Cloning-P3/data_hard/IMG/left_2017_04_28_18_29_35_386.jpg,/home/esteve/self-driving-ND/CarND-Behavioral-Cloning-P3/data_hard/IMG/right_2017_04_28_18_29_35_386.jpg,-0.3082707,0,0,21.16193
/home/esteve/self-driving-ND/CarND-Behavioral-Cloning-P3/data_hard/IMG/center_2017_04_28_18_29_35_472.jpg,/home/esteve/self-driving-ND/CarND-Behavioral-Cloning-P3/data_hard/IMG/left_2017_04_28_18_29_35_472.jpg,/home/esteve/self-driving-ND/CarND-Behavioral-Cloning-P3/data_hard/IMG/right_2017_04_28_18_29_35_472.jpg,-0.2030075,0,0,20.68503
/home/esteve/self-driving-ND/CarND-Behavioral-Cloning-P3/data_hard/IMG/center_2017_04_28_18_29_35_557.jpg,/home/esteve/self-driving-ND/CarND-Behavioral-Cloning-P3/data_hard/IMG/left_2017_04_28_18_29_35_557.jpg,/home/esteve/self-driving-ND/CarND-Behavioral-Cloning-P3/data_hard/IMG/right_2017_04_28_18_29_35_557.jpg,-0.09022556,0,0,20.16199
/home/esteve/self-driving-ND/CarND-Behavioral-Cloning-P3/data_hard/IMG/center_2017_04_28_18_29_35_638.jpg,/home/esteve/self-driving-ND/CarND-Behavioral-Cloning-P3/data_hard/IMG/left_2017_04_28_18_29_35_638.jpg,/home/esteve/self-driving-ND/CarND-Behavioral-Cloning-P3/data_hard/IMG/right_2017_04_28_18_29_35_638.jpg,-0.07518797,0.2423666,0,19.75131
/home/esteve/self-driving-ND/CarND-Behavioral-Cloning-P3/data_hard/IMG/center_2017_04_28_18_29_35_706.jpg,/home/esteve/self-driving-ND/CarND-Behavioral-Cloning-P3/data_hard/IMG/left_2017_04_28_18_29_35_706.jpg,/home/esteve/self-driving-ND/CarND-Behavioral-Cloning-P3/data_hard/IMG/right_2017_04_28_18_29_35_706.jpg,-0.07518797,0.4470778,0,19.56342
/home/esteve/self-driving-ND/CarND-Behavioral-Cloning-P3/data_hard/IMG/center_2017_04_28_18_29_35_788.jpg,/home/esteve/self-driving-ND/CarND-Behavioral-Cloning-P3/data_hard/IMG/left_2017_04_28_18_29_35_788.jpg,/home/esteve/self-driving-ND/CarND-Behavioral-Cloning-P3/data_hard/IMG/right_2017_04_28_18_29_35_788.jpg,-0.07518797,0.6922674,0,19.65471
/home/esteve/self-driving-ND/CarND-Behavioral-Cloning-P3/data_hard/IMG/center_2017_04_28_18_29_35_871.jpg,/home/esteve/self-driving-ND/CarND-Behavioral-Cloning-P3/data_hard/IMG/left_2017_04_28_18_29_35_871.jpg,/home/esteve/self-driving-ND/CarND-Behavioral-Cloning-P3/data_hard/IMG/right_2017_04_28_18_29_35_871.jpg,-0.08270676,0.9413245,0,19.95362
/home/esteve/self-driving-ND/CarND-Behavioral-Cloning-P3/data_hard/IMG/center_2017_04_28_18_29_35_953.jpg,/home/esteve/self-driving-ND/CarND-Behavioral-Cloning-P3/data_hard/IMG/left_2017_04_28_18_29_35_953.jpg,/home/esteve/self-driving-ND/CarND-Behavioral-Cloning-P3/data_hard/IMG/right_2017_04_28_18_29_35_953.jpg,-0.2030075,0.6973915,0,20.25186
/home/esteve/self-driving-ND/CarND-Behavioral-Cloning-P3/data_hard/IMG/center_2017_04_28_18_29_36_033.jpg,/home/esteve/self-driving-ND/CarND-Behavioral-Cloning-P3/data_hard/IMG/left_2017_04_28_18_29_36_033.jpg,/home/esteve/self-driving-ND/CarND-Behavioral-Cloning-P3/data_hard/IMG/right_2017_04_28_18_29_36_033.jpg,-0.2781955,0.4549341,0,20.30282
/home/esteve/self-driving-ND/CarND-Behavioral-Cloning-P3/data_hard/IMG/center_2017_04_28_18_29_36_113.jpg,/home/esteve/self-driving-ND/CarND-Behavioral-Cloning-P3/data_hard/IMG/left_2017_04_28_18_29_36_113.jpg,/home/esteve/self-driving-ND/CarND-Behavioral-Cloning-P3/data_hard/IMG/right_2017_04_28_18_29_36_113.jpg,-0.3007519,0.2148442,0,20.16129
/home/esteve/self-driving-ND/CarND-Behavioral-Cloning-P3/data_hard/IMG/center_2017_04_28_18_29_36_196.jpg,/home/esteve/self-driving-ND/CarND-Behavioral-Cloning-P3/data_hard/IMG/left_2017_04_28_18_29_36_196.jpg,/home/esteve/self-driving-ND/CarND-Behavioral-Cloning-P3/data_hard/IMG/right_2017_04_28_18_29_36_196.jpg,-0.3007519,0,0,19.84715
/home/esteve/self-driving-ND/CarND-Behavioral-Cloning-P3/data_hard/IMG/center_2017_04_28_18_29_36_275.jpg,/home/esteve/self-driving-ND/CarND-Behavioral-Cloning-P3/data_hard/IMG/left_2017_04_28_18_29_36_275.jpg,/home/esteve/self-driving-ND/CarND-Behavioral-Cloning-P3/data_hard/IMG/right_2017_04_28_18_29_36_275.jpg,-0.3157895,0,0,19.4025
/home/esteve/self-driving-ND/CarND-Behavioral-Cloning-P3/data_hard/IMG/center_2017_04_28_18_29_36_354.jpg,/home/esteve/self-driving-ND/CarND-Behavioral-Cloning-P3/data_hard/IMG/left_2017_04_28_18_29_36_354.jpg,/home/esteve/self-driving-ND/CarND-Behavioral-Cloning-P3/data_hard/IMG/right_2017_04_28_18_29_36_354.jpg,-0.3157895,0,0,18.95168
/home/esteve/self-driving-ND/CarND-Behavioral-Cloning-P3/data_hard/IMG/center_2017_04_28_18_29_36_433.jpg,/home/esteve/self-driving-ND/CarND-Behavioral-Cloning-P3/data_hard/IMG/left_2017_04_28_18_29_36_433.jpg,/home/esteve/self-driving-ND/CarND-Behavioral-Cloning-P3/data_hard/IMG/right_2017_04_28_18_29_36_433.jpg,-0.3007519,0,0,18.60246
/home/esteve/self-driving-ND/CarND-Behavioral-Cloning-P3/data_hard/IMG/center_2017_04_28_18_29_36_513.jpg,/home/esteve/self-driving-ND/CarND-Behavioral-Cloning-P3/data_hard/IMG/left_2017_04_28_18_29_36_513.jpg,/home/esteve/self-driving-ND/CarND-Behavioral-Cloning-P3/data_hard/IMG/right_2017_04_28_18_29_36_513.jpg,-0.3007519,0.1847041,0,18.31112
/home/esteve/self-driving-ND/CarND-Behavioral-Cloning-P3/data_hard/IMG/center_2017_04_28_18_29_36_588.jpg,/home/esteve/self-driving-ND/CarND-Behavioral-Cloning-P3/data_hard/IMG/left_2017_04_28_18_29_36_588.jpg,/home/esteve/self-driving-ND/CarND-Behavioral-Cloning-P3/data_hard/IMG/right_2017_04_28_18_29_36_588.jpg,-0.3007519,0.4090555,0,18.25542
/home/esteve/self-driving-ND/CarND-Behavioral-Cloning-P3/data_hard/IMG/center_2017_04_28_18_29_36_669.jpg,/home/esteve/self-driving-ND/CarND-Behavioral-Cloning-P3/data_hard/IMG/left_2017_04_28_18_29_36_669.jpg,/home/esteve/self-driving-ND/CarND-Behavioral-Cloning-P3/data_hard/IMG/right_2017_04_28_18_29_36_669.jpg,-0.3007519,0.6521609,0,18.41173
/home/esteve/self-driving-ND/CarND-Behavioral-Cloning-P3/data_hard/IMG/center_2017_04_28_18_29_36_749.jpg,/home/esteve/self-driving-ND/CarND-Behavioral-Cloning-P3/data_hard/IMG/left_2017_04_28_18_29_36_749.jpg,/home/esteve/self-driving-ND/CarND-Behavioral-Cloning-P3/data_hard/IMG/right_2017_04_28_18_29_36_749.jpg,-0.3007519,0.7838423,0,18.80616
/home/esteve/self-driving-ND/CarND-Behavioral-Cloning-P3/data_hard/IMG/center_2017_04_28_18_29_36_834.jpg,/home/esteve/self-driving-ND/CarND-Behavioral-Cloning-P3/data_hard/IMG/left_2017_04_28_18_29_36_834.jpg,/home/esteve/self-driving-ND/CarND-Behavioral-Cloning-P3/data_hard/IMG/right_2017_04_28_18_29_36_834.jpg,-0.3007519,0.5295475,0,19.18574
/home/esteve/self-driving-ND/CarND-Behavioral-Cloning-P3/data_hard/IMG/center_2017_04_28_18_29_36_915.jpg,/home/esteve/self-driving-ND/CarND-Behavioral-Cloning-P3/data_hard/IMG/left_2017_04_28_18_29_36_915.jpg,/home/esteve/self-driving-ND/CarND-Behavioral-Cloning-P3/data_hard/IMG/right_2017_04_28_18_29_36_915.jpg,-0.3007519,0.2873182,0,19.35917
/home/esteve/self-driving-ND/CarND-Behavioral-Cloning-P3/data_hard/IMG/center_2017_04_28_18_29_36_994.jpg,/home/esteve/self-driving-ND/CarND-Behavioral-Cloning-P3/data_hard/IMG/left_2017_04_28_18_29_36_994.jpg,/home/esteve/self-driving-ND/CarND-Behavioral-Cloning-P3/data_hard/IMG/right_2017_04_28_18_29_36_994.jpg,-0.3233083,0.0496974,0,19.24902
/home/esteve/self-driving-ND/CarND-Behavioral-Cloning-P3/data_hard/IMG/center_2017_04_28_18_29_37_072.jpg,/home/esteve/self-driving-ND/CarND-Behavioral-Cloning-P3/data_hard/IMG/left_2017_04_28_18_29_37_072.jpg,/home/esteve/self-driving-ND/CarND-Behavioral-Cloning-P3/data_hard/IMG/right_2017_04_28_18_29_37_072.jpg,-0.3458647,0,0,18.91764
/home/esteve/self-driving-ND/CarND-Behavioral-Cloning-P3/data_hard/IMG/center_2017_04_28_18_29_37_151.jpg,/home/esteve/self-driving-ND/CarND-Behavioral-Cloning-P3/data_hard/IMG/left_2017_04_28_18_29_37_151.jpg,/home/esteve/self-driving-ND/CarND-Behavioral-Cloning-P3/data_hard/IMG/right_2017_04_28_18_29_37_151.jpg,-0.3458647,0.05683851,0,18.71982
/home/esteve/self-driving-ND/CarND-Behavioral-Cloning-P3/data_hard/IMG/center_2017_04_28_18_29_37_233.jpg,/home/esteve/self-driving-ND/CarND-Behavioral-Cloning-P3/data_hard/IMG/left_2017_04_28_18_29_37_233.jpg,/home/esteve/self-driving-ND/CarND-Behavioral-Cloning-P3/data_hard/IMG/right_2017_04_28_18_29_37_233.jpg,-0.406015,0.3005404,0,18.68968
/home/esteve/self-driving-ND/CarND-Behavioral-Cloning-P3/data_hard/IMG/center_2017_04_28_18_29_37_315.jpg,/home/esteve/self-driving-ND/CarND-Behavioral-Cloning-P3/data_hard/IMG/left_2017_04_28_18_29_37_315.jpg,/home/esteve/self-driving-ND/CarND-Behavioral-Cloning-P3/data_hard/IMG/right_2017_04_28_18_29_37_315.jpg,-0.4736842,0.5466721,0,18.85583
/home/esteve/self-driving-ND/CarND-Behavioral-Cloning-P3/data_hard/IMG/center_2017_04_28_18_29_37_400.jpg,/home/esteve/self-driving-ND/CarND-Behavioral-Cloning-P3/data_hard/IMG/left_2017_04_28_18_29_37_400.jpg,/home/esteve/self-driving-ND/CarND-Behavioral-Cloning-P3/data_hard/IMG/right_2017_04_28_18_29_37_400.jpg,-0.518797,0.546484,0,19.12649
/home/esteve/self-driving-ND/CarND-Behavioral-Cloning-P3/data_hard/IMG/center_2017_04_28_18_29_37_484.jpg,/home/esteve/self-driving-ND/CarND-Behavioral-Cloning-P3/data_hard/IMG/left_2017_04_28_18_29_37_484.jpg,/home/esteve/self-driving-ND/CarND-Behavioral-Cloning-P3/data_hard/IMG/right_2017_04_28_18_29_37_484.jpg,-0.5338346,0.295249,0,19.59478
/home/esteve/self-driving-ND/CarND-Behavioral-Cloning-P3/data_hard/IMG/center_2017_04_28_18_29_37_571.jpg,/home/esteve/self-driving-ND/CarND-Behavioral-Cloning-P3/data_hard/IMG/left_2017_04_28_18_29_37_571.jpg,/home/esteve/self-driving-ND/CarND-Behavioral-Cloning-P3/data_hard/IMG/right_2017_04_28_18_29_37_571.jpg,-0.5338346,0.03307915,0,19.62341
/home/esteve/self-driving-ND/CarND-Behavioral-Cloning-P3/data_hard/IMG/center_2017_04_28_18_29_37_639.jpg,/home/esteve/self-driving-ND/CarND-Behavioral-Cloning-P3/data_hard/IMG/left_2017_04_28_18_29_37_639.jpg,/home/esteve/self-driving-ND/CarND-Behavioral-Cloning-P3/data_hard/IMG/right_2017_04_28_18_29_37_639.jpg,-0.5338346,0,0,19.17661
/home/esteve/self-driving-ND/CarND-Behavioral-Cloning-P3/data_hard/IMG/center_2017_04_28_18_29_37_709.jpg,/home/esteve/self-driving-ND/CarND-Behavioral-Cloning-P3/data_hard/IMG/left_2017_04_28_18_29_37_709.jpg,/home/esteve/self-driving-ND/CarND-Behavioral-Cloning-P3/data_hard/IMG/right_2017_04_28_18_29_37_709.jpg,-0.5338346,0,0,18.97196
/home/esteve/self-driving-ND/CarND-Behavioral-Cloning-P3/data_hard/IMG/center_2017_04_28_18_29_37_777.jpg,/home/esteve/self-driving-ND/CarND-Behavioral-Cloning-P3/data_hard/IMG/left_2017_04_28_18_29_37_777.jpg,/home/esteve/self-driving-ND/CarND-Behavioral-Cloning-P3/data_hard/IMG/right_2017_04_28_18_29_37_777.jpg,-0.5338346,0,0,19.27303
/home/esteve/self-driving-ND/CarND-Behavioral-Cloning-P3/data_hard/IMG/center_2017_04_28_18_29_37_861.jpg,/home/esteve/self-driving-ND/CarND-Behavioral-Cloning-P3/data_hard/IMG/left_2017_04_28_18_29_37_861.jpg,/home/esteve/self-driving-ND/CarND-Behavioral-Cloning-P3/data_hard/IMG/right_2017_04_28_18_29_37_861.jpg,-0.5338346,0,0,19.11545
/home/esteve/self-driving-ND/CarND-Behavioral-Cloning-P3/data_hard/IMG/center_2017_04_28_18_29_37_931.jpg,/home/esteve/self-driving-ND/CarND-Behavioral-Cloning-P3/data_hard/IMG/left_2017_04_28_18_29_37_931.jpg,/home/esteve/self-driving-ND/CarND-Behavioral-Cloning-P3/data_hard/IMG/right_2017_04_28_18_29_37_931.jpg,-0.5639098,0,0,18.9546
/home/esteve/self-driving-ND/CarND-Behavioral-Cloning-P3/data_hard/IMG/center_2017_04_28_18_29_38_019.jpg,/home/esteve/self-driving-ND/CarND-Behavioral-Cloning-P3/data_hard/IMG/left_2017_04_28_18_29_38_019.jpg,/home/esteve/self-driving-ND/CarND-Behavioral-Cloning-P3/data_hard/IMG/right_2017_04_28_18_29_38_019.jpg,-0.5789474,0,0,18.78766
/home/esteve/self-driving-ND/CarND-Behavioral-Cloning-P3/data_hard/IMG/center_2017_04_28_18_29_38_090.jpg,/home/esteve/self-driving-ND/CarND-Behavioral-Cloning-P3/data_hard/IMG/left_2017_04_28_18_29_38_090.jpg,/home/esteve/self-driving-ND/CarND-Behavioral-Cloning-P3/data_hard/IMG/right_2017_04_28_18_29_38_090.jpg,-0.5789474,0,0,18.62919
/home/esteve/self-driving-ND/CarND-Behavioral-Cloning-P3/data_hard/IMG/center_2017_04_28_18_29_38_177.jpg,/home/esteve/self-driving-ND/CarND-Behavioral-Cloning-P3/data_hard/IMG/left_2017_04_28_18_29_38_177.jpg,/home/esteve/self-driving-ND/CarND-Behavioral-Cloning-P3/data_hard/IMG/right_2017_04_28_18_29_38_177.jpg,-0.5864662,0,0,18.47311
/home/esteve/self-driving-ND/CarND-Behavioral-Cloning-P3/data_hard/IMG/center_2017_04_28_18_29_38_259.jpg,/home/esteve/self-driving-ND/CarND-Behavioral-Cloning-P3/data_hard/IMG/left_2017_04_28_18_29_38_259.jpg,/home/esteve/self-driving-ND/CarND-Behavioral-Cloning-P3/data_hard/IMG/right_2017_04_28_18_29_38_259.jpg,-0.593985,0,0,18.31885
/home/esteve/self-driving-ND/CarND-Behavioral-Cloning-P3/data_hard/IMG/center_2017_04_28_18_29_38_329.jpg,/home/esteve/self-driving-ND/CarND-Behavioral-Cloning-P3/data_hard/IMG/left_2017_04_28_18_29_38_329.jpg,/home/esteve/self-driving-ND/CarND-Behavioral-Cloning-P3/data_hard/IMG/right_2017_04_28_18_29_38_329.jpg,-0.593985,0,0,18.16734
/home/esteve/self-driving-ND/CarND-Behavioral-Cloning-P3/data_hard/IMG/center_2017_04_28_18_29_38_396.jpg,/home/esteve/self-driving-ND/CarND-Behavioral-Cloning-P3/data_hard/IMG/left_2017_04_28_18_29_38_396.jpg,/home/esteve/self-driving-ND/CarND-Behavioral-Cloning-P3/data_hard/IMG/right_2017_04_28_18_29_38_396.jpg,-0.593985,0,0,17.56004
/home/esteve/self-driving-ND/CarND-Behavioral-Cloning-P3/data_hard/IMG/center_2017_04_28_18_29_38_483.jpg,/home/esteve/self-driving-ND/CarND-Behavioral-Cloning-P3/data_hard/IMG/left_2017_04_28_18_29_38_483.jpg,/home/esteve/self-driving-ND/CarND-Behavioral-Cloning-P3/data_hard/IMG/right_2017_04_28_18_29_38_483.jpg,-0.593985,0.1906979,0,17.94145
/home/esteve/self-driving-ND/CarND-Behavioral-Cloning-P3/data_hard/IMG/center_2017_04_28_18_29_38_567.jpg,/home/esteve/self-driving-ND/CarND-Behavioral-Cloning-P3/data_hard/IMG/left_2017_04_28_18_29_38_567.jpg,/home/esteve/self-driving-ND/CarND-Behavioral-Cloning-P3/data_hard/IMG/right_2017_04_28_18_29_38_567.jpg,-0.593985,0.4419208,0,18.06553
/home/esteve/self-driving-ND/CarND-Behavioral-Cloning-P3/data_hard/IMG/center_2017_04_28_18_29_38_640.jpg,/home/esteve/self-driving-ND/CarND-Behavioral-Cloning-P3/data_hard/IMG/left_2017_04_28_18_29_38_640.jpg,/home/esteve/self-driving-ND/CarND-Behavioral-Cloning-P3/data_hard/IMG/right_2017_04_28_18_29_38_640.jpg,-0.593985,0.6618962,0,18.02399
/home/esteve/self-driving-ND/CarND-Behavioral-Cloning-P3/data_hard/IMG/center_2017_04_28_18_29_38_730.jpg,/home/esteve/self-driving-ND/CarND-Behavioral-Cloning-P3/data_hard/IMG/left_2017_04_28_18_29_38_730.jpg,/home/esteve/self-driving-ND/CarND-Behavioral-Cloning-P3/data_hard/IMG/right_2017_04_28_18_29_38_730.jpg,-0.593985,0.9315033,0,19.06115
/home/esteve/self-driving-ND/CarND-Behavioral-Cloning-P3/data_hard/IMG/center_2017_04_28_18_29_38_815.jpg,/home/esteve/self-driving-ND/CarND-Behavioral-Cloning-P3/data_hard/IMG/left_2017_04_28_18_29_38_815.jpg,/home/esteve/self-driving-ND/CarND-Behavioral-Cloning-P3/data_hard/IMG/right_2017_04_28_18_29_38_815.jpg,-0.593985,1,0,19.82867
/home/esteve/self-driving-ND/CarND-Behavioral-Cloning-P3/data_hard/IMG/center_2017_04_28_18_29_38_883.jpg,/home/esteve/self-driving-ND/CarND-Behavioral-Cloning-P3/data_hard/IMG/left_2017_04_28_18_29_38_883.jpg,/home/esteve/self-driving-ND/CarND-Behavioral-Cloning-P3/data_hard/IMG/right_2017_04_28_18_29_38_883.jpg,-0.6015037,0.8644869,0,20.54559
/home/esteve/self-driving-ND/CarND-Behavioral-Cloning-P3/data_hard/IMG/center_2017_04_28_18_29_38_957.jpg,/home/esteve/self-driving-ND/CarND-Behavioral-Cloning-P3/data_hard/IMG/left_2017_04_28_18_29_38_957.jpg,/home/esteve/self-driving-ND/CarND-Behavioral-Cloning-P3/data_hard/IMG/right_2017_04_28_18_29_38_957.jpg,-0.6090226,0.6425774,0,20.86821
/home/esteve/self-driving-ND/CarND-Behavioral-Cloning-P3/data_hard/IMG/center_2017_04_28_18_29_39_028.jpg,/home/esteve/self-driving-ND/CarND-Behavioral-Cloning-P3/data_hard/IMG/left_2017_04_28_18_29_39_028.jpg,/home/esteve/self-driving-ND/CarND-Behavioral-Cloning-P3/data_hard/IMG/right_2017_04_28_18_29_39_028.jpg,-0.6090226,0.4302731,0,21.15347
/home/esteve/self-driving-ND/CarND-Behavioral-Cloning-P3/data_hard/IMG/center_2017_04_28_18_29_39_096.jpg,/home/esteve/self-driving-ND/CarND-Behavioral-Cloning-P3/data_hard/IMG/left_2017_04_28_18_29_39_096.jpg,/home/esteve/self-driving-ND/CarND-Behavioral-Cloning-P3/data_hard/IMG/right_2017_04_28_18_29_39_096.jpg,-0.6165413,0.2269659,0,21.4056
/home/esteve/self-driving-ND/CarND-Behavioral-Cloning-P3/data_hard/IMG/center_2017_04_28_18_29_39_165.jpg,/home/esteve/self-driving-ND/CarND-Behavioral-Cloning-P3/data_hard/IMG/left_2017_04_28_18_29_39_165.jpg,/home/esteve/self-driving-ND/CarND-Behavioral-Cloning-P3/data_hard/IMG/right_2017_04_28_18_29_39_165.jpg,-0.6390978,0.01964831,0,21.30911
/home/esteve/self-driving-ND/CarND-Behavioral-Cloning-P3/data_hard/IMG/center_2017_04_28_18_29_39_237.jpg,/home/esteve/self-driving-ND/CarND-Behavioral-Cloning-P3/data_hard/IMG/left_2017_04_28_18_29_39_237.jpg,/home/esteve/self-driving-ND/CarND-Behavioral-Cloning-P3/data_hard/IMG/right_2017_04_28_18_29_39_237.jpg,-0.6541353,0,0,20.9946
/home/esteve/self-driving-ND/CarND-Behavioral-Cloning-P3/data_hard/IMG/center_2017_04_28_18_29_39_307.jpg,/home/esteve/self-driving-ND/CarND-Behavioral-Cloning-P3/data_hard/IMG/left_2017_04_28_18_29_39_307.jpg,/home/esteve/self-driving-ND/CarND-Behavioral-Cloning-P3/data_hard/IMG/right_2017_04_28_18_29_39_307.jpg,-0.6616541,0,0,20.79684
/home/esteve/self-driving-ND/CarND-Behavioral-Cloning-P3/data_hard/IMG/center_2017_04_28_18_29_39_374.jpg,/home/esteve/self-driving-ND/CarND-Behavioral-Cloning-P3/data_hard/IMG/left_2017_04_28_18_29_39_374.jpg,/home/esteve/self-driving-ND/CarND-Behavioral-Cloning-P3/data_hard/IMG/right_2017_04_28_18_29_39_374.jpg,-0.669173,0,0,20.84185
/home/esteve/self-driving-ND/CarND-Behavioral-Cloning-P3/data_hard/IMG/center_2017_04_28_18_29_39_442.jpg,/home/esteve/self-driving-ND/CarND-Behavioral-Cloning-P3/data_hard/IMG/left_2017_04_28_18_29_39_442.jpg,/home/esteve/self-driving-ND/CarND-Behavioral-Cloning-P3/data_hard/IMG/right_2017_04_28_18_29_39_442.jpg,-0.6766918,0,0,20.66229
/home/esteve/self-driving-ND/CarND-Behavioral-Cloning-P3/data_hard/IMG/center_2017_04_28_18_29_39_532.jpg,/home/esteve/self-driving-ND/CarND-Behavioral-Cloning-P3/data_hard/IMG/left_2017_04_28_18_29_39_532.jpg,/home/esteve/self-driving-ND/CarND-Behavioral-Cloning-P3/data_hard/IMG/right_2017_04_28_18_29_39_532.jpg,-0.6766918,0,0,20.49209
/home/esteve/self-driving-ND/CarND-Behavioral-Cloning-P3/data_hard/IMG/center_2017_04_28_18_29_39_600.jpg,/home/esteve/self-driving-ND/CarND-Behavioral-Cloning-P3/data_hard/IMG/left_2017_04_28_18_29_39_600.jpg,/home/esteve/self-driving-ND/CarND-Behavioral-Cloning-P3/data_hard/IMG/right_2017_04_28_18_29_39_600.jpg,-0.6766918,0,0,20.09691
/home/esteve/self-driving-ND/CarND-Behavioral-Cloning-P3/data_hard/IMG/center_2017_04_28_18_29_39_668.jpg,/home/esteve/self-driving-ND/CarND-Behavioral-Cloning-P3/data_hard/IMG/left_2017_04_28_18_29_39_668.jpg,/home/esteve/self-driving-ND/CarND-Behavioral-Cloning-P3/data_hard/IMG/right_2017_04_28_18_29_39_668.jpg,-0.6766918,0,0,19.91248
/home/esteve/self-driving-ND/CarND-Behavioral-Cloning-P3/data_hard/IMG/center_2017_04_28_18_29_39_738.jpg,/home/esteve/self-driving-ND/CarND-Behavioral-Cloning-P3/data_hard/IMG/left_2017_04_28_18_29_39_738.jpg,/home/esteve/self-driving-ND/CarND-Behavioral-Cloning-P3/data_hard/IMG/right_2017_04_28_18_29_39_738.jpg,-0.6766918,0,0,20.0647
/home/esteve/self-driving-ND/CarND-Behavioral-Cloning-P3/data_hard/IMG/center_2017_04_28_18_29_39_810.jpg,/home/esteve/self-driving-ND/CarND-Behavioral-Cloning-P3/data_hard/IMG/left_2017_04_28_18_29_39_810.jpg,/home/esteve/self-driving-ND/CarND-Behavioral-Cloning-P3/data_hard/IMG/right_2017_04_28_18_29_39_810.jpg,-0.6766918,0.07529354,0,19.89885
/home/esteve/self-driving-ND/CarND-Behavioral-Cloning-P3/data_hard/IMG/center_2017_04_28_18_29_39_878.jpg,/home/esteve/self-driving-ND/CarND-Behavioral-Cloning-P3/data_hard/IMG/left_2017_04_28_18_29_39_878.jpg,/home/esteve/self-driving-ND/CarND-Behavioral-Cloning-P3/data_hard/IMG/right_2017_04_28_18_29_39_878.jpg,-0.6766918,0.2784927,0,19.60781
/home/esteve/self-driving-ND/CarND-Behavioral-Cloning-P3/data_hard/IMG/center_2017_04_28_18_29_39_963.jpg,/home/esteve/self-driving-ND/CarND-Behavioral-Cloning-P3/data_hard/IMG/left_2017_04_28_18_29_39_963.jpg,/home/esteve/self-driving-ND/CarND-Behavioral-Cloning-P3/data_hard/IMG/right_2017_04_28_18_29_39_963.jpg,-0.6541353,0.4118543,0,20.15938
/home/esteve/self-driving-ND/CarND-Behavioral-Cloning-P3/data_hard/IMG/center_2017_04_28_18_29_40_031.jpg,/home/esteve/self-driving-ND/CarND-Behavioral-Cloning-P3/data_hard/IMG/left_2017_04_28_18_29_40_031.jpg,/home/esteve/self-driving-ND/CarND-Behavioral-Cloning-P3/data_hard/IMG/right_2017_04_28_18_29_40_031.jpg,-0.6240602,0.2086494,0,20.01263
/home/esteve/self-driving-ND/CarND-Behavioral-Cloning-P3/data_hard/IMG/center_2017_04_28_18_29_40_115.jpg,/home/esteve/self-driving-ND/CarND-Behavioral-Cloning-P3/data_hard/IMG/left_2017_04_28_18_29_40_115.jpg,/home/esteve/self-driving-ND/CarND-Behavioral-Cloning-P3/data_hard/IMG/right_2017_04_28_18_29_40_115.jpg,-0.5789474,0,0,19.90881
/home/esteve/self-driving-ND/CarND-Behavioral-Cloning-P3/data_hard/IMG/center_2017_04_28_18_29_40_198.jpg,/home/esteve/self-driving-ND/CarND-Behavioral-Cloning-P3/data_hard/IMG/left_2017_04_28_18_29_40_198.jpg,/home/esteve/self-driving-ND/CarND-Behavioral-Cloning-P3/data_hard/IMG/right_2017_04_28_18_29_40_198.jpg,-0.5338346,0,0,19.73189
/home/esteve/self-driving-ND/CarND-Behavioral-Cloning-P3/data_hard/IMG/center_2017_04_28_18_29_40_285.jpg,/home/esteve/self-driving-ND/CarND-Behavioral-Cloning-P3/data_hard/IMG/left_2017_04_28_18_29_40_285.jpg,/home/esteve/self-driving-ND/CarND-Behavioral-Cloning-P3/data_hard/IMG/right_2017_04_28_18_29_40_285.jpg,-0.4285714,0,0,19.93926
/home/esteve/self-driving-ND/CarND-Behavioral-Cloning-P3/data_hard/IMG/center_2017_04_28_18_29_40_370.jpg,/home/esteve/self-driving-ND/CarND-Behavioral-Cloning-P3/data_hard/IMG/left_2017_04_28_18_29_40_370.jpg,/home/esteve/self-driving-ND/CarND-Behavioral-Cloning-P3/data_hard/IMG/right_2017_04_28_18_29_40_370.jpg,-0.3233083,0,0,19.80745
/home/esteve/self-driving-ND/CarND-Behavioral-Cloning-P3/data_hard/IMG/center_2017_04_28_18_29_40_452.jpg,/home/esteve/self-driving-ND/CarND-Behavioral-Cloning-P3/data_hard/IMG/left_2017_04_28_18_29_40_452.jpg,/home/esteve/self-driving-ND/CarND-Behavioral-Cloning-P3/data_hard/IMG/right_2017_04_28_18_29_40_452.jpg,-0.2932331,0,0,19.6667
/home/esteve/self-driving-ND/CarND-Behavioral-Cloning-P3/data_hard/IMG/center_2017_04_28_18_29_40_535.jpg,/home/esteve/self-driving-ND/CarND-Behavioral-Cloning-P3/data_hard/IMG/left_2017_04_28_18_29_40_535.jpg,/home/esteve/self-driving-ND/CarND-Behavioral-Cloning-P3/data_hard/IMG/right_2017_04_28_18_29_40_535.jpg,-0.2932331,0,0,19.52086
/home/esteve/self-driving-ND/CarND-Behavioral-Cloning-P3/data_hard/IMG/center_2017_04_28_18_29_40_606.jpg,/home/esteve/self-driving-ND/CarND-Behavioral-Cloning-P3/data_hard/IMG/left_2017_04_28_18_29_40_606.jpg,/home/esteve/self-driving-ND/CarND-Behavioral-Cloning-P3/data_hard/IMG/right_2017_04_28_18_29_40_606.jpg,-0.3157895,0,0,19.3711
/home/esteve/self-driving-ND/CarND-Behavioral-Cloning-P3/data_hard/IMG/center_2017_04_28_18_29_40_693.jpg,/home/esteve/self-driving-ND/CarND-Behavioral-Cloning-P3/data_hard/IMG/left_2017_04_28_18_29_40_693.jpg,/home/esteve/self-driving-ND/CarND-Behavioral-Cloning-P3/data_hard/IMG/right_2017_04_28_18_29_40_693.jpg,-0.4135338,0,0,19.20127
/home/esteve/self-driving-ND/CarND-Behavioral-Cloning-P3/data_hard/IMG/center_2017_04_28_18_29_40_775.jpg,/home/esteve/self-driving-ND/CarND-Behavioral-Cloning-P3/data_hard/IMG/left_2017_04_28_18_29_40_775.jpg,/home/esteve/self-driving-ND/CarND-Behavioral-Cloning-P3/data_hard/IMG/right_2017_04_28_18_29_40_775.jpg,-0.4210526,0,0,19.0322
/home/esteve/self-driving-ND/CarND-Behavioral-Cloning-P3/data_hard/IMG/center_2017_04_28_18_29_40_857.jpg,/home/esteve/self-driving-ND/CarND-Behavioral-Cloning-P3/data_hard/IMG/left_2017_04_28_18_29_40_857.jpg,/home/esteve/self-driving-ND/CarND-Behavioral-Cloning-P3/data_hard/IMG/right_2017_04_28_18_29_40_857.jpg,-0.4210526,0,0,18.87499
/home/esteve/self-driving-ND/CarND-Behavioral-Cloning-P3/data_hard/IMG/center_2017_04_28_18_29_40_941.jpg,/home/esteve/self-driving-ND/CarND-Behavioral-Cloning-P3/data_hard/IMG/left_2017_04_28_18_29_40_941.jpg,/home/esteve/self-driving-ND/CarND-Behavioral-Cloning-P3/data_hard/IMG/right_2017_04_28_18_29_40_941.jpg,-0.3984962,0,0,18.72497
/home/esteve/self-driving-ND/CarND-Behavioral-Cloning-P3/data_hard/IMG/center_2017_04_28_18_29_41_022.jpg,/home/esteve/self-driving-ND/CarND-Behavioral-Cloning-P3/data_hard/IMG/left_2017_04_28_18_29_41_022.jpg,/home/esteve/self-driving-ND/CarND-Behavioral-Cloning-P3/data_hard/IMG/right_2017_04_28_18_29_41_022.jpg,-0.3759399,0,0,18.06309
/home/esteve/self-driving-ND/CarND-Behavioral-Cloning-P3/data_hard/IMG/center_2017_04_28_18_29_41_102.jpg,/home/esteve/self-driving-ND/CarND-Behavioral-Cloning-P3/data_hard/IMG/left_2017_04_28_18_29_41_102.jpg,/home/esteve/self-driving-ND/CarND-Behavioral-Cloning-P3/data_hard/IMG/right_2017_04_28_18_29_41_102.jpg,-0.3759399,0,0,17.91075
/home/esteve/self-driving-ND/CarND-Behavioral-Cloning-P3/data_hard/IMG/center_2017_04_28_18_29_41_182.jpg,/home/esteve/self-driving-ND/CarND-Behavioral-Cloning-P3/data_hard/IMG/left_2017_04_28_18_29_41_182.jpg,/home/esteve/self-driving-ND/CarND-Behavioral-Cloning-P3/data_hard/IMG/right_2017_04_28_18_29_41_182.jpg,-0.3759399,0,0,18.2953
/home/esteve/self-driving-ND/CarND-Behavioral-Cloning-P3/data_hard/IMG/center_2017_04_28_18_29_41_262.jpg,/home/esteve/self-driving-ND/CarND-Behavioral-Cloning-P3/data_hard/IMG/left_2017_04_28_18_29_41_262.jpg,/home/esteve/self-driving-ND/CarND-Behavioral-Cloning-P3/data_hard/IMG/right_2017_04_28_18_29_41_262.jpg,-0.3383459,0,0,18.15357
/home/esteve/self-driving-ND/CarND-Behavioral-Cloning-P3/data_hard/IMG/center_2017_04_28_18_29_41_346.jpg,/home/esteve/self-driving-ND/CarND-Behavioral-Cloning-P3/data_hard/IMG/left_2017_04_28_18_29_41_346.jpg,/home/esteve/self-driving-ND/CarND-Behavioral-Cloning-P3/data_hard/IMG/right_2017_04_28_18_29_41_346.jpg,-0.1278196,0,0,17.4881
/home/esteve/self-driving-ND/CarND-Behavioral-Cloning-P3/data_hard/IMG/center_2017_04_28_18_29_41_425.jpg,/home/esteve/self-driving-ND/CarND-Behavioral-Cloning-P3/data_hard/IMG/left_2017_04_28_18_29_41_425.jpg,/home/esteve/self-driving-ND/CarND-Behavioral-Cloning-P3/data_hard/IMG/right_2017_04_28_18_29_41_425.jpg,-0.03007519,0,0,17.33929
/home/esteve/self-driving-ND/CarND-Behavioral-Cloning-P3/data_hard/IMG/center_2017_04_28_18_29_41_506.jpg,/home/esteve/self-driving-ND/CarND-Behavioral-Cloning-P3/data_hard/IMG/left_2017_04_28_18_29_41_506.jpg,/home/esteve/self-driving-ND/CarND-Behavioral-Cloning-P3/data_hard/IMG/right_2017_04_28_18_29_41_506.jpg,0.04511278,0,0,17.18346
/home/esteve/self-driving-ND/CarND-Behavioral-Cloning-P3/data_hard/IMG/center_2017_04_28_18_29_41_586.jpg,/home/esteve/self-driving-ND/CarND-Behavioral-Cloning-P3/data_hard/IMG/left_2017_04_28_18_29_41_586.jpg,/home/esteve/self-driving-ND/CarND-Behavioral-Cloning-P3/data_hard/IMG/right_2017_04_28_18_29_41_586.jpg,0.09022556,0,0,17.02628
/home/esteve/self-driving-ND/CarND-Behavioral-Cloning-P3/data_hard/IMG/center_2017_04_28_18_29_41_666.jpg,/home/esteve/self-driving-ND/CarND-Behavioral-Cloning-P3/data_hard/IMG/left_2017_04_28_18_29_41_666.jpg,/home/esteve/self-driving-ND/CarND-Behavioral-Cloning-P3/data_hard/IMG/right_2017_04_28_18_29_41_666.jpg,0.2180451,0,0,16.87753
/home/esteve/self-driving-ND/CarND-Behavioral-Cloning-P3/data_hard/IMG/center_2017_04_28_18_29_41_750.jpg,/home/esteve/self-driving-ND/CarND-Behavioral-Cloning-P3/data_hard/IMG/left_2017_04_28_18_29_41_750.jpg,/home/esteve/self-driving-ND/CarND-Behavioral-Cloning-P3/data_hard/IMG/right_2017_04_28_18_29_41_750.jpg,0.2932331,0,0,16.69775
/home/esteve/self-driving-ND/CarND-Behavioral-Cloning-P3/data_hard/IMG/center_2017_04_28_18_29_41_829.jpg,/home/esteve/self-driving-ND/CarND-Behavioral-Cloning-P3/data_hard/IMG/left_2017_04_28_18_29_41_829.jpg,/home/esteve/self-driving-ND/CarND-Behavioral-Cloning-P3/data_hard/IMG/right_2017_04_28_18_29_41_829.jpg,0.2932331,0,0,16.53555
/home/esteve/self-driving-ND/CarND-Behavioral-Cloning-P3/data_hard/IMG/center_2017_04_28_18_29_41_914.jpg,/home/esteve/self-driving-ND/CarND-Behavioral-Cloning-P3/data_hard/IMG/left_2017_04_28_18_29_41_914.jpg,/home/esteve/self-driving-ND/CarND-Behavioral-Cloning-P3/data_hard/IMG/right_2017_04_28_18_29_41_914.jpg,0.2932331,0,0,16.38912
/home/esteve/self-driving-ND/CarND-Behavioral-Cloning-P3/data_hard/IMG/center_2017_04_28_18_29_41_987.jpg,/home/esteve/self-driving-ND/CarND-Behavioral-Cloning-P3/data_hard/IMG/left_2017_04_28_18_29_41_987.jpg,/home/esteve/self-driving-ND/CarND-Behavioral-Cloning-P3/data_hard/IMG/right_2017_04_28_18_29_41_987.jpg,0.2932331,0,0,16.25281
/home/esteve/self-driving-ND/CarND-Behavioral-Cloning-P3/data_hard/IMG/center_2017_04_28_18_29_42_071.jpg,/home/esteve/self-driving-ND/CarND-Behavioral-Cloning-P3/data_hard/IMG/left_2017_04_28_18_29_42_071.jpg,/home/esteve/self-driving-ND/CarND-Behavioral-Cloning-P3/data_hard/IMG/right_2017_04_28_18_29_42_071.jpg,0.3609022,0,0,16.12327
/home/esteve/self-driving-ND/CarND-Behavioral-Cloning-P3/data_hard/IMG/center_2017_04_28_18_29_42_150.jpg,/home/esteve/self-driving-ND/CarND-Behavioral-Cloning-P3/data_hard/IMG/left_2017_04_28_18_29_42_150.jpg,/home/esteve/self-driving-ND/CarND-Behavioral-Cloning-P3/data_hard/IMG/right_2017_04_28_18_29_42_150.jpg,0.6240602,0,0,15.93188
/home/esteve/self-driving-ND/CarND-Behavioral-Cloning-P3/data_hard/IMG/center_2017_04_28_18_29_42_230.jpg,/home/esteve/self-driving-ND/CarND-Behavioral-Cloning-P3/data_hard/IMG/left_2017_04_28_18_29_42_230.jpg,/home/esteve/self-driving-ND/CarND-Behavioral-Cloning-P3/data_hard/IMG/right_2017_04_28_18_29_42_230.jpg,0.7894737,0,0,15.64318
/home/esteve/self-driving-ND/CarND-Behavioral-Cloning-P3/data_hard/IMG/center_2017_04_28_18_29_42_308.jpg,/home/esteve/self-driving-ND/CarND-Behavioral-Cloning-P3/data_hard/IMG/left_2017_04_28_18_29_42_308.jpg,/home/esteve/self-driving-ND/CarND-Behavioral-Cloning-P3/data_hard/IMG/right_2017_04_28_18_29_42_308.jpg,0.8045112,0,0,15.42006
/home/esteve/self-driving-ND/CarND-Behavioral-Cloning-P3/data_hard/IMG/center_2017_04_28_18_29_42_387.jpg,/home/esteve/self-driving-ND/CarND-Behavioral-Cloning-P3/data_hard/IMG/left_2017_04_28_18_29_42_387.jpg,/home/esteve/self-driving-ND/CarND-Behavioral-Cloning-P3/data_hard/IMG/right_2017_04_28_18_29_42_387.jpg,0.8045112,0,0,15.25645
/home/esteve/self-driving-ND/CarND-Behavioral-Cloning-P3/data_hard/IMG/center_2017_04_28_18_29_42_468.jpg,/home/esteve/self-driving-ND/CarND-Behavioral-Cloning-P3/data_hard/IMG/left_2017_04_28_18_29_42_468.jpg,/home/esteve/self-driving-ND/CarND-Behavioral-Cloning-P3/data_hard/IMG/right_2017_04_28_18_29_42_468.jpg,0.8045112,0,0,15.08848
/home/esteve/self-driving-ND/CarND-Behavioral-Cloning-P3/data_hard/IMG/center_2017_04_28_18_29_42_546.jpg,/home/esteve/self-driving-ND/CarND-Behavioral-Cloning-P3/data_hard/IMG/left_2017_04_28_18_29_42_546.jpg,/home/esteve/self-driving-ND/CarND-Behavioral-Cloning-P3/data_hard/IMG/right_2017_04_28_18_29_42_546.jpg,0.8045112,0,0,14.94178
/home/esteve/self-driving-ND/CarND-Behavioral-Cloning-P3/data_hard/IMG/center_2017_04_28_18_29_42_622.jpg,/home/esteve/self-driving-ND/CarND-Behavioral-Cloning-P3/data_hard/IMG/left_2017_04_28_18_29_42_622.jpg,/home/esteve/self-driving-ND/CarND-Behavioral-Cloning-P3/data_hard/IMG/right_2017_04_28_18_29_42_622.jpg,0.8045112,0,0,15.36263
/home/esteve/self-driving-ND/CarND-Behavioral-Cloning-P3/data_hard/IMG/center_2017_04_28_18_29_42_703.jpg,/home/esteve/self-driving-ND/CarND-Behavioral-Cloning-P3/data_hard/IMG/left_2017_04_28_18_29_42_703.jpg,/home/esteve/self-driving-ND/CarND-Behavioral-Cloning-P3/data_hard/IMG/right_2017_04_28_18_29_42_703.jpg,0.8045112,0,0,15.22257
/home/esteve/self-driving-ND/CarND-Behavioral-Cloning-P3/data_hard/IMG/center_2017_04_28_18_29_42_784.jpg,/home/esteve/self-driving-ND/CarND-Behavioral-Cloning-P3/data_hard/IMG/left_2017_04_28_18_29_42_784.jpg,/home/esteve/self-driving-ND/CarND-Behavioral-Cloning-P3/data_hard/IMG/right_2017_04_28_18_29_42_784.jpg,0.8571429,0,0,15.09579
/home/esteve/self-driving-ND/CarND-Behavioral-Cloning-P3/data_hard/IMG/center_2017_04_28_18_29_42_867.jpg,/home/esteve/self-driving-ND/CarND-Behavioral-Cloning-P3/data_hard/IMG/left_2017_04_28_18_29_42_867.jpg,/home/esteve/self-driving-ND/CarND-Behavioral-Cloning-P3/data_hard/IMG/right_2017_04_28_18_29_42_867.jpg,0.8872181,0,0,14.33264
/home/esteve/self-driving-ND/CarND-Behavioral-Cloning-P3/data_hard/IMG/center_2017_04_28_18_29_42_938.jpg,/home/esteve/self-driving-ND/CarND-Behavioral-Cloning-P3/data_hard/IMG/left_2017_04_28_18_29_42_938.jpg,/home/esteve/self-driving-ND/CarND-Behavioral-Cloning-P3/data_hard/IMG/right_2017_04_28_18_29_42_938.jpg,0.8947369,0.22803,0,14.77852
/home/esteve/self-driving-ND/CarND-Behavioral-Cloning-P3/data_hard/IMG/center_2017_04_28_18_29_43_017.jpg,/home/esteve/self-driving-ND/CarND-Behavioral-Cloning-P3/data_hard/IMG/left_2017_04_28_18_29_43_017.jpg,/home/esteve/self-driving-ND/CarND-Behavioral-Cloning-P3/data_hard/IMG/right_2017_04_28_18_29_43_017.jpg,0.9097744,0.4658132,0,14.90881
/home/esteve/self-driving-ND/CarND-Behavioral-Cloning-P3/data_hard/IMG/center_2017_04_28_18_29_43_099.jpg,/home/esteve/self-driving-ND/CarND-Behavioral-Cloning-P3/data_hard/IMG/left_2017_04_28_18_29_43_099.jpg,/home/esteve/self-driving-ND/CarND-Behavioral-Cloning-P3/data_hard/IMG/right_2017_04_28_18_29_43_099.jpg,0.9548872,0.7100973,0,15.27905
/home/esteve/self-driving-ND/CarND-Behavioral-Cloning-P3/data_hard/IMG/center_2017_04_28_18_29_43_180.jpg,/home/esteve/self-driving-ND/CarND-Behavioral-Cloning-P3/data_hard/IMG/left_2017_04_28_18_29_43_180.jpg,/home/esteve/self-driving-ND/CarND-Behavioral-Cloning-P3/data_hard/IMG/right_2017_04_28_18_29_43_180.jpg,0.962406,0.9014132,0,15.82662
/home/esteve/self-driving-ND/CarND-Behavioral-Cloning-P3/data_hard/IMG/center_2017_04_28_18_29_43_263.jpg,/home/esteve/self-driving-ND/CarND-Behavioral-Cloning-P3/data_hard/IMG/left_2017_04_28_18_29_43_263.jpg,/home/esteve/self-driving-ND/CarND-Behavioral-Cloning-P3/data_hard/IMG/right_2017_04_28_18_29_43_263.jpg,0.9699247,1,0,16.77067
/home/esteve/self-driving-ND/CarND-Behavioral-Cloning-P3/data_hard/IMG/center_2017_04_28_18_29_43_350.jpg,/home/esteve/self-driving-ND/CarND-Behavioral-Cloning-P3/data_hard/IMG/left_2017_04_28_18_29_43_350.jpg,/home/esteve/self-driving-ND/CarND-Behavioral-Cloning-P3/data_hard/IMG/right_2017_04_28_18_29_43_350.jpg,0.9699247,0.7392006,0,17.45351
/home/esteve/self-driving-ND/CarND-Behavioral-Cloning-P3/data_hard/IMG/center_2017_04_28_18_29_43_435.jpg,/home/esteve/self-driving-ND/CarND-Behavioral-Cloning-P3/data_hard/IMG/left_2017_04_28_18_29_43_435.jpg,/home/esteve/self-driving-ND/CarND-Behavioral-Cloning-P3/data_hard/IMG/right_2017_04_28_18_29_43_435.jpg,0.9699247,0.4860187,0,17.86257
/home/esteve/self-driving-ND/CarND-Behavioral-Cloning-P3/data_hard/IMG/center_2017_04_28_18_29_43_516.jpg,/home/esteve/self-driving-ND/CarND-Behavioral-Cloning-P3/data_hard/IMG/left_2017_04_28_18_29_43_516.jpg,/home/esteve/self-driving-ND/CarND-Behavioral-Cloning-P3/data_hard/IMG/right_2017_04_28_18_29_43_516.jpg,0.9699247,0.2426651,0,18.02295
/home/esteve/self-driving-ND/CarND-Behavioral-Cloning-P3/data_hard/IMG/center_2017_04_28_18_29_43_590.jpg,/home/esteve/self-driving-ND/CarND-Behavioral-Cloning-P3/data_hard/IMG/left_2017_04_28_18_29_43_590.jpg,/home/esteve/self-driving-ND/CarND-Behavioral-Cloning-P3/data_hard/IMG/right_2017_04_28_18_29_43_590.jpg,0.9699247,0.02127337,0,17.95945
/home/esteve/self-driving-ND/CarND-Behavioral-Cloning-P3/data_hard/IMG/center_2017_04_28_18_29_43_680.jpg,/home/esteve/self-driving-ND/CarND-Behavioral-Cloning-P3/data_hard/IMG/left_2017_04_28_18_29_43_680.jpg,/home/esteve/self-driving-ND/CarND-Behavioral-Cloning-P3/data_hard/IMG/right_2017_04_28_18_29_43_680.jpg,1,0,0,17.74542
/home/esteve/self-driving-ND/CarND-Behavioral-Cloning-P3/data_hard/IMG/center_2017_04_28_18_29_43_763.jpg,/home/esteve/self-driving-ND/CarND-Behavioral-Cloning-P3/data_hard/IMG/left_2017_04_28_18_29_43_763.jpg,/home/esteve/self-driving-ND/CarND-Behavioral-Cloning-P3/data_hard/IMG/right_2017_04_28_18_29_43_763.jpg,1,0.1205006,0,17.60569
/home/esteve/self-driving-ND/CarND-Behavioral-Cloning-P3/data_hard/IMG/center_2017_04_28_18_29_43_831.jpg,/home/esteve/self-driving-ND/CarND-Behavioral-Cloning-P3/data_hard/IMG/left_2017_04_28_18_29_43_831.jpg,/home/esteve/self-driving-ND/CarND-Behavioral-Cloning-P3/data_hard/IMG/right_2017_04_28_18_29_43_831.jpg,1,0.3223858,0,17.54605
/home/esteve/self-driving-ND/CarND-Behavioral-Cloning-P3/data_hard/IMG/center_2017_04_28_18_29_43_916.jpg,/home/esteve/self-driving-ND/CarND-Behavioral-Cloning-P3/data_hard/IMG/left_2017_04_28_18_29_43_916.jpg,/home/esteve/self-driving-ND/CarND-Behavioral-Cloning-P3/data_hard/IMG/right_2017_04_28_18_29_43_916.jpg,1,0.577755,0,17.82368
/home/esteve/self-driving-ND/CarND-Behavioral-Cloning-P3/data_hard/IMG/center_2017_04_28_18_29_44_000.jpg,/home/esteve/self-driving-ND/CarND-Behavioral-Cloning-P3/data_hard/IMG/left_2017_04_28_18_29_44_000.jpg,/home/esteve/self-driving-ND/CarND-Behavioral-Cloning-P3/data_hard/IMG/right_2017_04_28_18_29_44_000.jpg,1,0.7109134,0,18.3467
/home/esteve/self-driving-ND/CarND-Behavioral-Cloning-P3/data_hard/IMG/center_2017_04_28_18_29_44_082.jpg,/home/esteve/self-driving-ND/CarND-Behavioral-Cloning-P3/data_hard/IMG/left_2017_04_28_18_29_44_082.jpg,/home/esteve/self-driving-ND/CarND-Behavioral-Cloning-P3/data_hard/IMG/right_2017_04_28_18_29_44_082.jpg,1,0.463146,0,18.79239
/home/esteve/self-driving-ND/CarND-Behavioral-Cloning-P3/data_hard/IMG/center_2017_04_28_18_29_44_170.jpg,/home/esteve/self-driving-ND/CarND-Behavioral-Cloning-P3/data_hard/IMG/left_2017_04_28_18_29_44_170.jpg,/home/esteve/self-driving-ND/CarND-Behavioral-Cloning-P3/data_hard/IMG/right_2017_04_28_18_29_44_170.jpg,0.7593985,0.198756,0,18.95717
/home/esteve/self-driving-ND/CarND-Behavioral-Cloning-P3/data_hard/IMG/center_2017_04_28_18_29_44_254.jpg,/home/esteve/self-driving-ND/CarND-Behavioral-Cloning-P3/data_hard/IMG/left_2017_04_28_18_29_44_254.jpg,/home/esteve/self-driving-ND/CarND-Behavioral-Cloning-P3/data_hard/IMG/right_2017_04_28_18_29_44_254.jpg,0.3909774,0,0,18.95258
/home/esteve/self-driving-ND/CarND-Behavioral-Cloning-P3/data_hard/IMG/center_2017_04_28_18_29_44_324.jpg,/home/esteve/self-driving-ND/CarND-Behavioral-Cloning-P3/data_hard/IMG/left_2017_04_28_18_29_44_324.jpg,/home/esteve/self-driving-ND/CarND-Behavioral-Cloning-P3/data_hard/IMG/right_2017_04_28_18_29_44_324.jpg,0.3609022,0,0,18.8098
/home/esteve/self-driving-ND/CarND-Behavioral-Cloning-P3/data_hard/IMG/center_2017_04_28_18_29_44_414.jpg,/home/esteve/self-driving-ND/CarND-Behavioral-Cloning-P3/data_hard/IMG/left_2017_04_28_18_29_44_414.jpg,/home/esteve/self-driving-ND/CarND-Behavioral-Cloning-P3/data_hard/IMG/right_2017_04_28_18_29_44_414.jpg,0.3157895,0,0,18.67277
/home/esteve/self-driving-ND/CarND-Behavioral-Cloning-P3/data_hard/IMG/center_2017_04_28_18_29_44_498.jpg,/home/esteve/self-driving-ND/CarND-Behavioral-Cloning-P3/data_hard/IMG/left_2017_04_28_18_29_44_498.jpg,/home/esteve/self-driving-ND/CarND-Behavioral-Cloning-P3/data_hard/IMG/right_2017_04_28_18_29_44_498.jpg,0.2631579,0,0,18.53017
/home/esteve/self-driving-ND/CarND-Behavioral-Cloning-P3/data_hard/IMG/center_2017_04_28_18_29_44_588.jpg,/home/esteve/self-driving-ND/CarND-Behavioral-Cloning-P3/data_hard/IMG/left_2017_04_28_18_29_44_588.jpg,/home/esteve/self-driving-ND/CarND-Behavioral-Cloning-P3/data_hard/IMG/right_2017_04_28_18_29_44_588.jpg,0.1729323,0,0,18.43398
/home/esteve/self-driving-ND/CarND-Behavioral-Cloning-P3/data_hard/IMG/center_2017_04_28_18_29_44_676.jpg,/home/esteve/self-driving-ND/CarND-Behavioral-Cloning-P3/data_hard/IMG/left_2017_04_28_18_29_44_676.jpg,/home/esteve/self-driving-ND/CarND-Behavioral-Cloning-P3/data_hard/IMG/right_2017_04_28_18_29_44_676.jpg,0.6842105,0,0,18.2094
/home/esteve/self-driving-ND/CarND-Behavioral-Cloning-P3/data_hard/IMG/center_2017_04_28_18_29_44_747.jpg,/home/esteve/self-driving-ND/CarND-Behavioral-Cloning-P3/data_hard/IMG/left_2017_04_28_18_29_44_747.jpg,/home/esteve/self-driving-ND/CarND-Behavioral-Cloning-P3/data_hard/IMG/right_2017_04_28_18_29_44_747.jpg,1,0,0,17.73719
/home/esteve/self-driving-ND/CarND-Behavioral-Cloning-P3/data_hard/IMG/center_2017_04_28_18_29_44_834.jpg,/home/esteve/self-driving-ND/CarND-Behavioral-Cloning-P3/data_hard/IMG/left_2017_04_28_18_29_44_834.jpg,/home/esteve/self-driving-ND/CarND-Behavioral-Cloning-P3/data_hard/IMG/right_2017_04_28_18_29_44_834.jpg,1,0,0,17.32505
/home/esteve/self-driving-ND/CarND-Behavioral-Cloning-P3/data_hard/IMG/center_2017_04_28_18_29_44_920.jpg,/home/esteve/self-driving-ND/CarND-Behavioral-Cloning-P3/data_hard/IMG/left_2017_04_28_18_29_44_920.jpg,/home/esteve/self-driving-ND/CarND-Behavioral-Cloning-P3/data_hard/IMG/right_2017_04_28_18_29_44_920.jpg,1,0,0,17.02721
/home/esteve/self-driving-ND/CarND-Behavioral-Cloning-P3/data_hard/IMG/center_2017_04_28_18_29_44_987.jpg,/home/esteve/self-driving-ND/CarND-Behavioral-Cloning-P3/data_hard/IMG/left_2017_04_28_18_29_44_987.jpg,/home/esteve/self-driving-ND/CarND-Behavioral-Cloning-P3/data_hard/IMG/right_2017_04_28_18_29_44_987.jpg,1,0,0,16.80529
/home/esteve/self-driving-ND/CarND-Behavioral-Cloning-P3/data_hard/IMG/center_2017_04_28_18_29_45_054.jpg,/home/esteve/self-driving-ND/CarND-Behavioral-Cloning-P3/data_hard/IMG/left_2017_04_28_18_29_45_054.jpg,/home/esteve/self-driving-ND/CarND-Behavioral-Cloning-P3/data_hard/IMG/right_2017_04_28_18_29_45_054.jpg,1,0.1363893,0,16.46273
/home/esteve/self-driving-ND/CarND-Behavioral-Cloning-P3/data_hard/IMG/center_2017_04_28_18_29_45_121.jpg,/home/esteve/self-driving-ND/CarND-Behavioral-Cloning-P3/data_hard/IMG/left_2017_04_28_18_29_45_121.jpg,/home/esteve/self-driving-ND/CarND-Behavioral-Cloning-P3/data_hard/IMG/right_2017_04_28_18_29_45_121.jpg,0.8947369,0.33759,0,16.74304
/home/esteve/self-driving-ND/CarND-Behavioral-Cloning-P3/data_hard/IMG/center_2017_04_28_18_29_45_210.jpg,/home/esteve/self-driving-ND/CarND-Behavioral-Cloning-P3/data_hard/IMG/left_2017_04_28_18_29_45_210.jpg,/home/esteve/self-driving-ND/CarND-Behavioral-Cloning-P3/data_hard/IMG/right_2017_04_28_18_29_45_210.jpg,0.7218045,0.09216571,0,16.68972
/home/esteve/self-driving-ND/CarND-Behavioral-Cloning-P3/data_hard/IMG/center_2017_04_28_18_29_45_287.jpg,/home/esteve/self-driving-ND/CarND-Behavioral-Cloning-P3/data_hard/IMG/left_2017_04_28_18_29_45_287.jpg,/home/esteve/self-driving-ND/CarND-Behavioral-Cloning-P3/data_hard/IMG/right_2017_04_28_18_29_45_287.jpg,0.4285714,0,0,16.61379
/home/esteve/self-driving-ND/CarND-Behavioral-Cloning-P3/data_hard/IMG/center_2017_04_28_18_29_45_374.jpg,/home/esteve/self-driving-ND/CarND-Behavioral-Cloning-P3/data_hard/IMG/left_2017_04_28_18_29_45_374.jpg,/home/esteve/self-driving-ND/CarND-Behavioral-Cloning-P3/data_hard/IMG/right_2017_04_28_18_29_45_374.jpg,0.1954887,0,0,16.48347
/home/esteve/self-driving-ND/CarND-Behavioral-Cloning-P3/data_hard/IMG/center_2017_04_28_18_29_45_458.jpg,/home/esteve/self-driving-ND/CarND-Behavioral-Cloning-P3/data_hard/IMG/left_2017_04_28_18_29_45_458.jpg,/home/esteve/self-driving-ND/CarND-Behavioral-Cloning-P3/data_hard/IMG/right_2017_04_28_18_29_45_458.jpg,0,0,0,16.32994
/home/esteve/self-driving-ND/CarND-Behavioral-Cloning-P3/data_hard/IMG/center_2017_04_28_18_29_45_541.jpg,/home/esteve/self-driving-ND/CarND-Behavioral-Cloning-P3/data_hard/IMG/left_2017_04_28_18_29_45_541.jpg,/home/esteve/self-driving-ND/CarND-Behavioral-Cloning-P3/data_hard/IMG/right_2017_04_28_18_29_45_541.jpg,-0.2105263,0,0,16.11337
/home/esteve/self-driving-ND/CarND-Behavioral-Cloning-P3/data_hard/IMG/center_2017_04_28_18_29_45_629.jpg,/home/esteve/self-driving-ND/CarND-Behavioral-Cloning-P3/data_hard/IMG/left_2017_04_28_18_29_45_629.jpg,/home/esteve/self-driving-ND/CarND-Behavioral-Cloning-P3/data_hard/IMG/right_2017_04_28_18_29_45_629.jpg,-0.3834586,0,0,16.11254
/home/esteve/self-driving-ND/CarND-Behavioral-Cloning-P3/data_hard/IMG/center_2017_04_28_18_29_45_723.jpg,/home/esteve/self-driving-ND/CarND-Behavioral-Cloning-P3/data_hard/IMG/left_2017_04_28_18_29_45_723.jpg,/home/esteve/self-driving-ND/CarND-Behavioral-Cloning-P3/data_hard/IMG/right_2017_04_28_18_29_45_723.jpg,-0.3533835,0,0,15.96587
/home/esteve/self-driving-ND/CarND-Behavioral-Cloning-P3/data_hard/IMG/center_2017_04_28_18_29_45_812.jpg,/home/esteve/self-driving-ND/CarND-Behavioral-Cloning-P3/data_hard/IMG/left_2017_04_28_18_29_45_812.jpg,/home/esteve/self-driving-ND/CarND-Behavioral-Cloning-P3/data_hard/IMG/right_2017_04_28_18_29_45_812.jpg,-0.2631579,0,0,15.49864
/home/esteve/self-driving-ND/CarND-Behavioral-Cloning-P3/data_hard/IMG/center_2017_04_28_18_29_45_880.jpg,/home/esteve/self-driving-ND/CarND-Behavioral-Cloning-P3/data_hard/IMG/left_2017_04_28_18_29_45_880.jpg,/home/esteve/self-driving-ND/CarND-Behavioral-Cloning-P3/data_hard/IMG/right_2017_04_28_18_29_45_880.jpg,-0.2330827,0,0,15.72136
/home/esteve/self-driving-ND/CarND-Behavioral-Cloning-P3/data_hard/IMG/center_2017_04_28_18_29_45_963.jpg,/home/esteve/self-driving-ND/CarND-Behavioral-Cloning-P3/data_hard/IMG/left_2017_04_28_18_29_45_963.jpg,/home/esteve/self-driving-ND/CarND-Behavioral-Cloning-P3/data_hard/IMG/right_2017_04_28_18_29_45_963.jpg,-0.2180451,0,0,15.50259
/home/esteve/self-driving-ND/CarND-Behavioral-Cloning-P3/data_hard/IMG/center_2017_04_28_18_29_46_045.jpg,/home/esteve/self-driving-ND/CarND-Behavioral-Cloning-P3/data_hard/IMG/left_2017_04_28_18_29_46_045.jpg,/home/esteve/self-driving-ND/CarND-Behavioral-Cloning-P3/data_hard/IMG/right_2017_04_28_18_29_46_045.jpg,-0.2180451,0,0,15.4138
/home/esteve/self-driving-ND/CarND-Behavioral-Cloning-P3/data_hard/IMG/center_2017_04_28_18_29_46_130.jpg,/home/esteve/self-driving-ND/CarND-Behavioral-Cloning-P3/data_hard/IMG/left_2017_04_28_18_29_46_130.jpg,/home/esteve/self-driving-ND/CarND-Behavioral-Cloning-P3/data_hard/IMG/right_2017_04_28_18_29_46_130.jpg,-0.2180451,0,0,15.29718
/home/esteve/self-driving-ND/CarND-Behavioral-Cloning-P3/data_hard/IMG/center_2017_04_28_18_29_46_217.jpg,/home/esteve/self-driving-ND/CarND-Behavioral-Cloning-P3/data_hard/IMG/left_2017_04_28_18_29_46_217.jpg,/home/esteve/self-driving-ND/CarND-Behavioral-Cloning-P3/data_hard/IMG/right_2017_04_28_18_29_46_217.jpg,-0.2180451,0,0,15.23741
/home/esteve/self-driving-ND/CarND-Behavioral-Cloning-P3/data_hard/IMG/center_2017_04_28_18_29_46_301.jpg,/home/esteve/self-driving-ND/CarND-Behavioral-Cloning-P3/data_hard/IMG/left_2017_04_28_18_29_46_301.jpg,/home/esteve/self-driving-ND/CarND-Behavioral-Cloning-P3/data_hard/IMG/right_2017_04_28_18_29_46_301.jpg,-0.2180451,0,0,15.1714
/home/esteve/self-driving-ND/CarND-Behavioral-Cloning-P3/data_hard/IMG/center_2017_04_28_18_29_46_375.jpg,/home/esteve/self-driving-ND/CarND-Behavioral-Cloning-P3/data_hard/IMG/left_2017_04_28_18_29_46_375.jpg,/home/esteve/self-driving-ND/CarND-Behavioral-Cloning-P3/data_hard/IMG/right_2017_04_28_18_29_46_375.jpg,-0.2105263,0,0,15.13566
/home/esteve/self-driving-ND/CarND-Behavioral-Cloning-P3/data_hard/IMG/center_2017_04_28_18_29_46_458.jpg,/home/esteve/self-driving-ND/CarND-Behavioral-Cloning-P3/data_hard/IMG/left_2017_04_28_18_29_46_458.jpg,/home/esteve/self-driving-ND/CarND-Behavioral-Cloning-P3/data_hard/IMG/right_2017_04_28_18_29_46_458.jpg,0.07518797,0.1885979,0,15.24877
/home/esteve/self-driving-ND/CarND-Behavioral-Cloning-P3/data_hard/IMG/center_2017_04_28_18_29_46_546.jpg,/home/esteve/self-driving-ND/CarND-Behavioral-Cloning-P3/data_hard/IMG/left_2017_04_28_18_29_46_546.jpg,/home/esteve/self-driving-ND/CarND-Behavioral-Cloning-P3/data_hard/IMG/right_2017_04_28_18_29_46_546.jpg,0.2706767,0.4520216,0,15.574
/home/esteve/self-driving-ND/CarND-Behavioral-Cloning-P3/data_hard/IMG/center_2017_04_28_18_29_46_615.jpg,/home/esteve/self-driving-ND/CarND-Behavioral-Cloning-P3/data_hard/IMG/left_2017_04_28_18_29_46_615.jpg,/home/esteve/self-driving-ND/CarND-Behavioral-Cloning-P3/data_hard/IMG/right_2017_04_28_18_29_46_615.jpg,0.3909774,0.6572671,0,15.96437
/home/esteve/self-driving-ND/CarND-Behavioral-Cloning-P3/data_hard/IMG/center_2017_04_28_18_29_46_704.jpg,/home/esteve/self-driving-ND/CarND-Behavioral-Cloning-P3/data_hard/IMG/left_2017_04_28_18_29_46_704.jpg,/home/esteve/self-driving-ND/CarND-Behavioral-Cloning-P3/data_hard/IMG/right_2017_04_28_18_29_46_704.jpg,0.5263158,0.9061711,0,16.66749
/home/esteve/self-driving-ND/CarND-Behavioral-Cloning-P3/data_hard/IMG/center_2017_04_28_18_29_46_771.jpg,/home/esteve/self-driving-ND/CarND-Behavioral-Cloning-P3/data_hard/IMG/left_2017_04_28_18_29_46_771.jpg,/home/esteve/self-driving-ND/CarND-Behavioral-Cloning-P3/data_hard/IMG/right_2017_04_28_18_29_46_771.jpg,0.6165413,0.7055912,0,17.43145
/home/esteve/self-driving-ND/CarND-Behavioral-Cloning-P3/data_hard/IMG/center_2017_04_28_18_29_46_859.jpg,/home/esteve/self-driving-ND/CarND-Behavioral-Cloning-P3/data_hard/IMG/left_2017_04_28_18_29_46_859.jpg,/home/esteve/self-driving-ND/CarND-Behavioral-Cloning-P3/data_hard/IMG/right_2017_04_28_18_29_46_859.jpg,0.6842105,0.4409523,0,18.02016
/home/esteve/self-driving-ND/CarND-Behavioral-Cloning-P3/data_hard/IMG/center_2017_04_28_18_29_46_936.jpg,/home/esteve/self-driving-ND/CarND-Behavioral-Cloning-P3/data_hard/IMG/left_2017_04_28_18_29_46_936.jpg,/home/esteve/self-driving-ND/CarND-Behavioral-Cloning-P3/data_hard/IMG/right_2017_04_28_18_29_46_936.jpg,0.6917293,0.1896007,0,18.54066
/home/esteve/self-driving-ND/CarND-Behavioral-Cloning-P3/data_hard/IMG/center_2017_04_28_18_29_47_019.jpg,/home/esteve/self-driving-ND/CarND-Behavioral-Cloning-P3/data_hard/IMG/left_2017_04_28_18_29_47_019.jpg,/home/esteve/self-driving-ND/CarND-Behavioral-Cloning-P3/data_hard/IMG/right_2017_04_28_18_29_47_019.jpg,0.6315789,0,0,18.71283
/home/esteve/self-driving-ND/CarND-Behavioral-Cloning-P3/data_hard/IMG/center_2017_04_28_18_29_47_109.jpg,/home/esteve/self-driving-ND/CarND-Behavioral-Cloning-P3/data_hard/IMG/left_2017_04_28_18_29_47_109.jpg,/home/esteve/self-driving-ND/CarND-Behavioral-Cloning-P3/data_hard/IMG/right_2017_04_28_18_29_47_109.jpg,0.3984962,0,0,19.2382
/home/esteve/self-driving-ND/CarND-Behavioral-Cloning-P3/data_hard/IMG/center_2017_04_28_18_29_47_190.jpg,/home/esteve/self-driving-ND/CarND-Behavioral-Cloning-P3/data_hard/IMG/left_2017_04_28_18_29_47_190.jpg,/home/esteve/self-driving-ND/CarND-Behavioral-Cloning-P3/data_hard/IMG/right_2017_04_28_18_29_47_190.jpg,0.3233083,0,0,19.30376
/home/esteve/self-driving-ND/CarND-Behavioral-Cloning-P3/data_hard/IMG/center_2017_04_28_18_29_47_275.jpg,/home/esteve/self-driving-ND/CarND-Behavioral-Cloning-P3/data_hard/IMG/left_2017_04_28_18_29_47_275.jpg,/home/esteve/self-driving-ND/CarND-Behavioral-Cloning-P3/data_hard/IMG/right_2017_04_28_18_29_47_275.jpg,0.3383459,0,0,19.69928
/home/esteve/self-driving-ND/CarND-Behavioral-Cloning-P3/data_hard/IMG/center_2017_04_28_18_29_47_354.jpg,/home/esteve/self-driving-ND/CarND-Behavioral-Cloning-P3/data_hard/IMG/left_2017_04_28_18_29_47_354.jpg,/home/esteve/self-driving-ND/CarND-Behavioral-Cloning-P3/data_hard/IMG/right_2017_04_28_18_29_47_354.jpg,0.406015,0,0,19.84387
/home/esteve/self-driving-ND/CarND-Behavioral-Cloning-P3/data_hard/IMG/center_2017_04_28_18_29_47_434.jpg,/home/esteve/self-driving-ND/CarND-Behavioral-Cloning-P3/data_hard/IMG/left_2017_04_28_18_29_47_434.jpg,/home/esteve/self-driving-ND/CarND-Behavioral-Cloning-P3/data_hard/IMG/right_2017_04_28_18_29_47_434.jpg,0.3759399,0,0,20.05766
/home/esteve/self-driving-ND/CarND-Behavioral-Cloning-P3/data_hard/IMG/center_2017_04_28_18_29_47_523.jpg,/home/esteve/self-driving-ND/CarND-Behavioral-Cloning-P3/data_hard/IMG/left_2017_04_28_18_29_47_523.jpg,/home/esteve/self-driving-ND/CarND-Behavioral-Cloning-P3/data_hard/IMG/right_2017_04_28_18_29_47_523.jpg,0.3082707,0,0,20.38972
/home/esteve/self-driving-ND/CarND-Behavioral-Cloning-P3/data_hard/IMG/center_2017_04_28_18_29_47_606.jpg,/home/esteve/self-driving-ND/CarND-Behavioral-Cloning-P3/data_hard/IMG/left_2017_04_28_18_29_47_606.jpg,/home/esteve/self-driving-ND/CarND-Behavioral-Cloning-P3/data_hard/IMG/right_2017_04_28_18_29_47_606.jpg,0.7894737,0.06473708,0,20.41181
/home/esteve/self-driving-ND/CarND-Behavioral-Cloning-P3/data_hard/IMG/center_2017_04_28_18_29_47_692.jpg,/home/esteve/self-driving-ND/CarND-Behavioral-Cloning-P3/data_hard/IMG/left_2017_04_28_18_29_47_692.jpg,/home/esteve/self-driving-ND/CarND-Behavioral-Cloning-P3/data_hard/IMG/right_2017_04_28_18_29_47_692.jpg,1,0.3353305,0,20.48739
/home/esteve/self-driving-ND/CarND-Behavioral-Cloning-P3/data_hard/IMG/center_2017_04_28_18_29_47_777.jpg,/home/esteve/self-driving-ND/CarND-Behavioral-Cloning-P3/data_hard/IMG/left_2017_04_28_18_29_47_777.jpg,/home/esteve/self-driving-ND/CarND-Behavioral-Cloning-P3/data_hard/IMG/right_2017_04_28_18_29_47_777.jpg,1,0.078578,0,20.44564
/home/esteve/self-driving-ND/CarND-Behavioral-Cloning-P3/data_hard/IMG/center_2017_04_28_18_29_47_872.jpg,/home/esteve/self-driving-ND/CarND-Behavioral-Cloning-P3/data_hard/IMG/left_2017_04_28_18_29_47_872.jpg,/home/esteve/self-driving-ND/CarND-Behavioral-Cloning-P3/data_hard/IMG/right_2017_04_28_18_29_47_872.jpg,0.7669173,0,0,20.83762
/home/esteve/self-driving-ND/CarND-Behavioral-Cloning-P3/data_hard/IMG/center_2017_04_28_18_29_47_951.jpg,/home/esteve/self-driving-ND/CarND-Behavioral-Cloning-P3/data_hard/IMG/left_2017_04_28_18_29_47_951.jpg,/home/esteve/self-driving-ND/CarND-Behavioral-Cloning-P3/data_hard/IMG/right_2017_04_28_18_29_47_951.jpg,0.5112782,0,0,21.15671
/home/esteve/self-driving-ND/CarND-Behavioral-Cloning-P3/data_hard/IMG/center_2017_04_28_18_29_48_045.jpg,/home/esteve/self-driving-ND/CarND-Behavioral-Cloning-P3/data_hard/IMG/left_2017_04_28_18_29_48_045.jpg,/home/esteve/self-driving-ND/CarND-Behavioral-Cloning-P3/data_hard/IMG/right_2017_04_28_18_29_48_045.jpg,0.2631579,0,0,21.21639
/home/esteve/self-driving-ND/CarND-Behavioral-Cloning-P3/data_hard/IMG/center_2017_04_28_18_29_48_132.jpg,/home/esteve/self-driving-ND/CarND-Behavioral-Cloning-P3/data_hard/IMG/left_2017_04_28_18_29_48_132.jpg,/home/esteve/self-driving-ND/CarND-Behavioral-Cloning-P3/data_hard/IMG/right_2017_04_28_18_29_48_132.jpg,0.1503759,0,0,21.66924
/home/esteve/self-driving-ND/CarND-Behavioral-Cloning-P3/data_hard/IMG/center_2017_04_28_18_29_48_222.jpg,/home/esteve/self-driving-ND/CarND-Behavioral-Cloning-P3/data_hard/IMG/left_2017_04_28_18_29_48_222.jpg,/home/esteve/self-driving-ND/CarND-Behavioral-Cloning-P3/data_hard/IMG/right_2017_04_28_18_29_48_222.jpg,0.007518797,0,0,21.89683
/home/esteve/self-driving-ND/CarND-Behavioral-Cloning-P3/data_hard/IMG/center_2017_04_28_18_29_48_307.jpg,/home/esteve/self-driving-ND/CarND-Behavioral-Cloning-P3/data_hard/IMG/left_2017_04_28_18_29_48_307.jpg,/home/esteve/self-driving-ND/CarND-Behavioral-Cloning-P3/data_hard/IMG/right_2017_04_28_18_29_48_307.jpg,-0.07518797,0,0,21.14364
/home/esteve/self-driving-ND/CarND-Behavioral-Cloning-P3/data_hard/IMG/center_2017_04_28_18_29_48_397.jpg,/home/esteve/self-driving-ND/CarND-Behavioral-Cloning-P3/data_hard/IMG/left_2017_04_28_18_29_48_397.jpg,/home/esteve/self-driving-ND/CarND-Behavioral-Cloning-P3/data_hard/IMG/right_2017_04_28_18_29_48_397.jpg,-0.07518797,0,0,21.3288
/home/esteve/self-driving-ND/CarND-Behavioral-Cloning-P3/data_hard/IMG/center_2017_04_28_18_29_48_480.jpg,/home/esteve/self-driving-ND/CarND-Behavioral-Cloning-P3/data_hard/IMG/left_2017_04_28_18_29_48_480.jpg,/home/esteve/self-driving-ND/CarND-Behavioral-Cloning-P3/data_hard/IMG/right_2017_04_28_18_29_48_480.jpg,-0.07518797,0,0,21.49257
/home/esteve/self-driving-ND/CarND-Behavioral-Cloning-P3/data_hard/IMG/center_2017_04_28_18_29_48_565.jpg,/home/esteve/self-driving-ND/CarND-Behavioral-Cloning-P3/data_hard/IMG/left_2017_04_28_18_29_48_565.jpg,/home/esteve/self-driving-ND/CarND-Behavioral-Cloning-P3/data_hard/IMG/right_2017_04_28_18_29_48_565.jpg,0.05263158,0,0,20.12397
/home/esteve/self-driving-ND/CarND-Behavioral-Cloning-P3/data_hard/IMG/center_2017_04_28_18_29_48_653.jpg,/home/esteve/self-driving-ND/CarND-Behavioral-Cloning-P3/data_hard/IMG/left_2017_04_28_18_29_48_653.jpg,/home/esteve/self-driving-ND/CarND-Behavioral-Cloning-P3/data_hard/IMG/right_2017_04_28_18_29_48_653.jpg,0.1278196,0,0,20.02603
/home/esteve/self-driving-ND/CarND-Behavioral-Cloning-P3/data_hard/IMG/center_2017_04_28_18_29_48_726.jpg,/home/esteve/self-driving-ND/CarND-Behavioral-Cloning-P3/data_hard/IMG/left_2017_04_28_18_29_48_726.jpg,/home/esteve/self-driving-ND/CarND-Behavioral-Cloning-P3/data_hard/IMG/right_2017_04_28_18_29_48_726.jpg,0.1428571,0,0,19.31565
/home/esteve/self-driving-ND/CarND-Behavioral-Cloning-P3/data_hard/IMG/center_2017_04_28_18_29_48_813.jpg,/home/esteve/self-driving-ND/CarND-Behavioral-Cloning-P3/data_hard/IMG/left_2017_04_28_18_29_48_813.jpg,/home/esteve/self-driving-ND/CarND-Behavioral-Cloning-P3/data_hard/IMG/right_2017_04_28_18_29_48_813.jpg,0.1353384,0,0,19.68616
/home/esteve/self-driving-ND/CarND-Behavioral-Cloning-P3/data_hard/IMG/center_2017_04_28_18_29_48_895.jpg,/home/esteve/self-driving-ND/CarND-Behavioral-Cloning-P3/data_hard/IMG/left_2017_04_28_18_29_48_895.jpg,/home/esteve/self-driving-ND/CarND-Behavioral-Cloning-P3/data_hard/IMG/right_2017_04_28_18_29_48_895.jpg,-0.02255639,0,0,18.99124
/home/esteve/self-driving-ND/CarND-Behavioral-Cloning-P3/data_hard/IMG/center_2017_04_28_18_29_48_981.jpg,/home/esteve/self-driving-ND/CarND-Behavioral-Cloning-P3/data_hard/IMG/left_2017_04_28_18_29_48_981.jpg,/home/esteve/self-driving-ND/CarND-Behavioral-Cloning-P3/data_hard/IMG/right_2017_04_28_18_29_48_981.jpg,-0.09774436,0,0,18.48344
/home/esteve/self-driving-ND/CarND-Behavioral-Cloning-P3/data_hard/IMG/center_2017_04_28_18_29_49_059.jpg,/home/esteve/self-driving-ND/CarND-Behavioral-Cloning-P3/data_hard/IMG/left_2017_04_28_18_29_49_059.jpg,/home/esteve/self-driving-ND/CarND-Behavioral-Cloning-P3/data_hard/IMG/right_2017_04_28_18_29_49_059.jpg,-0.1278196,0,0,18.2899
/home/esteve/self-driving-ND/CarND-Behavioral-Cloning-P3/data_hard/IMG/center_2017_04_28_18_29_49_132.jpg,/home/esteve/self-driving-ND/CarND-Behavioral-Cloning-P3/data_hard/IMG/left_2017_04_28_18_29_49_132.jpg,/home/esteve/self-driving-ND/CarND-Behavioral-Cloning-P3/data_hard/IMG/right_2017_04_28_18_29_49_132.jpg,-0.1654135,0,0,17.81466
/home/esteve/self-driving-ND/CarND-Behavioral-Cloning-P3/data_hard/IMG/center_2017_04_28_18_29_49_207.jpg,/home/esteve/self-driving-ND/CarND-Behavioral-Cloning-P3/data_hard/IMG/left_2017_04_28_18_29_49_207.jpg,/home/esteve/self-driving-ND/CarND-Behavioral-Cloning-P3/data_hard/IMG/right_2017_04_28_18_29_49_207.jpg,-0.1804511,0,0,17.83681
/home/esteve/self-driving-ND/CarND-Behavioral-Cloning-P3/data_hard/IMG/center_2017_04_28_18_29_49_289.jpg,/home/esteve/self-driving-ND/CarND-Behavioral-Cloning-P3/data_hard/IMG/left_2017_04_28_18_29_49_289.jpg,/home/esteve/self-driving-ND/CarND-Behavioral-Cloning-P3/data_hard/IMG/right_2017_04_28_18_29_49_289.jpg,-0.1804511,0,0,17.82236
/home/esteve/self-driving-ND/CarND-Behavioral-Cloning-P3/data_hard/IMG/center_2017_04_28_18_29_49_363.jpg,/home/esteve/self-driving-ND/CarND-Behavioral-Cloning-P3/data_hard/IMG/left_2017_04_28_18_29_49_363.jpg,/home/esteve/self-driving-ND/CarND-Behavioral-Cloning-P3/data_hard/IMG/right_2017_04_28_18_29_49_363.jpg,-0.2180451,0,0,17.37061
/home/esteve/self-driving-ND/CarND-Behavioral-Cloning-P3/data_hard/IMG/center_2017_04_28_18_29_49_441.jpg,/home/esteve/self-driving-ND/CarND-Behavioral-Cloning-P3/data_hard/IMG/left_2017_04_28_18_29_49_441.jpg,/home/esteve/self-driving-ND/CarND-Behavioral-Cloning-P3/data_hard/IMG/right_2017_04_28_18_29_49_441.jpg,-0.2556391,0,0,17.6363
/home/esteve/self-driving-ND/CarND-Behavioral-Cloning-P3/data_hard/IMG/center_2017_04_28_18_29_49_524.jpg,/home/esteve/self-driving-ND/CarND-Behavioral-Cloning-P3/data_hard/IMG/left_2017_04_28_18_29_49_524.jpg,/home/esteve/self-driving-ND/CarND-Behavioral-Cloning-P3/data_hard/IMG/right_2017_04_28_18_29_49_524.jpg,-0.2481203,0,0,17.29743
/home/esteve/self-driving-ND/CarND-Behavioral-Cloning-P3/data_hard/IMG/center_2017_04_28_18_29_49_601.jpg,/home/esteve/self-driving-ND/CarND-Behavioral-Cloning-P3/data_hard/IMG/left_2017_04_28_18_29_49_601.jpg,/home/esteve/self-driving-ND/CarND-Behavioral-Cloning-P3/data_hard/IMG/right_2017_04_28_18_29_49_601.jpg,-0.2481203,0,0,17.57732
/home/esteve/self-driving-ND/CarND-Behavioral-Cloning-P3/data_hard/IMG/center_2017_04_28_18_29_49_680.jpg,/home/esteve/self-driving-ND/CarND-Behavioral-Cloning-P3/data_hard/IMG/left_2017_04_28_18_29_49_680.jpg,/home/esteve/self-driving-ND/CarND-Behavioral-Cloning-P3/data_hard/IMG/right_2017_04_28_18_29_49_680.jpg,-0.2330827,0,0,17.57637
/home/esteve/self-driving-ND/CarND-Behavioral-Cloning-P3/data_hard/IMG/center_2017_04_28_18_29_49_768.jpg,/home/esteve/self-driving-ND/CarND-Behavioral-Cloning-P3/data_hard/IMG/left_2017_04_28_18_29_49_768.jpg,/home/esteve/self-driving-ND/CarND-Behavioral-Cloning-P3/data_hard/IMG/right_2017_04_28_18_29_49_768.jpg,-0.2406015,0,0,17.39695
/home/esteve/self-driving-ND/CarND-Behavioral-Cloning-P3/data_hard/IMG/center_2017_04_28_18_29_49_848.jpg,/home/esteve/self-driving-ND/CarND-Behavioral-Cloning-P3/data_hard/IMG/left_2017_04_28_18_29_49_848.jpg,/home/esteve/self-driving-ND/CarND-Behavioral-Cloning-P3/data_hard/IMG/right_2017_04_28_18_29_49_848.jpg,-0.2481203,0,0,17.56465
/home/esteve/self-driving-ND/CarND-Behavioral-Cloning-P3/data_hard/IMG/center_2017_04_28_18_29_49_923.jpg,/home/esteve/self-driving-ND/CarND-Behavioral-Cloning-P3/data_hard/IMG/left_2017_04_28_18_29_49_923.jpg,/home/esteve/self-driving-ND/CarND-Behavioral-Cloning-P3/data_hard/IMG/right_2017_04_28_18_29_49_923.jpg,-0.2481203,0,0,17.67939
/home/esteve/self-driving-ND/CarND-Behavioral-Cloning-P3/data_hard/IMG/center_2017_04_28_18_29_50_011.jpg,/home/esteve/self-driving-ND/CarND-Behavioral-Cloning-P3/data_hard/IMG/left_2017_04_28_18_29_50_011.jpg,/home/esteve/self-driving-ND/CarND-Behavioral-Cloning-P3/data_hard/IMG/right_2017_04_28_18_29_50_011.jpg,-0.2105263,0,0,17.71558
/home/esteve/self-driving-ND/CarND-Behavioral-Cloning-P3/data_hard/IMG/center_2017_04_28_18_29_50_089.jpg,/home/esteve/self-driving-ND/CarND-Behavioral-Cloning-P3/data_hard/IMG/left_2017_04_28_18_29_50_089.jpg,/home/esteve/self-driving-ND/CarND-Behavioral-Cloning-P3/data_hard/IMG/right_2017_04_28_18_29_50_089.jpg,-0.1654135,0,0,17.88103
/home/esteve/self-driving-ND/CarND-Behavioral-Cloning-P3/data_hard/IMG/center_2017_04_28_18_29_50_171.jpg,/home/esteve/self-driving-ND/CarND-Behavioral-Cloning-P3/data_hard/IMG/left_2017_04_28_18_29_50_171.jpg,/home/esteve/self-driving-ND/CarND-Behavioral-Cloning-P3/data_hard/IMG/right_2017_04_28_18_29_50_171.jpg,-0.1654135,0.2484334,0,17.93426
/home/esteve/self-driving-ND/CarND-Behavioral-Cloning-P3/data_hard/IMG/center_2017_04_28_18_29_50_262.jpg,/home/esteve/self-driving-ND/CarND-Behavioral-Cloning-P3/data_hard/IMG/left_2017_04_28_18_29_50_262.jpg,/home/esteve/self-driving-ND/CarND-Behavioral-Cloning-P3/data_hard/IMG/right_2017_04_28_18_29_50_262.jpg,-0.1654135,0.256485,0,18.5297
/home/esteve/self-driving-ND/CarND-Behavioral-Cloning-P3/data_hard/IMG/center_2017_04_28_18_29_50_348.jpg,/home/esteve/self-driving-ND/CarND-Behavioral-Cloning-P3/data_hard/IMG/left_2017_04_28_18_29_50_348.jpg,/home/esteve/self-driving-ND/CarND-Behavioral-Cloning-P3/data_hard/IMG/right_2017_04_28_18_29_50_348.jpg,-0.06015037,0.0006330013,0,19.39705
/home/esteve/self-driving-ND/CarND-Behavioral-Cloning-P3/data_hard/IMG/center_2017_04_28_18_29_50_432.jpg,/home/esteve/self-driving-ND/CarND-Behavioral-Cloning-P3/data_hard/IMG/left_2017_04_28_18_29_50_432.jpg,/home/esteve/self-driving-ND/CarND-Behavioral-Cloning-P3/data_hard/IMG/right_2017_04_28_18_29_50_432.jpg,0.007518797,0,0,19.30527
/home/esteve/self-driving-ND/CarND-Behavioral-Cloning-P3/data_hard/IMG/center_2017_04_28_18_29_50_515.jpg,/home/esteve/self-driving-ND/CarND-Behavioral-Cloning-P3/data_hard/IMG/left_2017_04_28_18_29_50_515.jpg,/home/esteve/self-driving-ND/CarND-Behavioral-Cloning-P3/data_hard/IMG/right_2017_04_28_18_29_50_515.jpg,0.05263158,0.1290121,0,19.46602
/home/esteve/self-driving-ND/CarND-Behavioral-Cloning-P3/data_hard/IMG/center_2017_04_28_18_29_50_599.jpg,/home/esteve/self-driving-ND/CarND-Behavioral-Cloning-P3/data_hard/IMG/left_2017_04_28_18_29_50_599.jpg,/home/esteve/self-driving-ND/CarND-Behavioral-Cloning-P3/data_hard/IMG/right_2017_04_28_18_29_50_599.jpg,0.05263158,0.3804216,0,19.97015
/home/esteve/self-driving-ND/CarND-Behavioral-Cloning-P3/data_hard/IMG/center_2017_04_28_18_29_50_683.jpg,/home/esteve/self-driving-ND/CarND-Behavioral-Cloning-P3/data_hard/IMG/left_2017_04_28_18_29_50_683.jpg,/home/esteve/self-driving-ND/CarND-Behavioral-Cloning-P3/data_hard/IMG/right_2017_04_28_18_29_50_683.jpg,0.06015037,0.2277567,0,20.68477
/home/esteve/self-driving-ND/CarND-Behavioral-Cloning-P3/data_hard/IMG/center_2017_04_28_18_29_50_765.jpg,/home/esteve/self-driving-ND/CarND-Behavioral-Cloning-P3/data_hard/IMG/left_2017_04_28_18_29_50_765.jpg,/home/esteve/self-driving-ND/CarND-Behavioral-Cloning-P3/data_hard/IMG/right_2017_04_28_18_29_50_765.jpg,0.06015037,0,0,20.87909
/home/esteve/self-driving-ND/CarND-Behavioral-Cloning-P3/data_hard/IMG/center_2017_04_28_18_29_50_846.jpg,/home/esteve/self-driving-ND/CarND-Behavioral-Cloning-P3/data_hard/IMG/left_2017_04_28_18_29_50_846.jpg,/home/esteve/self-driving-ND/CarND-Behavioral-Cloning-P3/data_hard/IMG/right_2017_04_28_18_29_50_846.jpg,0.112782,0,0,21.14345
/home/esteve/self-driving-ND/CarND-Behavioral-Cloning-P3/data_hard/IMG/center_2017_04_28_18_29_50_931.jpg,/home/esteve/self-driving-ND/CarND-Behavioral-Cloning-P3/data_hard/IMG/left_2017_04_28_18_29_50_931.jpg,/home/esteve/self-driving-ND/CarND-Behavioral-Cloning-P3/data_hard/IMG/right_2017_04_28_18_29_50_931.jpg,0.4135338,0,0,21.37826
/home/esteve/self-driving-ND/CarND-Behavioral-Cloning-P3/data_hard/IMG/center_2017_04_28_18_29_51_014.jpg,/home/esteve/self-driving-ND/CarND-Behavioral-Cloning-P3/data_hard/IMG/left_2017_04_28_18_29_51_014.jpg,/home/esteve/self-driving-ND/CarND-Behavioral-Cloning-P3/data_hard/IMG/right_2017_04_28_18_29_51_014.jpg,0.4135338,0,0,21.63616
/home/esteve/self-driving-ND/CarND-Behavioral-Cloning-P3/data_hard/IMG/center_2017_04_28_18_29_51_099.jpg,/home/esteve/self-driving-ND/CarND-Behavioral-Cloning-P3/data_hard/IMG/left_2017_04_28_18_29_51_099.jpg,/home/esteve/self-driving-ND/CarND-Behavioral-Cloning-P3/data_hard/IMG/right_2017_04_28_18_29_51_099.jpg,0.3759399,0,0,21.87801
/home/esteve/self-driving-ND/CarND-Behavioral-Cloning-P3/data_hard/IMG/center_2017_04_28_18_29_51_181.jpg,/home/esteve/self-driving-ND/CarND-Behavioral-Cloning-P3/data_hard/IMG/left_2017_04_28_18_29_51_181.jpg,/home/esteve/self-driving-ND/CarND-Behavioral-Cloning-P3/data_hard/IMG/right_2017_04_28_18_29_51_181.jpg,0.368421,0,0,22.10859
/home/esteve/self-driving-ND/CarND-Behavioral-Cloning-P3/data_hard/IMG/center_2017_04_28_18_29_51_263.jpg,/home/esteve/self-driving-ND/CarND-Behavioral-Cloning-P3/data_hard/IMG/left_2017_04_28_18_29_51_263.jpg,/home/esteve/self-driving-ND/CarND-Behavioral-Cloning-P3/data_hard/IMG/right_2017_04_28_18_29_51_263.jpg,0.3609022,0,0,22.48778
/home/esteve/self-driving-ND/CarND-Behavioral-Cloning-P3/data_hard/IMG/center_2017_04_28_18_29_51_349.jpg,/home/esteve/self-driving-ND/CarND-Behavioral-Cloning-P3/data_hard/IMG/left_2017_04_28_18_29_51_349.jpg,/home/esteve/self-driving-ND/CarND-Behavioral-Cloning-P3/data_hard/IMG/right_2017_04_28_18_29_51_349.jpg,0.2556391,0,0,22.75613
/home/esteve/self-driving-ND/CarND-Behavioral-Cloning-P3/data_hard/IMG/center_2017_04_28_18_29_51_432.jpg,/home/esteve/self-driving-ND/CarND-Behavioral-Cloning-P3/data_hard/IMG/left_2017_04_28_18_29_51_432.jpg,/home/esteve/self-driving-ND/CarND-Behavioral-Cloning-P3/data_hard/IMG/right_2017_04_28_18_29_51_432.jpg,0.112782,0,0,22.91182
/home/esteve/self-driving-ND/CarND-Behavioral-Cloning-P3/data_hard/IMG/center_2017_04_28_18_29_51_514.jpg,/home/esteve/self-driving-ND/CarND-Behavioral-Cloning-P3/data_hard/IMG/left_2017_04_28_18_29_51_514.jpg,/home/esteve/self-driving-ND/CarND-Behavioral-Cloning-P3/data_hard/IMG/right_2017_04_28_18_29_51_514.jpg,0.05263158,0,0,23.27516
/home/esteve/self-driving-ND/CarND-Behavioral-Cloning-P3/data_hard/IMG/center_2017_04_28_18_29_51_597.jpg,/home/esteve/self-driving-ND/CarND-Behavioral-Cloning-P3/data_hard/IMG/left_2017_04_28_18_29_51_597.jpg,/home/esteve/self-driving-ND/CarND-Behavioral-Cloning-P3/data_hard/IMG/right_2017_04_28_18_29_51_597.jpg,-0.01503759,0,0,21.37299
/home/esteve/self-driving-ND/CarND-Behavioral-Cloning-P3/data_hard/IMG/center_2017_04_28_18_29_51_683.jpg,/home/esteve/self-driving-ND/CarND-Behavioral-Cloning-P3/data_hard/IMG/left_2017_04_28_18_29_51_683.jpg,/home/esteve/self-driving-ND/CarND-Behavioral-Cloning-P3/data_hard/IMG/right_2017_04_28_18_29_51_683.jpg,-0.06015037,0,0,20.93813
/home/esteve/self-driving-ND/CarND-Behavioral-Cloning-P3/data_hard/IMG/center_2017_04_28_18_29_51_773.jpg,/home/esteve/self-driving-ND/CarND-Behavioral-Cloning-P3/data_hard/IMG/left_2017_04_28_18_29_51_773.jpg,/home/esteve/self-driving-ND/CarND-Behavioral-Cloning-P3/data_hard/IMG/right_2017_04_28_18_29_51_773.jpg,-0.1052632,0,0,18.85678
/home/esteve/self-driving-ND/CarND-Behavioral-Cloning-P3/data_hard/IMG/center_2017_04_28_18_29_51_856.jpg,/home/esteve/self-driving-ND/CarND-Behavioral-Cloning-P3/data_hard/IMG/left_2017_04_28_18_29_51_856.jpg,/home/esteve/self-driving-ND/CarND-Behavioral-Cloning-P3/data_hard/IMG/right_2017_04_28_18_29_51_856.jpg,-0.1052632,0,0,16.90727
/home/esteve/self-driving-ND/CarND-Behavioral-Cloning-P3/data_hard/IMG/center_2017_04_28_18_29_51_931.jpg,/home/esteve/self-driving-ND/CarND-Behavioral-Cloning-P3/data_hard/IMG/left_2017_04_28_18_29_51_931.jpg,/home/esteve/self-driving-ND/CarND-Behavioral-Cloning-P3/data_hard/IMG/right_2017_04_28_18_29_51_931.jpg,-0.06766918,0,0,16.87379
/home/esteve/self-driving-ND/CarND-Behavioral-Cloning-P3/data_hard/IMG/center_2017_04_28_18_29_52_006.jpg,/home/esteve/self-driving-ND/CarND-Behavioral-Cloning-P3/data_hard/IMG/left_2017_04_28_18_29_52_006.jpg,/home/esteve/self-driving-ND/CarND-Behavioral-Cloning-P3/data_hard/IMG/right_2017_04_28_18_29_52_006.jpg,0.01503759,0,0,14.80398
/home/esteve/self-driving-ND/CarND-Behavioral-Cloning-P3/data_hard/IMG/center_2017_04_28_18_29_52_082.jpg,/home/esteve/self-driving-ND/CarND-Behavioral-Cloning-P3/data_hard/IMG/left_2017_04_28_18_29_52_082.jpg,/home/esteve/self-driving-ND/CarND-Behavioral-Cloning-P3/data_hard/IMG/right_2017_04_28_18_29_52_082.jpg,0.06015037,0,0,15.09023
/home/esteve/self-driving-ND/CarND-Behavioral-Cloning-P3/data_hard/IMG/center_2017_04_28_18_29_52_159.jpg,/home/esteve/self-driving-ND/CarND-Behavioral-Cloning-P3/data_hard/IMG/left_2017_04_28_18_29_52_159.jpg,/home/esteve/self-driving-ND/CarND-Behavioral-Cloning-P3/data_hard/IMG/right_2017_04_28_18_29_52_159.jpg,0.08270676,0,0,14.90682
/home/esteve/self-driving-ND/CarND-Behavioral-Cloning-P3/data_hard/IMG/center_2017_04_28_18_29_52_232.jpg,/home/esteve/self-driving-ND/CarND-Behavioral-Cloning-P3/data_hard/IMG/left_2017_04_28_18_29_52_232.jpg,/home/esteve/self-driving-ND/CarND-Behavioral-Cloning-P3/data_hard/IMG/right_2017_04_28_18_29_52_232.jpg,0.07518797,0,0,14.94207
/home/esteve/self-driving-ND/CarND-Behavioral-Cloning-P3/data_hard/IMG/center_2017_04_28_18_29_52_303.jpg,/home/esteve/self-driving-ND/CarND-Behavioral-Cloning-P3/data_hard/IMG/left_2017_04_28_18_29_52_303.jpg,/home/esteve/self-driving-ND/CarND-Behavioral-Cloning-P3/data_hard/IMG/right_2017_04_28_18_29_52_303.jpg,-0.04511278,0,0,14.27689
/home/esteve/self-driving-ND/CarND-Behavioral-Cloning-P3/data_hard/IMG/center_2017_04_28_18_29_52_380.jpg,/home/esteve/self-driving-ND/CarND-Behavioral-Cloning-P3/data_hard/IMG/left_2017_04_28_18_29_52_380.jpg,/home/esteve/self-driving-ND/CarND-Behavioral-Cloning-P3/data_hard/IMG/right_2017_04_28_18_29_52_380.jpg,-0.09774436,0,0,14.31373
/home/esteve/self-driving-ND/CarND-Behavioral-Cloning-P3/data_hard/IMG/center_2017_04_28_18_29_52_458.jpg,/home/esteve/self-driving-ND/CarND-Behavioral-Cloning-P3/data_hard/IMG/left_2017_04_28_18_29_52_458.jpg,/home/esteve/self-driving-ND/CarND-Behavioral-Cloning-P3/data_hard/IMG/right_2017_04_28_18_29_52_458.jpg,-0.1278196,0.2209797,0,14.16866
/home/esteve/self-driving-ND/CarND-Behavioral-Cloning-P3/data_hard/IMG/center_2017_04_28_18_29_52_531.jpg,/home/esteve/self-driving-ND/CarND-Behavioral-Cloning-P3/data_hard/IMG/left_2017_04_28_18_29_52_531.jpg,/home/esteve/self-driving-ND/CarND-Behavioral-Cloning-P3/data_hard/IMG/right_2017_04_28_18_29_52_531.jpg,-0.1654135,0.4490612,0,14.28825
/home/esteve/self-driving-ND/CarND-Behavioral-Cloning-P3/data_hard/IMG/center_2017_04_28_18_29_52_612.jpg,/home/esteve/self-driving-ND/CarND-Behavioral-Cloning-P3/data_hard/IMG/left_2017_04_28_18_29_52_612.jpg,/home/esteve/self-driving-ND/CarND-Behavioral-Cloning-P3/data_hard/IMG/right_2017_04_28_18_29_52_612.jpg,-0.1729323,0.6829083,0,14.62255
/home/esteve/self-driving-ND/CarND-Behavioral-Cloning-P3/data_hard/IMG/center_2017_04_28_18_29_52_685.jpg,/home/esteve/self-driving-ND/CarND-Behavioral-Cloning-P3/data_hard/IMG/left_2017_04_28_18_29_52_685.jpg,/home/esteve/self-driving-ND/CarND-Behavioral-Cloning-P3/data_hard/IMG/right_2017_04_28_18_29_52_685.jpg,-0.1729323,0.4537718,0,14.71419
/home/esteve/self-driving-ND/CarND-Behavioral-Cloning-P3/data_hard/IMG/center_2017_04_28_18_29_52_768.jpg,/home/esteve/self-driving-ND/CarND-Behavioral-Cloning-P3/data_hard/IMG/left_2017_04_28_18_29_52_768.jpg,/home/esteve/self-driving-ND/CarND-Behavioral-Cloning-P3/data_hard/IMG/right_2017_04_28_18_29_52_768.jpg,-0.1729323,0.2149236,0,14.70897
/home/esteve/self-driving-ND/CarND-Behavioral-Cloning-P3/data_hard/IMG/center_2017_04_28_18_29_52_838.jpg,/home/esteve/self-driving-ND/CarND-Behavioral-Cloning-P3/data_hard/IMG/left_2017_04_28_18_29_52_838.jpg,/home/esteve/self-driving-ND/CarND-Behavioral-Cloning-P3/data_hard/IMG/right_2017_04_28_18_29_52_838.jpg,-0.1729323,0.1135862,0,14.53206
/home/esteve/self-driving-ND/CarND-Behavioral-Cloning-P3/data_hard/IMG/center_2017_04_28_18_29_52_913.jpg,/home/esteve/self-driving-ND/CarND-Behavioral-Cloning-P3/data_hard/IMG/left_2017_04_28_18_29_52_913.jpg,/home/esteve/self-driving-ND/CarND-Behavioral-Cloning-P3/data_hard/IMG/right_2017_04_28_18_29_52_913.jpg,-0.1954887,0.3370621,0,14.43519
/home/esteve/self-driving-ND/CarND-Behavioral-Cloning-P3/data_hard/IMG/center_2017_04_28_18_29_52_980.jpg,/home/esteve/self-driving-ND/CarND-Behavioral-Cloning-P3/data_hard/IMG/left_2017_04_28_18_29_52_980.jpg,/home/esteve/self-driving-ND/CarND-Behavioral-Cloning-P3/data_hard/IMG/right_2017_04_28_18_29_52_980.jpg,-0.2030075,0.4953754,0,14.4819
/home/esteve/self-driving-ND/CarND-Behavioral-Cloning-P3/data_hard/IMG/center_2017_04_28_18_29_53_056.jpg,/home/esteve/self-driving-ND/CarND-Behavioral-Cloning-P3/data_hard/IMG/left_2017_04_28_18_29_53_056.jpg,/home/esteve/self-driving-ND/CarND-Behavioral-Cloning-P3/data_hard/IMG/right_2017_04_28_18_29_53_056.jpg,-0.2180451,0.773268,0,14.84674
/home/esteve/self-driving-ND/CarND-Behavioral-Cloning-P3/data_hard/IMG/center_2017_04_28_18_29_53_125.jpg,/home/esteve/self-driving-ND/CarND-Behavioral-Cloning-P3/data_hard/IMG/left_2017_04_28_18_29_53_125.jpg,/home/esteve/self-driving-ND/CarND-Behavioral-Cloning-P3/data_hard/IMG/right_2017_04_28_18_29_53_125.jpg,-0.2180451,0.9826741,0,15.18615
/home/esteve/self-driving-ND/CarND-Behavioral-Cloning-P3/data_hard/IMG/center_2017_04_28_18_29_53_202.jpg,/home/esteve/self-driving-ND/CarND-Behavioral-Cloning-P3/data_hard/IMG/left_2017_04_28_18_29_53_202.jpg,/home/esteve/self-driving-ND/CarND-Behavioral-Cloning-P3/data_hard/IMG/right_2017_04_28_18_29_53_202.jpg,-0.2180451,1,0,15.57254
/home/esteve/self-driving-ND/CarND-Behavioral-Cloning-P3/data_hard/IMG/center_2017_04_28_18_29_53_267.jpg,/home/esteve/self-driving-ND/CarND-Behavioral-Cloning-P3/data_hard/IMG/left_2017_04_28_18_29_53_267.jpg,/home/esteve/self-driving-ND/CarND-Behavioral-Cloning-P3/data_hard/IMG/right_2017_04_28_18_29_53_267.jpg,-0.2180451,0.8451192,0,16.25801
/home/esteve/self-driving-ND/CarND-Behavioral-Cloning-P3/data_hard/IMG/center_2017_04_28_18_29_53_344.jpg,/home/esteve/self-driving-ND/CarND-Behavioral-Cloning-P3/data_hard/IMG/left_2017_04_28_18_29_53_344.jpg,/home/esteve/self-driving-ND/CarND-Behavioral-Cloning-P3/data_hard/IMG/right_2017_04_28_18_29_53_344.jpg,-0.2180451,0.6132462,0,16.5772
/home/esteve/self-driving-ND/CarND-Behavioral-Cloning-P3/data_hard/IMG/center_2017_04_28_18_29_53_416.jpg,/home/esteve/self-driving-ND/CarND-Behavioral-Cloning-P3/data_hard/IMG/left_2017_04_28_18_29_53_416.jpg,/home/esteve/self-driving-ND/CarND-Behavioral-Cloning-P3/data_hard/IMG/right_2017_04_28_18_29_53_416.jpg,-0.2180451,0.3971109,0,16.62662
/home/esteve/self-driving-ND/CarND-Behavioral-Cloning-P3/data_hard/IMG/center_2017_04_28_18_29_53_488.jpg,/home/esteve/self-driving-ND/CarND-Behavioral-Cloning-P3/data_hard/IMG/left_2017_04_28_18_29_53_488.jpg,/home/esteve/self-driving-ND/CarND-Behavioral-Cloning-P3/data_hard/IMG/right_2017_04_28_18_29_53_488.jpg,-0.2857143,0.3848622,0,16.49681
/home/esteve/self-driving-ND/CarND-Behavioral-Cloning-P3/data_hard/IMG/center_2017_04_28_18_29_53_559.jpg,/home/esteve/self-driving-ND/CarND-Behavioral-Cloning-P3/data_hard/IMG/left_2017_04_28_18_29_53_559.jpg,/home/esteve/self-driving-ND/CarND-Behavioral-Cloning-P3/data_hard/IMG/right_2017_04_28_18_29_53_559.jpg,-0.2857143,0.5920296,0,16.31721
/home/esteve/self-driving-ND/CarND-Behavioral-Cloning-P3/data_hard/IMG/center_2017_04_28_18_29_53_632.jpg,/home/esteve/self-driving-ND/CarND-Behavioral-Cloning-P3/data_hard/IMG/left_2017_04_28_18_29_53_632.jpg,/home/esteve/self-driving-ND/CarND-Behavioral-Cloning-P3/data_hard/IMG/right_2017_04_28_18_29_53_632.jpg,-0.2857143,0.8157072,0,16.68252
/home/esteve/self-driving-ND/CarND-Behavioral-Cloning-P3/data_hard/IMG/center_2017_04_28_18_29_53_700.jpg,/home/esteve/self-driving-ND/CarND-Behavioral-Cloning-P3/data_hard/IMG/left_2017_04_28_18_29_53_700.jpg,/home/esteve/self-driving-ND/CarND-Behavioral-Cloning-P3/data_hard/IMG/right_2017_04_28_18_29_53_700.jpg,-0.2857143,0.9697297,0,17.04423
/home/esteve/self-driving-ND/CarND-Behavioral-Cloning-P3/data_hard/IMG/center_2017_04_28_18_29_53_772.jpg,/home/esteve/self-driving-ND/CarND-Behavioral-Cloning-P3/data_hard/IMG/left_2017_04_28_18_29_53_772.jpg,/home/esteve/self-driving-ND/CarND-Behavioral-Cloning-P3/data_hard/IMG/right_2017_04_28_18_29_53_772.jpg,-0.2857143,1,0,17.56411
/home/esteve/self-driving-ND/CarND-Behavioral-Cloning-P3/data_hard/IMG/center_2017_04_28_18_29_53_842.jpg,/home/esteve/self-driving-ND/CarND-Behavioral-Cloning-P3/data_hard/IMG/left_2017_04_28_18_29_53_842.jpg,/home/esteve/self-driving-ND/CarND-Behavioral-Cloning-P3/data_hard/IMG/right_2017_04_28_18_29_53_842.jpg,-0.3007519,1,0,18.10195
/home/esteve/self-driving-ND/CarND-Behavioral-Cloning-P3/data_hard/IMG/center_2017_04_28_18_29_53_912.jpg,/home/esteve/self-driving-ND/CarND-Behavioral-Cloning-P3/data_hard/IMG/left_2017_04_28_18_29_53_912.jpg,/home/esteve/self-driving-ND/CarND-Behavioral-Cloning-P3/data_hard/IMG/right_2017_04_28_18_29_53_912.jpg,-0.3082707,0.9482319,0,18.20394
/home/esteve/self-driving-ND/CarND-Behavioral-Cloning-P3/data_hard/IMG/center_2017_04_28_18_29_53_985.jpg,/home/esteve/self-driving-ND/CarND-Behavioral-Cloning-P3/data_hard/IMG/left_2017_04_28_18_29_53_985.jpg,/home/esteve/self-driving-ND/CarND-Behavioral-Cloning-P3/data_hard/IMG/right_2017_04_28_18_29_53_985.jpg,-0.3082707,0.7284367,0,18.68887
/home/esteve/self-driving-ND/CarND-Behavioral-Cloning-P3/data_hard/IMG/center_2017_04_28_18_29_54_053.jpg,/home/esteve/self-driving-ND/CarND-Behavioral-Cloning-P3/data_hard/IMG/left_2017_04_28_18_29_54_053.jpg,/home/esteve/self-driving-ND/CarND-Behavioral-Cloning-P3/data_hard/IMG/right_2017_04_28_18_29_54_053.jpg,-0.3082707,0.524473,0,18.68975
/home/esteve/self-driving-ND/CarND-Behavioral-Cloning-P3/data_hard/IMG/center_2017_04_28_18_29_54_129.jpg,/home/esteve/self-driving-ND/CarND-Behavioral-Cloning-P3/data_hard/IMG/left_2017_04_28_18_29_54_129.jpg,/home/esteve/self-driving-ND/CarND-Behavioral-Cloning-P3/data_hard/IMG/right_2017_04_28_18_29_54_129.jpg,-0.3007519,0.2976274,0,18.59547
/home/esteve/self-driving-ND/CarND-Behavioral-Cloning-P3/data_hard/IMG/center_2017_04_28_18_29_54_199.jpg,/home/esteve/self-driving-ND/CarND-Behavioral-Cloning-P3/data_hard/IMG/left_2017_04_28_18_29_54_199.jpg,/home/esteve/self-driving-ND/CarND-Behavioral-Cloning-P3/data_hard/IMG/right_2017_04_28_18_29_54_199.jpg,-0.3007519,0.08529949,0,18.51189
/home/esteve/self-driving-ND/CarND-Behavioral-Cloning-P3/data_hard/IMG/center_2017_04_28_18_29_54_272.jpg,/home/esteve/self-driving-ND/CarND-Behavioral-Cloning-P3/data_hard/IMG/left_2017_04_28_18_29_54_272.jpg,/home/esteve/self-driving-ND/CarND-Behavioral-Cloning-P3/data_hard/IMG/right_2017_04_28_18_29_54_272.jpg,-0.2932331,0.1127486,0,18.15401
/home/esteve/self-driving-ND/CarND-Behavioral-Cloning-P3/data_hard/IMG/center_2017_04_28_18_29_54_356.jpg,/home/esteve/self-driving-ND/CarND-Behavioral-Cloning-P3/data_hard/IMG/left_2017_04_28_18_29_54_356.jpg,/home/esteve/self-driving-ND/CarND-Behavioral-Cloning-P3/data_hard/IMG/right_2017_04_28_18_29_54_356.jpg,-0.2781955,0.3644936,0,17.76548
/home/esteve/self-driving-ND/CarND-Behavioral-Cloning-P3/data_hard/IMG/center_2017_04_28_18_29_54_425.jpg,/home/esteve/self-driving-ND/CarND-Behavioral-Cloning-P3/data_hard/IMG/left_2017_04_28_18_29_54_425.jpg,/home/esteve/self-driving-ND/CarND-Behavioral-Cloning-P3/data_hard/IMG/right_2017_04_28_18_29_54_425.jpg,-0.2781955,0.5718205,0,17.71774
/home/esteve/self-driving-ND/CarND-Behavioral-Cloning-P3/data_hard/IMG/center_2017_04_28_18_29_54_498.jpg,/home/esteve/self-driving-ND/CarND-Behavioral-Cloning-P3/data_hard/IMG/left_2017_04_28_18_29_54_498.jpg,/home/esteve/self-driving-ND/CarND-Behavioral-Cloning-P3/data_hard/IMG/right_2017_04_28_18_29_54_498.jpg,-0.2781955,0.3540144,0,17.53747
/home/esteve/self-driving-ND/CarND-Behavioral-Cloning-P3/data_hard/IMG/center_2017_04_28_18_29_54_565.jpg,/home/esteve/self-driving-ND/CarND-Behavioral-Cloning-P3/data_hard/IMG/left_2017_04_28_18_29_54_565.jpg,/home/esteve/self-driving-ND/CarND-Behavioral-Cloning-P3/data_hard/IMG/right_2017_04_28_18_29_54_565.jpg,-0.2781955,0.1526814,0,17.32725
/home/esteve/self-driving-ND/CarND-Behavioral-Cloning-P3/data_hard/IMG/center_2017_04_28_18_29_54_638.jpg,/home/esteve/self-driving-ND/CarND-Behavioral-Cloning-P3/data_hard/IMG/left_2017_04_28_18_29_54_638.jpg,/home/esteve/self-driving-ND/CarND-Behavioral-Cloning-P3/data_hard/IMG/right_2017_04_28_18_29_54_638.jpg,-0.1879699,0,0,17.32436
/home/esteve/self-driving-ND/CarND-Behavioral-Cloning-P3/data_hard/IMG/center_2017_04_28_18_29_54_708.jpg,/home/esteve/self-driving-ND/CarND-Behavioral-Cloning-P3/data_hard/IMG/left_2017_04_28_18_29_54_708.jpg,/home/esteve/self-driving-ND/CarND-Behavioral-Cloning-P3/data_hard/IMG/right_2017_04_28_18_29_54_708.jpg,-0.1353384,0,0,16.76011
/home/esteve/self-driving-ND/CarND-Behavioral-Cloning-P3/data_hard/IMG/center_2017_04_28_18_29_54_781.jpg,/home/esteve/self-driving-ND/CarND-Behavioral-Cloning-P3/data_hard/IMG/left_2017_04_28_18_29_54_781.jpg,/home/esteve/self-driving-ND/CarND-Behavioral-Cloning-P3/data_hard/IMG/right_2017_04_28_18_29_54_781.jpg,-0.09774436,0,0,16.03128
/home/esteve/self-driving-ND/CarND-Behavioral-Cloning-P3/data_hard/IMG/center_2017_04_28_18_29_54_854.jpg,/home/esteve/self-driving-ND/CarND-Behavioral-Cloning-P3/data_hard/IMG/left_2017_04_28_18_29_54_854.jpg,/home/esteve/self-driving-ND/CarND-Behavioral-Cloning-P3/data_hard/IMG/right_2017_04_28_18_29_54_854.jpg,-0.09022556,0.1215334,0,15.4851
/home/esteve/self-driving-ND/CarND-Behavioral-Cloning-P3/data_hard/IMG/center_2017_04_28_18_29_54_920.jpg,/home/esteve/self-driving-ND/CarND-Behavioral-Cloning-P3/data_hard/IMG/left_2017_04_28_18_29_54_920.jpg,/home/esteve/self-driving-ND/CarND-Behavioral-Cloning-P3/data_hard/IMG/right_2017_04_28_18_29_54_920.jpg,-0.09022556,0.2761023,0,15.74326
/home/esteve/self-driving-ND/CarND-Behavioral-Cloning-P3/data_hard/IMG/center_2017_04_28_18_29_54_990.jpg,/home/esteve/self-driving-ND/CarND-Behavioral-Cloning-P3/data_hard/IMG/left_2017_04_28_18_29_54_990.jpg,/home/esteve/self-driving-ND/CarND-Behavioral-Cloning-P3/data_hard/IMG/right_2017_04_28_18_29_54_990.jpg,-0.09022556,0.5368023,0,15.67433
/home/esteve/self-driving-ND/CarND-Behavioral-Cloning-P3/data_hard/IMG/center_2017_04_28_18_29_55_061.jpg,/home/esteve/self-driving-ND/CarND-Behavioral-Cloning-P3/data_hard/IMG/left_2017_04_28_18_29_55_061.jpg,/home/esteve/self-driving-ND/CarND-Behavioral-Cloning-P3/data_hard/IMG/right_2017_04_28_18_29_55_061.jpg,-0.09022556,0.6972034,0,15.43128
/home/esteve/self-driving-ND/CarND-Behavioral-Cloning-P3/data_hard/IMG/center_2017_04_28_18_29_55_141.jpg,/home/esteve/self-driving-ND/CarND-Behavioral-Cloning-P3/data_hard/IMG/left_2017_04_28_18_29_55_141.jpg,/home/esteve/self-driving-ND/CarND-Behavioral-Cloning-P3/data_hard/IMG/right_2017_04_28_18_29_55_141.jpg,-0.1353384,0.6476369,0,15.83063
/home/esteve/self-driving-ND/CarND-Behavioral-Cloning-P3/data_hard/IMG/center_2017_04_28_18_29_55_211.jpg,/home/esteve/self-driving-ND/CarND-Behavioral-Cloning-P3/data_hard/IMG/left_2017_04_28_18_29_55_211.jpg,/home/esteve/self-driving-ND/CarND-Behavioral-Cloning-P3/data_hard/IMG/right_2017_04_28_18_29_55_211.jpg,-0.1879699,0.3861566,0,15.94314
/home/esteve/self-driving-ND/CarND-Behavioral-Cloning-P3/data_hard/IMG/center_2017_04_28_18_29_55_280.jpg,/home/esteve/self-driving-ND/CarND-Behavioral-Cloning-P3/data_hard/IMG/left_2017_04_28_18_29_55_280.jpg,/home/esteve/self-driving-ND/CarND-Behavioral-Cloning-P3/data_hard/IMG/right_2017_04_28_18_29_55_280.jpg,-0.2030075,0.2301686,0,15.70984
/home/esteve/self-driving-ND/CarND-Behavioral-Cloning-P3/data_hard/IMG/center_2017_04_28_18_29_55_349.jpg,/home/esteve/self-driving-ND/CarND-Behavioral-Cloning-P3/data_hard/IMG/left_2017_04_28_18_29_55_349.jpg,/home/esteve/self-driving-ND/CarND-Behavioral-Cloning-P3/data_hard/IMG/right_2017_04_28_18_29_55_349.jpg,-0.2030075,0,0,15.26105
/home/esteve/self-driving-ND/CarND-Behavioral-Cloning-P3/data_hard/IMG/center_2017_04_28_18_29_55_421.jpg,/home/esteve/self-driving-ND/CarND-Behavioral-Cloning-P3/data_hard/IMG/left_2017_04_28_18_29_55_421.jpg,/home/esteve/self-driving-ND/CarND-Behavioral-Cloning-P3/data_hard/IMG/right_2017_04_28_18_29_55_421.jpg,-0.2030075,0,0,15.36463
/home/esteve/self-driving-ND/CarND-Behavioral-Cloning-P3/data_hard/IMG/center_2017_04_28_18_29_55_490.jpg,/home/esteve/self-driving-ND/CarND-Behavioral-Cloning-P3/data_hard/IMG/left_2017_04_28_18_29_55_490.jpg,/home/esteve/self-driving-ND/CarND-Behavioral-Cloning-P3/data_hard/IMG/right_2017_04_28_18_29_55_490.jpg,-0.2030075,0,0,14.9486
/home/esteve/self-driving-ND/CarND-Behavioral-Cloning-P3/data_hard/IMG/center_2017_04_28_18_29_55_560.jpg,/home/esteve/self-driving-ND/CarND-Behavioral-Cloning-P3/data_hard/IMG/left_2017_04_28_18_29_55_560.jpg,/home/esteve/self-driving-ND/CarND-Behavioral-Cloning-P3/data_hard/IMG/right_2017_04_28_18_29_55_560.jpg,-0.2330827,0.2116199,0,14.19726
/home/esteve/self-driving-ND/CarND-Behavioral-Cloning-P3/data_hard/IMG/center_2017_04_28_18_29_55_627.jpg,/home/esteve/self-driving-ND/CarND-Behavioral-Cloning-P3/data_hard/IMG/left_2017_04_28_18_29_55_627.jpg,/home/esteve/self-driving-ND/CarND-Behavioral-Cloning-P3/data_hard/IMG/right_2017_04_28_18_29_55_627.jpg,-0.3157895,0.4170842,0,14.13106
/home/esteve/self-driving-ND/CarND-Behavioral-Cloning-P3/data_hard/IMG/center_2017_04_28_18_29_55_696.jpg,/home/esteve/self-driving-ND/CarND-Behavioral-Cloning-P3/data_hard/IMG/left_2017_04_28_18_29_55_696.jpg,/home/esteve/self-driving-ND/CarND-Behavioral-Cloning-P3/data_hard/IMG/right_2017_04_28_18_29_55_696.jpg,-0.3383459,0.6253288,0,14.61067
/home/esteve/self-driving-ND/CarND-Behavioral-Cloning-P3/data_hard/IMG/center_2017_04_28_18_29_55_768.jpg,/home/esteve/self-driving-ND/CarND-Behavioral-Cloning-P3/data_hard/IMG/left_2017_04_28_18_29_55_768.jpg,/home/esteve/self-driving-ND/CarND-Behavioral-Cloning-P3/data_hard/IMG/right_2017_04_28_18_29_55_768.jpg,-0.3458647,0.6345155,0,14.82557
/home/esteve/self-driving-ND/CarND-Behavioral-Cloning-P3/data_hard/IMG/center_2017_04_28_18_29_55_839.jpg,/home/esteve/self-driving-ND/CarND-Behavioral-Cloning-P3/data_hard/IMG/left_2017_04_28_18_29_55_839.jpg,/home/esteve/self-driving-ND/CarND-Behavioral-Cloning-P3/data_hard/IMG/right_2017_04_28_18_29_55_839.jpg,-0.3458647,0.4207442,0,14.91149
/home/esteve/self-driving-ND/CarND-Behavioral-Cloning-P3/data_hard/IMG/center_2017_04_28_18_29_55_909.jpg,/home/esteve/self-driving-ND/CarND-Behavioral-Cloning-P3/data_hard/IMG/left_2017_04_28_18_29_55_909.jpg,/home/esteve/self-driving-ND/CarND-Behavioral-Cloning-P3/data_hard/IMG/right_2017_04_28_18_29_55_909.jpg,-0.3458647,0.2119024,0,14.80588
/home/esteve/self-driving-ND/CarND-Behavioral-Cloning-P3/data_hard/IMG/center_2017_04_28_18_29_55_981.jpg,/home/esteve/self-driving-ND/CarND-Behavioral-Cloning-P3/data_hard/IMG/left_2017_04_28_18_29_55_981.jpg,/home/esteve/self-driving-ND/CarND-Behavioral-Cloning-P3/data_hard/IMG/right_2017_04_28_18_29_55_981.jpg,-0.3458647,0.002810955,0,14.65169
/home/esteve/self-driving-ND/CarND-Behavioral-Cloning-P3/data_hard/IMG/center_2017_04_28_18_29_56_050.jpg,/home/esteve/self-driving-ND/CarND-Behavioral-Cloning-P3/data_hard/IMG/left_2017_04_28_18_29_56_050.jpg,/home/esteve/self-driving-ND/CarND-Behavioral-Cloning-P3/data_hard/IMG/right_2017_04_28_18_29_56_050.jpg,-0.3458647,0.05438948,0,14.33684
/home/esteve/self-driving-ND/CarND-Behavioral-Cloning-P3/data_hard/IMG/center_2017_04_28_18_29_56_117.jpg,/home/esteve/self-driving-ND/CarND-Behavioral-Cloning-P3/data_hard/IMG/left_2017_04_28_18_29_56_117.jpg,/home/esteve/self-driving-ND/CarND-Behavioral-Cloning-P3/data_hard/IMG/right_2017_04_28_18_29_56_117.jpg,-0.3458647,0.2624273,0,14.17742
/home/esteve/self-driving-ND/CarND-Behavioral-Cloning-P3/data_hard/IMG/center_2017_04_28_18_29_56_186.jpg,/home/esteve/self-driving-ND/CarND-Behavioral-Cloning-P3/data_hard/IMG/left_2017_04_28_18_29_56_186.jpg,/home/esteve/self-driving-ND/CarND-Behavioral-Cloning-P3/data_hard/IMG/right_2017_04_28_18_29_56_186.jpg,-0.3458647,0.470094,0,14.2453
/home/esteve/self-driving-ND/CarND-Behavioral-Cloning-P3/data_hard/IMG/center_2017_04_28_18_29_56_255.jpg,/home/esteve/self-driving-ND/CarND-Behavioral-Cloning-P3/data_hard/IMG/left_2017_04_28_18_29_56_255.jpg,/home/esteve/self-driving-ND/CarND-Behavioral-Cloning-P3/data_hard/IMG/right_2017_04_28_18_29_56_255.jpg,-0.3458647,0.3678989,0,14.43503
/home/esteve/self-driving-ND/CarND-Behavioral-Cloning-P3/data_hard/IMG/center_2017_04_28_18_29_56_327.jpg,/home/esteve/self-driving-ND/CarND-Behavioral-Cloning-P3/data_hard/IMG/left_2017_04_28_18_29_56_327.jpg,/home/esteve/self-driving-ND/CarND-Behavioral-Cloning-P3/data_hard/IMG/right_2017_04_28_18_29_56_327.jpg,-0.3458647,0.1599448,0,14.47158
/home/esteve/self-driving-ND/CarND-Behavioral-Cloning-P3/data_hard/IMG/center_2017_04_28_18_29_56_401.jpg,/home/esteve/self-driving-ND/CarND-Behavioral-Cloning-P3/data_hard/IMG/left_2017_04_28_18_29_56_401.jpg,/home/esteve/self-driving-ND/CarND-Behavioral-Cloning-P3/data_hard/IMG/right_2017_04_28_18_29_56_401.jpg,-0.3458647,0,0,14.3006
/home/esteve/self-driving-ND/CarND-Behavioral-Cloning-P3/data_hard/IMG/center_2017_04_28_18_29_56_466.jpg,/home/esteve/self-driving-ND/CarND-Behavioral-Cloning-P3/data_hard/IMG/left_2017_04_28_18_29_56_466.jpg,/home/esteve/self-driving-ND/CarND-Behavioral-Cloning-P3/data_hard/IMG/right_2017_04_28_18_29_56_466.jpg,-0.3458647,0.1024354,0,14.03276
/home/esteve/self-driving-ND/CarND-Behavioral-Cloning-P3/data_hard/IMG/center_2017_04_28_18_29_56_546.jpg,/home/esteve/self-driving-ND/CarND-Behavioral-Cloning-P3/data_hard/IMG/left_2017_04_28_18_29_56_546.jpg,/home/esteve/self-driving-ND/CarND-Behavioral-Cloning-P3/data_hard/IMG/right_2017_04_28_18_29_56_546.jpg,-0.3458647,0.3324358,0,14.05877
/home/esteve/self-driving-ND/CarND-Behavioral-Cloning-P3/data_hard/IMG/center_2017_04_28_18_29_56_615.jpg,/home/esteve/self-driving-ND/CarND-Behavioral-Cloning-P3/data_hard/IMG/left_2017_04_28_18_29_56_615.jpg,/home/esteve/self-driving-ND/CarND-Behavioral-Cloning-P3/data_hard/IMG/right_2017_04_28_18_29_56_615.jpg,-0.3458647,0.5462043,0,14.11358
/home/esteve/self-driving-ND/CarND-Behavioral-Cloning-P3/data_hard/IMG/center_2017_04_28_18_29_56_693.jpg,/home/esteve/self-driving-ND/CarND-Behavioral-Cloning-P3/data_hard/IMG/left_2017_04_28_18_29_56_693.jpg,/home/esteve/self-driving-ND/CarND-Behavioral-Cloning-P3/data_hard/IMG/right_2017_04_28_18_29_56_693.jpg,-0.3458647,0.7738652,0,14.51865
/home/esteve/self-driving-ND/CarND-Behavioral-Cloning-P3/data_hard/IMG/center_2017_04_28_18_29_56_764.jpg,/home/esteve/self-driving-ND/CarND-Behavioral-Cloning-P3/data_hard/IMG/left_2017_04_28_18_29_56_764.jpg,/home/esteve/self-driving-ND/CarND-Behavioral-Cloning-P3/data_hard/IMG/right_2017_04_28_18_29_56_764.jpg,-0.3458647,0.9938579,0,15.11596
/home/esteve/self-driving-ND/CarND-Behavioral-Cloning-P3/data_hard/IMG/center_2017_04_28_18_29_56_851.jpg,/home/esteve/self-driving-ND/CarND-Behavioral-Cloning-P3/data_hard/IMG/left_2017_04_28_18_29_56_851.jpg,/home/esteve/self-driving-ND/CarND-Behavioral-Cloning-P3/data_hard/IMG/right_2017_04_28_18_29_56_851.jpg,-0.3458647,0.8517976,0,16.21206
/home/esteve/self-driving-ND/CarND-Behavioral-Cloning-P3/data_hard/IMG/center_2017_04_28_18_29_56_922.jpg,/home/esteve/self-driving-ND/CarND-Behavioral-Cloning-P3/data_hard/IMG/left_2017_04_28_18_29_56_922.jpg,/home/esteve/self-driving-ND/CarND-Behavioral-Cloning-P3/data_hard/IMG/right_2017_04_28_18_29_56_922.jpg,-0.3458647,0.6410804,0,16.72532
/home/esteve/self-driving-ND/CarND-Behavioral-Cloning-P3/data_hard/IMG/center_2017_04_28_18_29_56_996.jpg,/home/esteve/self-driving-ND/CarND-Behavioral-Cloning-P3/data_hard/IMG/left_2017_04_28_18_29_56_996.jpg,/home/esteve/self-driving-ND/CarND-Behavioral-Cloning-P3/data_hard/IMG/right_2017_04_28_18_29_56_996.jpg,-0.3458647,0.4181445,0,17.12838
/home/esteve/self-driving-ND/CarND-Behavioral-Cloning-P3/data_hard/IMG/center_2017_04_28_18_29_57_061.jpg,/home/esteve/self-driving-ND/CarND-Behavioral-Cloning-P3/data_hard/IMG/left_2017_04_28_18_29_57_061.jpg,/home/esteve/self-driving-ND/CarND-Behavioral-Cloning-P3/data_hard/IMG/right_2017_04_28_18_29_57_061.jpg,-0.3458647,0.2650211,0,17.22184
/home/esteve/self-driving-ND/CarND-Behavioral-Cloning-P3/data_hard/IMG/center_2017_04_28_18_29_57_140.jpg,/home/esteve/self-driving-ND/CarND-Behavioral-Cloning-P3/data_hard/IMG/left_2017_04_28_18_29_57_140.jpg,/home/esteve/self-driving-ND/CarND-Behavioral-Cloning-P3/data_hard/IMG/right_2017_04_28_18_29_57_140.jpg,-0.3458647,0,0,17.31482
/home/esteve/self-driving-ND/CarND-Behavioral-Cloning-P3/data_hard/IMG/center_2017_04_28_18_29_57_216.jpg,/home/esteve/self-driving-ND/CarND-Behavioral-Cloning-P3/data_hard/IMG/left_2017_04_28_18_29_57_216.jpg,/home/esteve/self-driving-ND/CarND-Behavioral-Cloning-P3/data_hard/IMG/right_2017_04_28_18_29_57_216.jpg,-0.3458647,0.06428075,0,17.40413
/home/esteve/self-driving-ND/CarND-Behavioral-Cloning-P3/data_hard/IMG/center_2017_04_28_18_29_57_289.jpg,/home/esteve/self-driving-ND/CarND-Behavioral-Cloning-P3/data_hard/IMG/left_2017_04_28_18_29_57_289.jpg,/home/esteve/self-driving-ND/CarND-Behavioral-Cloning-P3/data_hard/IMG/right_2017_04_28_18_29_57_289.jpg,-0.3458647,0.272187,0,17.48442
/home/esteve/self-driving-ND/CarND-Behavioral-Cloning-P3/data_hard/IMG/center_2017_04_28_18_29_57_362.jpg,/home/esteve/self-driving-ND/CarND-Behavioral-Cloning-P3/data_hard/IMG/left_2017_04_28_18_29_57_362.jpg,/home/esteve/self-driving-ND/CarND-Behavioral-Cloning-P3/data_hard/IMG/right_2017_04_28_18_29_57_362.jpg,-0.3458647,0.3720918,0,17.53966
/home/esteve/self-driving-ND/CarND-Behavioral-Cloning-P3/data_hard/IMG/center_2017_04_28_18_29_57_432.jpg,/home/esteve/self-driving-ND/CarND-Behavioral-Cloning-P3/data_hard/IMG/left_2017_04_28_18_29_57_432.jpg,/home/esteve/self-driving-ND/CarND-Behavioral-Cloning-P3/data_hard/IMG/right_2017_04_28_18_29_57_432.jpg,-0.3458647,0.16274,0,17.82264
/home/esteve/self-driving-ND/CarND-Behavioral-Cloning-P3/data_hard/IMG/center_2017_04_28_18_29_57_508.jpg,/home/esteve/self-driving-ND/CarND-Behavioral-Cloning-P3/data_hard/IMG/left_2017_04_28_18_29_57_508.jpg,/home/esteve/self-driving-ND/CarND-Behavioral-Cloning-P3/data_hard/IMG/right_2017_04_28_18_29_57_508.jpg,-0.3458647,0,0,18.01353
/home/esteve/self-driving-ND/CarND-Behavioral-Cloning-P3/data_hard/IMG/center_2017_04_28_18_29_57_579.jpg,/home/esteve/self-driving-ND/CarND-Behavioral-Cloning-P3/data_hard/IMG/left_2017_04_28_18_29_57_579.jpg,/home/esteve/self-driving-ND/CarND-Behavioral-Cloning-P3/data_hard/IMG/right_2017_04_28_18_29_57_579.jpg,-0.3458647,0,0,18.22885
/home/esteve/self-driving-ND/CarND-Behavioral-Cloning-P3/data_hard/IMG/center_2017_04_28_18_29_57_655.jpg,/home/esteve/self-driving-ND/CarND-Behavioral-Cloning-P3/data_hard/IMG/left_2017_04_28_18_29_57_655.jpg,/home/esteve/self-driving-ND/CarND-Behavioral-Cloning-P3/data_hard/IMG/right_2017_04_28_18_29_57_655.jpg,-0.3458647,0,0,18.29501
/home/esteve/self-driving-ND/CarND-Behavioral-Cloning-P3/data_hard/IMG/center_2017_04_28_18_29_57_732.jpg,/home/esteve/self-driving-ND/CarND-Behavioral-Cloning-P3/data_hard/IMG/left_2017_04_28_18_29_57_732.jpg,/home/esteve/self-driving-ND/CarND-Behavioral-Cloning-P3/data_hard/IMG/right_2017_04_28_18_29_57_732.jpg,-0.3458647,0.2323651,0,18.54428
/home/esteve/self-driving-ND/CarND-Behavioral-Cloning-P3/data_hard/IMG/center_2017_04_28_18_29_57_813.jpg,/home/esteve/self-driving-ND/CarND-Behavioral-Cloning-P3/data_hard/IMG/left_2017_04_28_18_29_57_813.jpg,/home/esteve/self-driving-ND/CarND-Behavioral-Cloning-P3/data_hard/IMG/right_2017_04_28_18_29_57_813.jpg,-0.3458647,0.2134924,0,18.85017
/home/esteve/self-driving-ND/CarND-Behavioral-Cloning-P3/data_hard/IMG/center_2017_04_28_18_29_57_886.jpg,/home/esteve/self-driving-ND/CarND-Behavioral-Cloning-P3/data_hard/IMG/left_2017_04_28_18_29_57_886.jpg,/home/esteve/self-driving-ND/CarND-Behavioral-Cloning-P3/data_hard/IMG/right_2017_04_28_18_29_57_886.jpg,-0.3383459,0,0,19.07924
/home/esteve/self-driving-ND/CarND-Behavioral-Cloning-P3/data_hard/IMG/center_2017_04_28_18_29_57_960.jpg,/home/esteve/self-driving-ND/CarND-Behavioral-Cloning-P3/data_hard/IMG/left_2017_04_28_18_29_57_960.jpg,/home/esteve/self-driving-ND/CarND-Behavioral-Cloning-P3/data_hard/IMG/right_2017_04_28_18_29_57_960.jpg,-0.3233083,0,0,18.94485
/home/esteve/self-driving-ND/CarND-Behavioral-Cloning-P3/data_hard/IMG/center_2017_04_28_18_29_58_037.jpg,/home/esteve/self-driving-ND/CarND-Behavioral-Cloning-P3/data_hard/IMG/left_2017_04_28_18_29_58_037.jpg,/home/esteve/self-driving-ND/CarND-Behavioral-Cloning-P3/data_hard/IMG/right_2017_04_28_18_29_58_037.jpg,-0.3082707,0,0,19.07826
/home/esteve/self-driving-ND/CarND-Behavioral-Cloning-P3/data_hard/IMG/center_2017_04_28_18_29_58_108.jpg,/home/esteve/self-driving-ND/CarND-Behavioral-Cloning-P3/data_hard/IMG/left_2017_04_28_18_29_58_108.jpg,/home/esteve/self-driving-ND/CarND-Behavioral-Cloning-P3/data_hard/IMG/right_2017_04_28_18_29_58_108.jpg,-0.2932331,0,0,19.1164
/home/esteve/self-driving-ND/CarND-Behavioral-Cloning-P3/data_hard/IMG/center_2017_04_28_18_29_58_183.jpg,/home/esteve/self-driving-ND/CarND-Behavioral-Cloning-P3/data_hard/IMG/left_2017_04_28_18_29_58_183.jpg,/home/esteve/self-driving-ND/CarND-Behavioral-Cloning-P3/data_hard/IMG/right_2017_04_28_18_29_58_183.jpg,-0.2932331,0,0,19.39792
/home/esteve/self-driving-ND/CarND-Behavioral-Cloning-P3/data_hard/IMG/center_2017_04_28_18_29_58_263.jpg,/home/esteve/self-driving-ND/CarND-Behavioral-Cloning-P3/data_hard/IMG/left_2017_04_28_18_29_58_263.jpg,/home/esteve/self-driving-ND/CarND-Behavioral-Cloning-P3/data_hard/IMG/right_2017_04_28_18_29_58_263.jpg,-0.2781955,0.23913,0,19.69998
/home/esteve/self-driving-ND/CarND-Behavioral-Cloning-P3/data_hard/IMG/center_2017_04_28_18_29_58_336.jpg,/home/esteve/self-driving-ND/CarND-Behavioral-Cloning-P3/data_hard/IMG/left_2017_04_28_18_29_58_336.jpg,/home/esteve/self-driving-ND/CarND-Behavioral-Cloning-P3/data_hard/IMG/right_2017_04_28_18_29_58_336.jpg,-0.2781955,0.01955366,0,20.13664
/home/esteve/self-driving-ND/CarND-Behavioral-Cloning-P3/data_hard/IMG/center_2017_04_28_18_29_58_413.jpg,/home/esteve/self-driving-ND/CarND-Behavioral-Cloning-P3/data_hard/IMG/left_2017_04_28_18_29_58_413.jpg,/home/esteve/self-driving-ND/CarND-Behavioral-Cloning-P3/data_hard/IMG/right_2017_04_28_18_29_58_413.jpg,-0.2781955,0,0,20.36962
/home/esteve/self-driving-ND/CarND-Behavioral-Cloning-P3/data_hard/IMG/center_2017_04_28_18_29_58_489.jpg,/home/esteve/self-driving-ND/CarND-Behavioral-Cloning-P3/data_hard/IMG/left_2017_04_28_18_29_58_489.jpg,/home/esteve/self-driving-ND/CarND-Behavioral-Cloning-P3/data_hard/IMG/right_2017_04_28_18_29_58_489.jpg,-0.2781955,0,0,20.52851
/home/esteve/self-driving-ND/CarND-Behavioral-Cloning-P3/data_hard/IMG/center_2017_04_28_18_29_58_571.jpg,/home/esteve/self-driving-ND/CarND-Behavioral-Cloning-P3/data_hard/IMG/left_2017_04_28_18_29_58_571.jpg,/home/esteve/self-driving-ND/CarND-Behavioral-Cloning-P3/data_hard/IMG/right_2017_04_28_18_29_58_571.jpg,-0.2781955,0,0,20.70624
/home/esteve/self-driving-ND/CarND-Behavioral-Cloning-P3/data_hard/IMG/center_2017_04_28_18_29_58_651.jpg,/home/esteve/self-driving-ND/CarND-Behavioral-Cloning-P3/data_hard/IMG/left_2017_04_28_18_29_58_651.jpg,/home/esteve/self-driving-ND/CarND-Behavioral-Cloning-P3/data_hard/IMG/right_2017_04_28_18_29_58_651.jpg,-0.2781955,0,0,20.86224
/home/esteve/self-driving-ND/CarND-Behavioral-Cloning-P3/data_hard/IMG/center_2017_04_28_18_29_58_727.jpg,/home/esteve/self-driving-ND/CarND-Behavioral-Cloning-P3/data_hard/IMG/left_2017_04_28_18_29_58_727.jpg,/home/esteve/self-driving-ND/CarND-Behavioral-Cloning-P3/data_hard/IMG/right_2017_04_28_18_29_58_727.jpg,-0.2706767,0,0,21.11625
/home/esteve/self-driving-ND/CarND-Behavioral-Cloning-P3/data_hard/IMG/center_2017_04_28_18_29_58_811.jpg,/home/esteve/self-driving-ND/CarND-Behavioral-Cloning-P3/data_hard/IMG/left_2017_04_28_18_29_58_811.jpg,/home/esteve/self-driving-ND/CarND-Behavioral-Cloning-P3/data_hard/IMG/right_2017_04_28_18_29_58_811.jpg,-0.2105263,0.1841226,0,21.32331
/home/esteve/self-driving-ND/CarND-Behavioral-Cloning-P3/data_hard/IMG/center_2017_04_28_18_29_58_886.jpg,/home/esteve/self-driving-ND/CarND-Behavioral-Cloning-P3/data_hard/IMG/left_2017_04_28_18_29_58_886.jpg,/home/esteve/self-driving-ND/CarND-Behavioral-Cloning-P3/data_hard/IMG/right_2017_04_28_18_29_58_886.jpg,-0.2030075,0.4083602,0,21.70886
/home/esteve/self-driving-ND/CarND-Behavioral-Cloning-P3/data_hard/IMG/center_2017_04_28_18_29_58_965.jpg,/home/esteve/self-driving-ND/CarND-Behavioral-Cloning-P3/data_hard/IMG/left_2017_04_28_18_29_58_965.jpg,/home/esteve/self-driving-ND/CarND-Behavioral-Cloning-P3/data_hard/IMG/right_2017_04_28_18_29_58_965.jpg,-0.2030075,0.1715791,0,22.19755
/home/esteve/self-driving-ND/CarND-Behavioral-Cloning-P3/data_hard/IMG/center_2017_04_28_18_29_59_044.jpg,/home/esteve/self-driving-ND/CarND-Behavioral-Cloning-P3/data_hard/IMG/left_2017_04_28_18_29_59_044.jpg,/home/esteve/self-driving-ND/CarND-Behavioral-Cloning-P3/data_hard/IMG/right_2017_04_28_18_29_59_044.jpg,-0.2105263,0,0,22.40558
/home/esteve/self-driving-ND/CarND-Behavioral-Cloning-P3/data_hard/IMG/center_2017_04_28_18_29_59_122.jpg,/home/esteve/self-driving-ND/CarND-Behavioral-Cloning-P3/data_hard/IMG/left_2017_04_28_18_29_59_122.jpg,/home/esteve/self-driving-ND/CarND-Behavioral-Cloning-P3/data_hard/IMG/right_2017_04_28_18_29_59_122.jpg,-0.2481203,0,0,22.5819
/home/esteve/self-driving-ND/CarND-Behavioral-Cloning-P3/data_hard/IMG/center_2017_04_28_18_29_59_203.jpg,/home/esteve/self-driving-ND/CarND-Behavioral-Cloning-P3/data_hard/IMG/left_2017_04_28_18_29_59_203.jpg,/home/esteve/self-driving-ND/CarND-Behavioral-Cloning-P3/data_hard/IMG/right_2017_04_28_18_29_59_203.jpg,-0.2857143,0,0,22.7206
/home/esteve/self-driving-ND/CarND-Behavioral-Cloning-P3/data_hard/IMG/center_2017_04_28_18_29_59_285.jpg,/home/esteve/self-driving-ND/CarND-Behavioral-Cloning-P3/data_hard/IMG/left_2017_04_28_18_29_59_285.jpg,/home/esteve/self-driving-ND/CarND-Behavioral-Cloning-P3/data_hard/IMG/right_2017_04_28_18_29_59_285.jpg,-0.3007519,0,0,22.83318
/home/esteve/self-driving-ND/CarND-Behavioral-Cloning-P3/data_hard/IMG/center_2017_04_28_18_29_59_352.jpg,/home/esteve/self-driving-ND/CarND-Behavioral-Cloning-P3/data_hard/IMG/left_2017_04_28_18_29_59_352.jpg,/home/esteve/self-driving-ND/CarND-Behavioral-Cloning-P3/data_hard/IMG/right_2017_04_28_18_29_59_352.jpg,-0.3007519,0,0,22.88476
/home/esteve/self-driving-ND/CarND-Behavioral-Cloning-P3/data_hard/IMG/center_2017_04_28_18_29_59_437.jpg,/home/esteve/self-driving-ND/CarND-Behavioral-Cloning-P3/data_hard/IMG/left_2017_04_28_18_29_59_437.jpg,/home/esteve/self-driving-ND/CarND-Behavioral-Cloning-P3/data_hard/IMG/right_2017_04_28_18_29_59_437.jpg,-0.3082707,0,0,23.01214
/home/esteve/self-driving-ND/CarND-Behavioral-Cloning-P3/data_hard/IMG/center_2017_04_28_18_29_59_521.jpg,/home/esteve/self-driving-ND/CarND-Behavioral-Cloning-P3/data_hard/IMG/left_2017_04_28_18_29_59_521.jpg,/home/esteve/self-driving-ND/CarND-Behavioral-Cloning-P3/data_hard/IMG/right_2017_04_28_18_29_59_521.jpg,-0.3007519,0,0,23.18642
/home/esteve/self-driving-ND/CarND-Behavioral-Cloning-P3/data_hard/IMG/center_2017_04_28_18_29_59_600.jpg,/home/esteve/self-driving-ND/CarND-Behavioral-Cloning-P3/data_hard/IMG/left_2017_04_28_18_29_59_600.jpg,/home/esteve/self-driving-ND/CarND-Behavioral-Cloning-P3/data_hard/IMG/right_2017_04_28_18_29_59_600.jpg,-0.3007519,0,0,23.22198
/home/esteve/self-driving-ND/CarND-Behavioral-Cloning-P3/data_hard/IMG/center_2017_04_28_18_29_59_685.jpg,/home/esteve/self-driving-ND/CarND-Behavioral-Cloning-P3/data_hard/IMG/left_2017_04_28_18_29_59_685.jpg,/home/esteve/self-driving-ND/CarND-Behavioral-Cloning-P3/data_hard/IMG/right_2017_04_28_18_29_59_685.jpg,-0.3308271,0,0,23.34928
/home/esteve/self-driving-ND/CarND-Behavioral-Cloning-P3/data_hard/IMG/center_2017_04_28_18_29_59_753.jpg,/home/esteve/self-driving-ND/CarND-Behavioral-Cloning-P3/data_hard/IMG/left_2017_04_28_18_29_59_753.jpg,/home/esteve/self-driving-ND/CarND-Behavioral-Cloning-P3/data_hard/IMG/right_2017_04_28_18_29_59_753.jpg,-0.3308271,0,0,23.3929
/home/esteve/self-driving-ND/CarND-Behavioral-Cloning-P3/data_hard/IMG/center_2017_04_28_18_29_59_840.jpg,/home/esteve/self-driving-ND/CarND-Behavioral-Cloning-P3/data_hard/IMG/left_2017_04_28_18_29_59_840.jpg,/home/esteve/self-driving-ND/CarND-Behavioral-Cloning-P3/data_hard/IMG/right_2017_04_28_18_29_59_840.jpg,-0.3308271,0,0,23.39032
/home/esteve/self-driving-ND/CarND-Behavioral-Cloning-P3/data_hard/IMG/center_2017_04_28_18_29_59_926.jpg,/home/esteve/self-driving-ND/CarND-Behavioral-Cloning-P3/data_hard/IMG/left_2017_04_28_18_29_59_926.jpg,/home/esteve/self-driving-ND/CarND-Behavioral-Cloning-P3/data_hard/IMG/right_2017_04_28_18_29_59_926.jpg,-0.2556391,0,0,23.44028
/home/esteve/self-driving-ND/CarND-Behavioral-Cloning-P3/data_hard/IMG/center_2017_04_28_18_30_00_007.jpg,/home/esteve/self-driving-ND/CarND-Behavioral-Cloning-P3/data_hard/IMG/left_2017_04_28_18_30_00_007.jpg,/home/esteve/self-driving-ND/CarND-Behavioral-Cloning-P3/data_hard/IMG/right_2017_04_28_18_30_00_007.jpg,-0.2330827,0,0,23.43833
/home/esteve/self-driving-ND/CarND-Behavioral-Cloning-P3/data_hard/IMG/center_2017_04_28_18_30_00_075.jpg,/home/esteve/self-driving-ND/CarND-Behavioral-Cloning-P3/data_hard/IMG/left_2017_04_28_18_30_00_075.jpg,/home/esteve/self-driving-ND/CarND-Behavioral-Cloning-P3/data_hard/IMG/right_2017_04_28_18_30_00_075.jpg,-0.2105263,0,0,23.39752
/home/esteve/self-driving-ND/CarND-Behavioral-Cloning-P3/data_hard/IMG/center_2017_04_28_18_30_00_144.jpg,/home/esteve/self-driving-ND/CarND-Behavioral-Cloning-P3/data_hard/IMG/left_2017_04_28_18_30_00_144.jpg,/home/esteve/self-driving-ND/CarND-Behavioral-Cloning-P3/data_hard/IMG/right_2017_04_28_18_30_00_144.jpg,-0.2105263,0,0,23.25887
/home/esteve/self-driving-ND/CarND-Behavioral-Cloning-P3/data_hard/IMG/center_2017_04_28_18_30_00_211.jpg,/home/esteve/self-driving-ND/CarND-Behavioral-Cloning-P3/data_hard/IMG/left_2017_04_28_18_30_00_211.jpg,/home/esteve/self-driving-ND/CarND-Behavioral-Cloning-P3/data_hard/IMG/right_2017_04_28_18_30_00_211.jpg,-0.2105263,0,0,23.2783
/home/esteve/self-driving-ND/CarND-Behavioral-Cloning-P3/data_hard/IMG/center_2017_04_28_18_30_00_293.jpg,/home/esteve/self-driving-ND/CarND-Behavioral-Cloning-P3/data_hard/IMG/left_2017_04_28_18_30_00_293.jpg,/home/esteve/self-driving-ND/CarND-Behavioral-Cloning-P3/data_hard/IMG/right_2017_04_28_18_30_00_293.jpg,-0.2105263,0,0,23.1908
/home/esteve/self-driving-ND/CarND-Behavioral-Cloning-P3/data_hard/IMG/center_2017_04_28_18_30_00_359.jpg,/home/esteve/self-driving-ND/CarND-Behavioral-Cloning-P3/data_hard/IMG/left_2017_04_28_18_30_00_359.jpg,/home/esteve/self-driving-ND/CarND-Behavioral-Cloning-P3/data_hard/IMG/right_2017_04_28_18_30_00_359.jpg,-0.2105263,0,0,22.93275
/home/esteve/self-driving-ND/CarND-Behavioral-Cloning-P3/data_hard/IMG/center_2017_04_28_18_30_00_429.jpg,/home/esteve/self-driving-ND/CarND-Behavioral-Cloning-P3/data_hard/IMG/left_2017_04_28_18_30_00_429.jpg,/home/esteve/self-driving-ND/CarND-Behavioral-Cloning-P3/data_hard/IMG/right_2017_04_28_18_30_00_429.jpg,-0.2105263,0,0,22.73273
/home/esteve/self-driving-ND/CarND-Behavioral-Cloning-P3/data_hard/IMG/center_2017_04_28_18_30_00_515.jpg,/home/esteve/self-driving-ND/CarND-Behavioral-Cloning-P3/data_hard/IMG/left_2017_04_28_18_30_00_515.jpg,/home/esteve/self-driving-ND/CarND-Behavioral-Cloning-P3/data_hard/IMG/right_2017_04_28_18_30_00_515.jpg,-0.1278196,0,0,22.62744
/home/esteve/self-driving-ND/CarND-Behavioral-Cloning-P3/data_hard/IMG/center_2017_04_28_18_30_00_598.jpg,/home/esteve/self-driving-ND/CarND-Behavioral-Cloning-P3/data_hard/IMG/left_2017_04_28_18_30_00_598.jpg,/home/esteve/self-driving-ND/CarND-Behavioral-Cloning-P3/data_hard/IMG/right_2017_04_28_18_30_00_598.jpg,-0.1278196,0,0,22.50405
/home/esteve/self-driving-ND/CarND-Behavioral-Cloning-P3/data_hard/IMG/center_2017_04_28_18_30_00_691.jpg,/home/esteve/self-driving-ND/CarND-Behavioral-Cloning-P3/data_hard/IMG/left_2017_04_28_18_30_00_691.jpg,/home/esteve/self-driving-ND/CarND-Behavioral-Cloning-P3/data_hard/IMG/right_2017_04_28_18_30_00_691.jpg,-0.1278196,0,0,22.43281
/home/esteve/self-driving-ND/CarND-Behavioral-Cloning-P3/data_hard/IMG/center_2017_04_28_18_30_00_758.jpg,/home/esteve/self-driving-ND/CarND-Behavioral-Cloning-P3/data_hard/IMG/left_2017_04_28_18_30_00_758.jpg,/home/esteve/self-driving-ND/CarND-Behavioral-Cloning-P3/data_hard/IMG/right_2017_04_28_18_30_00_758.jpg,-0.1278196,0,0,22.14907
/home/esteve/self-driving-ND/CarND-Behavioral-Cloning-P3/data_hard/IMG/center_2017_04_28_18_30_00_826.jpg,/home/esteve/self-driving-ND/CarND-Behavioral-Cloning-P3/data_hard/IMG/left_2017_04_28_18_30_00_826.jpg,/home/esteve/self-driving-ND/CarND-Behavioral-Cloning-P3/data_hard/IMG/right_2017_04_28_18_30_00_826.jpg,-0.1278196,0,0,21.96771
/home/esteve/self-driving-ND/CarND-Behavioral-Cloning-P3/data_hard/IMG/center_2017_04_28_18_30_00_896.jpg,/home/esteve/self-driving-ND/CarND-Behavioral-Cloning-P3/data_hard/IMG/left_2017_04_28_18_30_00_896.jpg,/home/esteve/self-driving-ND/CarND-Behavioral-Cloning-P3/data_hard/IMG/right_2017_04_28_18_30_00_896.jpg,-0.112782,0,0,21.98719
/home/esteve/self-driving-ND/CarND-Behavioral-Cloning-P3/data_hard/IMG/center_2017_04_28_18_30_00_974.jpg,/home/esteve/self-driving-ND/CarND-Behavioral-Cloning-P3/data_hard/IMG/left_2017_04_28_18_30_00_974.jpg,/home/esteve/self-driving-ND/CarND-Behavioral-Cloning-P3/data_hard/IMG/right_2017_04_28_18_30_00_974.jpg,-0.112782,0,0,21.81443
/home/esteve/self-driving-ND/CarND-Behavioral-Cloning-P3/data_hard/IMG/center_2017_04_28_18_30_01_062.jpg,/home/esteve/self-driving-ND/CarND-Behavioral-Cloning-P3/data_hard/IMG/left_2017_04_28_18_30_01_062.jpg,/home/esteve/self-driving-ND/CarND-Behavioral-Cloning-P3/data_hard/IMG/right_2017_04_28_18_30_01_062.jpg,-0.06766918,0,0,21.42818
/home/esteve/self-driving-ND/CarND-Behavioral-Cloning-P3/data_hard/IMG/center_2017_04_28_18_30_01_145.jpg,/home/esteve/self-driving-ND/CarND-Behavioral-Cloning-P3/data_hard/IMG/left_2017_04_28_18_30_01_145.jpg,/home/esteve/self-driving-ND/CarND-Behavioral-Cloning-P3/data_hard/IMG/right_2017_04_28_18_30_01_145.jpg,0.04511278,0,0,21.2393
/home/esteve/self-driving-ND/CarND-Behavioral-Cloning-P3/data_hard/IMG/center_2017_04_28_18_30_01_212.jpg,/home/esteve/self-driving-ND/CarND-Behavioral-Cloning-P3/data_hard/IMG/left_2017_04_28_18_30_01_212.jpg,/home/esteve/self-driving-ND/CarND-Behavioral-Cloning-P3/data_hard/IMG/right_2017_04_28_18_30_01_212.jpg,0.07518797,0,0,21.32031
/home/esteve/self-driving-ND/CarND-Behavioral-Cloning-P3/data_hard/IMG/center_2017_04_28_18_30_01_298.jpg,/home/esteve/self-driving-ND/CarND-Behavioral-Cloning-P3/data_hard/IMG/left_2017_04_28_18_30_01_298.jpg,/home/esteve/self-driving-ND/CarND-Behavioral-Cloning-P3/data_hard/IMG/right_2017_04_28_18_30_01_298.jpg,0.1654135,0,0,21.1574
/home/esteve/self-driving-ND/CarND-Behavioral-Cloning-P3/data_hard/IMG/center_2017_04_28_18_30_01_387.jpg,/home/esteve/self-driving-ND/CarND-Behavioral-Cloning-P3/data_hard/IMG/left_2017_04_28_18_30_01_387.jpg,/home/esteve/self-driving-ND/CarND-Behavioral-Cloning-P3/data_hard/IMG/right_2017_04_28_18_30_01_387.jpg,0.2932331,0,0,20.78979
/home/esteve/self-driving-ND/CarND-Behavioral-Cloning-P3/data_hard/IMG/center_2017_04_28_18_30_01_471.jpg,/home/esteve/self-driving-ND/CarND-Behavioral-Cloning-P3/data_hard/IMG/left_2017_04_28_18_30_01_471.jpg,/home/esteve/self-driving-ND/CarND-Behavioral-Cloning-P3/data_hard/IMG/right_2017_04_28_18_30_01_471.jpg,0.4360902,0,0,20.63988
/home/esteve/self-driving-ND/CarND-Behavioral-Cloning-P3/data_hard/IMG/center_2017_04_28_18_30_01_565.jpg,/home/esteve/self-driving-ND/CarND-Behavioral-Cloning-P3/data_hard/IMG/left_2017_04_28_18_30_01_565.jpg,/home/esteve/self-driving-ND/CarND-Behavioral-Cloning-P3/data_hard/IMG/right_2017_04_28_18_30_01_565.jpg,0.4436091,0,0,20.49835
/home/esteve/self-driving-ND/CarND-Behavioral-Cloning-P3/data_hard/IMG/center_2017_04_28_18_30_01_632.jpg,/home/esteve/self-driving-ND/CarND-Behavioral-Cloning-P3/data_hard/IMG/left_2017_04_28_18_30_01_632.jpg,/home/esteve/self-driving-ND/CarND-Behavioral-Cloning-P3/data_hard/IMG/right_2017_04_28_18_30_01_632.jpg,0.4436091,0,0,20.36184
/home/esteve/self-driving-ND/CarND-Behavioral-Cloning-P3/data_hard/IMG/center_2017_04_28_18_30_01_718.jpg,/home/esteve/self-driving-ND/CarND-Behavioral-Cloning-P3/data_hard/IMG/left_2017_04_28_18_30_01_718.jpg,/home/esteve/self-driving-ND/CarND-Behavioral-Cloning-P3/data_hard/IMG/right_2017_04_28_18_30_01_718.jpg,0.4436091,0,0,20.47066
/home/esteve/self-driving-ND/CarND-Behavioral-Cloning-P3/data_hard/IMG/center_2017_04_28_18_30_01_785.jpg,/home/esteve/self-driving-ND/CarND-Behavioral-Cloning-P3/data_hard/IMG/left_2017_04_28_18_30_01_785.jpg,/home/esteve/self-driving-ND/CarND-Behavioral-Cloning-P3/data_hard/IMG/right_2017_04_28_18_30_01_785.jpg,0.4436091,0,0,20.57284
/home/esteve/self-driving-ND/CarND-Behavioral-Cloning-P3/data_hard/IMG/center_2017_04_28_18_30_01_876.jpg,/home/esteve/self-driving-ND/CarND-Behavioral-Cloning-P3/data_hard/IMG/left_2017_04_28_18_30_01_876.jpg,/home/esteve/self-driving-ND/CarND-Behavioral-Cloning-P3/data_hard/IMG/right_2017_04_28_18_30_01_876.jpg,0.4436091,0,0,20.6367
/home/esteve/self-driving-ND/CarND-Behavioral-Cloning-P3/data_hard/IMG/center_2017_04_28_18_30_01_950.jpg,/home/esteve/self-driving-ND/CarND-Behavioral-Cloning-P3/data_hard/IMG/left_2017_04_28_18_30_01_950.jpg,/home/esteve/self-driving-ND/CarND-Behavioral-Cloning-P3/data_hard/IMG/right_2017_04_28_18_30_01_950.jpg,0.4436091,0,0,20.78049
/home/esteve/self-driving-ND/CarND-Behavioral-Cloning-P3/data_hard/IMG/center_2017_04_28_18_30_02_033.jpg,/home/esteve/self-driving-ND/CarND-Behavioral-Cloning-P3/data_hard/IMG/left_2017_04_28_18_30_02_033.jpg,/home/esteve/self-driving-ND/CarND-Behavioral-Cloning-P3/data_hard/IMG/right_2017_04_28_18_30_02_033.jpg,0.5338346,0,0,21.29473
/home/esteve/self-driving-ND/CarND-Behavioral-Cloning-P3/data_hard/IMG/center_2017_04_28_18_30_02_115.jpg,/home/esteve/self-driving-ND/CarND-Behavioral-Cloning-P3/data_hard/IMG/left_2017_04_28_18_30_02_115.jpg,/home/esteve/self-driving-ND/CarND-Behavioral-Cloning-P3/data_hard/IMG/right_2017_04_28_18_30_02_115.jpg,0.5864662,0,0,21.3852
/home/esteve/self-driving-ND/CarND-Behavioral-Cloning-P3/data_hard/IMG/center_2017_04_28_18_30_02_201.jpg,/home/esteve/self-driving-ND/CarND-Behavioral-Cloning-P3/data_hard/IMG/left_2017_04_28_18_30_02_201.jpg,/home/esteve/self-driving-ND/CarND-Behavioral-Cloning-P3/data_hard/IMG/right_2017_04_28_18_30_02_201.jpg,0.5864662,0,0,21.45075
/home/esteve/self-driving-ND/CarND-Behavioral-Cloning-P3/data_hard/IMG/center_2017_04_28_18_30_02_279.jpg,/home/esteve/self-driving-ND/CarND-Behavioral-Cloning-P3/data_hard/IMG/left_2017_04_28_18_30_02_279.jpg,/home/esteve/self-driving-ND/CarND-Behavioral-Cloning-P3/data_hard/IMG/right_2017_04_28_18_30_02_279.jpg,0.5112782,0,0,21.84246
/home/esteve/self-driving-ND/CarND-Behavioral-Cloning-P3/data_hard/IMG/center_2017_04_28_18_30_02_368.jpg,/home/esteve/self-driving-ND/CarND-Behavioral-Cloning-P3/data_hard/IMG/left_2017_04_28_18_30_02_368.jpg,/home/esteve/self-driving-ND/CarND-Behavioral-Cloning-P3/data_hard/IMG/right_2017_04_28_18_30_02_368.jpg,0.3308271,0,0,22.02946
/home/esteve/self-driving-ND/CarND-Behavioral-Cloning-P3/data_hard/IMG/center_2017_04_28_18_30_02_448.jpg,/home/esteve/self-driving-ND/CarND-Behavioral-Cloning-P3/data_hard/IMG/left_2017_04_28_18_30_02_448.jpg,/home/esteve/self-driving-ND/CarND-Behavioral-Cloning-P3/data_hard/IMG/right_2017_04_28_18_30_02_448.jpg,0.1804511,0,0,22.34161
/home/esteve/self-driving-ND/CarND-Behavioral-Cloning-P3/data_hard/IMG/center_2017_04_28_18_30_02_530.jpg,/home/esteve/self-driving-ND/CarND-Behavioral-Cloning-P3/data_hard/IMG/left_2017_04_28_18_30_02_530.jpg,/home/esteve/self-driving-ND/CarND-Behavioral-Cloning-P3/data_hard/IMG/right_2017_04_28_18_30_02_530.jpg,0.1203007,0,0,22.5869
/home/esteve/self-driving-ND/CarND-Behavioral-Cloning-P3/data_hard/IMG/center_2017_04_28_18_30_02_604.jpg,/home/esteve/self-driving-ND/CarND-Behavioral-Cloning-P3/data_hard/IMG/left_2017_04_28_18_30_02_604.jpg,/home/esteve/self-driving-ND/CarND-Behavioral-Cloning-P3/data_hard/IMG/right_2017_04_28_18_30_02_604.jpg,0.06015037,0,0,22.80904
/home/esteve/self-driving-ND/CarND-Behavioral-Cloning-P3/data_hard/IMG/center_2017_04_28_18_30_02_686.jpg,/home/esteve/self-driving-ND/CarND-Behavioral-Cloning-P3/data_hard/IMG/left_2017_04_28_18_30_02_686.jpg,/home/esteve/self-driving-ND/CarND-Behavioral-Cloning-P3/data_hard/IMG/right_2017_04_28_18_30_02_686.jpg,-0.1052632,0,0,23.1303
/home/esteve/self-driving-ND/CarND-Behavioral-Cloning-P3/data_hard/IMG/center_2017_04_28_18_30_02_754.jpg,/home/esteve/self-driving-ND/CarND-Behavioral-Cloning-P3/data_hard/IMG/left_2017_04_28_18_30_02_754.jpg,/home/esteve/self-driving-ND/CarND-Behavioral-Cloning-P3/data_hard/IMG/right_2017_04_28_18_30_02_754.jpg,-0.3458647,0,0,23.42169
/home/esteve/self-driving-ND/CarND-Behavioral-Cloning-P3/data_hard/IMG/center_2017_04_28_18_30_02_841.jpg,/home/esteve/self-driving-ND/CarND-Behavioral-Cloning-P3/data_hard/IMG/left_2017_04_28_18_30_02_841.jpg,/home/esteve/self-driving-ND/CarND-Behavioral-Cloning-P3/data_hard/IMG/right_2017_04_28_18_30_02_841.jpg,-0.4736842,0,0,23.41785
/home/esteve/self-driving-ND/CarND-Behavioral-Cloning-P3/data_hard/IMG/center_2017_04_28_18_30_02_910.jpg,/home/esteve/self-driving-ND/CarND-Behavioral-Cloning-P3/data_hard/IMG/left_2017_04_28_18_30_02_910.jpg,/home/esteve/self-driving-ND/CarND-Behavioral-Cloning-P3/data_hard/IMG/right_2017_04_28_18_30_02_910.jpg,-0.4736842,0,0,23.52358
/home/esteve/self-driving-ND/CarND-Behavioral-Cloning-P3/data_hard/IMG/center_2017_04_28_18_30_02_994.jpg,/home/esteve/self-driving-ND/CarND-Behavioral-Cloning-P3/data_hard/IMG/left_2017_04_28_18_30_02_994.jpg,/home/esteve/self-driving-ND/CarND-Behavioral-Cloning-P3/data_hard/IMG/right_2017_04_28_18_30_02_994.jpg,-0.4661654,0,0,23.6644
/home/esteve/self-driving-ND/CarND-Behavioral-Cloning-P3/data_hard/IMG/center_2017_04_28_18_30_03_080.jpg,/home/esteve/self-driving-ND/CarND-Behavioral-Cloning-P3/data_hard/IMG/left_2017_04_28_18_30_03_080.jpg,/home/esteve/self-driving-ND/CarND-Behavioral-Cloning-P3/data_hard/IMG/right_2017_04_28_18_30_03_080.jpg,-0.4285714,0,0,23.85992
/home/esteve/self-driving-ND/CarND-Behavioral-Cloning-P3/data_hard/IMG/center_2017_04_28_18_30_03_164.jpg,/home/esteve/self-driving-ND/CarND-Behavioral-Cloning-P3/data_hard/IMG/left_2017_04_28_18_30_03_164.jpg,/home/esteve/self-driving-ND/CarND-Behavioral-Cloning-P3/data_hard/IMG/right_2017_04_28_18_30_03_164.jpg,-0.3533835,0,0,23.84339
/home/esteve/self-driving-ND/CarND-Behavioral-Cloning-P3/data_hard/IMG/center_2017_04_28_18_30_03_243.jpg,/home/esteve/self-driving-ND/CarND-Behavioral-Cloning-P3/data_hard/IMG/left_2017_04_28_18_30_03_243.jpg,/home/esteve/self-driving-ND/CarND-Behavioral-Cloning-P3/data_hard/IMG/right_2017_04_28_18_30_03_243.jpg,-0.3308271,0,0,23.98587
/home/esteve/self-driving-ND/CarND-Behavioral-Cloning-P3/data_hard/IMG/center_2017_04_28_18_30_03_325.jpg,/home/esteve/self-driving-ND/CarND-Behavioral-Cloning-P3/data_hard/IMG/left_2017_04_28_18_30_03_325.jpg,/home/esteve/self-driving-ND/CarND-Behavioral-Cloning-P3/data_hard/IMG/right_2017_04_28_18_30_03_325.jpg,-0.3233083,0,0,24.31387
/home/esteve/self-driving-ND/CarND-Behavioral-Cloning-P3/data_hard/IMG/center_2017_04_28_18_30_03_408.jpg,/home/esteve/self-driving-ND/CarND-Behavioral-Cloning-P3/data_hard/IMG/left_2017_04_28_18_30_03_408.jpg,/home/esteve/self-driving-ND/CarND-Behavioral-Cloning-P3/data_hard/IMG/right_2017_04_28_18_30_03_408.jpg,-0.3308271,0,0,24.14639
/home/esteve/self-driving-ND/CarND-Behavioral-Cloning-P3/data_hard/IMG/center_2017_04_28_18_30_03_498.jpg,/home/esteve/self-driving-ND/CarND-Behavioral-Cloning-P3/data_hard/IMG/left_2017_04_28_18_30_03_498.jpg,/home/esteve/self-driving-ND/CarND-Behavioral-Cloning-P3/data_hard/IMG/right_2017_04_28_18_30_03_498.jpg,-0.3383459,0,0,24.10035
/home/esteve/self-driving-ND/CarND-Behavioral-Cloning-P3/data_hard/IMG/center_2017_04_28_18_30_03_582.jpg,/home/esteve/self-driving-ND/CarND-Behavioral-Cloning-P3/data_hard/IMG/left_2017_04_28_18_30_03_582.jpg,/home/esteve/self-driving-ND/CarND-Behavioral-Cloning-P3/data_hard/IMG/right_2017_04_28_18_30_03_582.jpg,-0.4210526,0,0,24.13115
/home/esteve/self-driving-ND/CarND-Behavioral-Cloning-P3/data_hard/IMG/center_2017_04_28_18_30_03_662.jpg,/home/esteve/self-driving-ND/CarND-Behavioral-Cloning-P3/data_hard/IMG/left_2017_04_28_18_30_03_662.jpg,/home/esteve/self-driving-ND/CarND-Behavioral-Cloning-P3/data_hard/IMG/right_2017_04_28_18_30_03_662.jpg,-0.4586466,0,0,24.02919
/home/esteve/self-driving-ND/CarND-Behavioral-Cloning-P3/data_hard/IMG/center_2017_04_28_18_30_03_736.jpg,/home/esteve/self-driving-ND/CarND-Behavioral-Cloning-P3/data_hard/IMG/left_2017_04_28_18_30_03_736.jpg,/home/esteve/self-driving-ND/CarND-Behavioral-Cloning-P3/data_hard/IMG/right_2017_04_28_18_30_03_736.jpg,-0.4586466,0,0,24.02149
/home/esteve/self-driving-ND/CarND-Behavioral-Cloning-P3/data_hard/IMG/center_2017_04_28_18_30_03_807.jpg,/home/esteve/self-driving-ND/CarND-Behavioral-Cloning-P3/data_hard/IMG/left_2017_04_28_18_30_03_807.jpg,/home/esteve/self-driving-ND/CarND-Behavioral-Cloning-P3/data_hard/IMG/right_2017_04_28_18_30_03_807.jpg,-0.4962406,0,0,23.88932
/home/esteve/self-driving-ND/CarND-Behavioral-Cloning-P3/data_hard/IMG/center_2017_04_28_18_30_03_874.jpg,/home/esteve/self-driving-ND/CarND-Behavioral-Cloning-P3/data_hard/IMG/left_2017_04_28_18_30_03_874.jpg,/home/esteve/self-driving-ND/CarND-Behavioral-Cloning-P3/data_hard/IMG/right_2017_04_28_18_30_03_874.jpg,-0.6616541,0,0,23.74708
/home/esteve/self-driving-ND/CarND-Behavioral-Cloning-P3/data_hard/IMG/center_2017_04_28_18_30_03_964.jpg,/home/esteve/self-driving-ND/CarND-Behavioral-Cloning-P3/data_hard/IMG/left_2017_04_28_18_30_03_964.jpg,/home/esteve/self-driving-ND/CarND-Behavioral-Cloning-P3/data_hard/IMG/right_2017_04_28_18_30_03_964.jpg,-0.7142857,0,0,23.56579
/home/esteve/self-driving-ND/CarND-Behavioral-Cloning-P3/data_hard/IMG/center_2017_04_28_18_30_04_047.jpg,/home/esteve/self-driving-ND/CarND-Behavioral-Cloning-P3/data_hard/IMG/left_2017_04_28_18_30_04_047.jpg,/home/esteve/self-driving-ND/CarND-Behavioral-Cloning-P3/data_hard/IMG/right_2017_04_28_18_30_04_047.jpg,-0.7142857,0,0,23.53163
/home/esteve/self-driving-ND/CarND-Behavioral-Cloning-P3/data_hard/IMG/center_2017_04_28_18_30_04_130.jpg,/home/esteve/self-driving-ND/CarND-Behavioral-Cloning-P3/data_hard/IMG/left_2017_04_28_18_30_04_130.jpg,/home/esteve/self-driving-ND/CarND-Behavioral-Cloning-P3/data_hard/IMG/right_2017_04_28_18_30_04_130.jpg,-0.7142857,0,0,23.53338
/home/esteve/self-driving-ND/CarND-Behavioral-Cloning-P3/data_hard/IMG/center_2017_04_28_18_30_04_218.jpg,/home/esteve/self-driving-ND/CarND-Behavioral-Cloning-P3/data_hard/IMG/left_2017_04_28_18_30_04_218.jpg,/home/esteve/self-driving-ND/CarND-Behavioral-Cloning-P3/data_hard/IMG/right_2017_04_28_18_30_04_218.jpg,-0.6917293,0,0,23.30431
/home/esteve/self-driving-ND/CarND-Behavioral-Cloning-P3/data_hard/IMG/center_2017_04_28_18_30_04_300.jpg,/home/esteve/self-driving-ND/CarND-Behavioral-Cloning-P3/data_hard/IMG/left_2017_04_28_18_30_04_300.jpg,/home/esteve/self-driving-ND/CarND-Behavioral-Cloning-P3/data_hard/IMG/right_2017_04_28_18_30_04_300.jpg,-0.6165413,0,0,23.33905
/home/esteve/self-driving-ND/CarND-Behavioral-Cloning-P3/data_hard/IMG/center_2017_04_28_18_30_04_382.jpg,/home/esteve/self-driving-ND/CarND-Behavioral-Cloning-P3/data_hard/IMG/left_2017_04_28_18_30_04_382.jpg,/home/esteve/self-driving-ND/CarND-Behavioral-Cloning-P3/data_hard/IMG/right_2017_04_28_18_30_04_382.jpg,-0.4962406,0,0,23.49008
/home/esteve/self-driving-ND/CarND-Behavioral-Cloning-P3/data_hard/IMG/center_2017_04_28_18_30_04_464.jpg,/home/esteve/self-driving-ND/CarND-Behavioral-Cloning-P3/data_hard/IMG/left_2017_04_28_18_30_04_464.jpg,/home/esteve/self-driving-ND/CarND-Behavioral-Cloning-P3/data_hard/IMG/right_2017_04_28_18_30_04_464.jpg,-0.3834586,0,0,23.90203
/home/esteve/self-driving-ND/CarND-Behavioral-Cloning-P3/data_hard/IMG/center_2017_04_28_18_30_04_546.jpg,/home/esteve/self-driving-ND/CarND-Behavioral-Cloning-P3/data_hard/IMG/left_2017_04_28_18_30_04_546.jpg,/home/esteve/self-driving-ND/CarND-Behavioral-Cloning-P3/data_hard/IMG/right_2017_04_28_18_30_04_546.jpg,-0.2556391,0,0,23.5728
/home/esteve/self-driving-ND/CarND-Behavioral-Cloning-P3/data_hard/IMG/center_2017_04_28_18_30_04_635.jpg,/home/esteve/self-driving-ND/CarND-Behavioral-Cloning-P3/data_hard/IMG/left_2017_04_28_18_30_04_635.jpg,/home/esteve/self-driving-ND/CarND-Behavioral-Cloning-P3/data_hard/IMG/right_2017_04_28_18_30_04_635.jpg,-0.1052632,0,0,23.98702
/home/esteve/self-driving-ND/CarND-Behavioral-Cloning-P3/data_hard/IMG/center_2017_04_28_18_30_04_716.jpg,/home/esteve/self-driving-ND/CarND-Behavioral-Cloning-P3/data_hard/IMG/left_2017_04_28_18_30_04_716.jpg,/home/esteve/self-driving-ND/CarND-Behavioral-Cloning-P3/data_hard/IMG/right_2017_04_28_18_30_04_716.jpg,0.007518797,0,0,24.24306
/home/esteve/self-driving-ND/CarND-Behavioral-Cloning-P3/data_hard/IMG/center_2017_04_28_18_30_04_795.jpg,/home/esteve/self-driving-ND/CarND-Behavioral-Cloning-P3/data_hard/IMG/left_2017_04_28_18_30_04_795.jpg,/home/esteve/self-driving-ND/CarND-Behavioral-Cloning-P3/data_hard/IMG/right_2017_04_28_18_30_04_795.jpg,0.1503759,0,0,24.50711
/home/esteve/self-driving-ND/CarND-Behavioral-Cloning-P3/data_hard/IMG/center_2017_04_28_18_30_04_876.jpg,/home/esteve/self-driving-ND/CarND-Behavioral-Cloning-P3/data_hard/IMG/left_2017_04_28_18_30_04_876.jpg,/home/esteve/self-driving-ND/CarND-Behavioral-Cloning-P3/data_hard/IMG/right_2017_04_28_18_30_04_876.jpg,0.2556391,0,0,24.64917
/home/esteve/self-driving-ND/CarND-Behavioral-Cloning-P3/data_hard/IMG/center_2017_04_28_18_30_04_956.jpg,/home/esteve/self-driving-ND/CarND-Behavioral-Cloning-P3/data_hard/IMG/left_2017_04_28_18_30_04_956.jpg,/home/esteve/self-driving-ND/CarND-Behavioral-Cloning-P3/data_hard/IMG/right_2017_04_28_18_30_04_956.jpg,0.3458647,0,0,24.8036
/home/esteve/self-driving-ND/CarND-Behavioral-Cloning-P3/data_hard/IMG/center_2017_04_28_18_30_05_032.jpg,/home/esteve/self-driving-ND/CarND-Behavioral-Cloning-P3/data_hard/IMG/left_2017_04_28_18_30_05_032.jpg,/home/esteve/self-driving-ND/CarND-Behavioral-Cloning-P3/data_hard/IMG/right_2017_04_28_18_30_05_032.jpg,0.3609022,0,0,24.99555
/home/esteve/self-driving-ND/CarND-Behavioral-Cloning-P3/data_hard/IMG/center_2017_04_28_18_30_05_111.jpg,/home/esteve/self-driving-ND/CarND-Behavioral-Cloning-P3/data_hard/IMG/left_2017_04_28_18_30_05_111.jpg,/home/esteve/self-driving-ND/CarND-Behavioral-Cloning-P3/data_hard/IMG/right_2017_04_28_18_30_05_111.jpg,0.3609022,0,0,25.22391
/home/esteve/self-driving-ND/CarND-Behavioral-Cloning-P3/data_hard/IMG/center_2017_04_28_18_30_05_192.jpg,/home/esteve/self-driving-ND/CarND-Behavioral-Cloning-P3/data_hard/IMG/left_2017_04_28_18_30_05_192.jpg,/home/esteve/self-driving-ND/CarND-Behavioral-Cloning-P3/data_hard/IMG/right_2017_04_28_18_30_05_192.jpg,0.3609022,0,0,25.40623
/home/esteve/self-driving-ND/CarND-Behavioral-Cloning-P3/data_hard/IMG/center_2017_04_28_18_30_05_273.jpg,/home/esteve/self-driving-ND/CarND-Behavioral-Cloning-P3/data_hard/IMG/left_2017_04_28_18_30_05_273.jpg,/home/esteve/self-driving-ND/CarND-Behavioral-Cloning-P3/data_hard/IMG/right_2017_04_28_18_30_05_273.jpg,0.3233083,0,0,25.61968
/home/esteve/self-driving-ND/CarND-Behavioral-Cloning-P3/data_hard/IMG/center_2017_04_28_18_30_05_353.jpg,/home/esteve/self-driving-ND/CarND-Behavioral-Cloning-P3/data_hard/IMG/left_2017_04_28_18_30_05_353.jpg,/home/esteve/self-driving-ND/CarND-Behavioral-Cloning-P3/data_hard/IMG/right_2017_04_28_18_30_05_353.jpg,0.3233083,0,0,25.90804
/home/esteve/self-driving-ND/CarND-Behavioral-Cloning-P3/data_hard/IMG/center_2017_04_28_18_30_05_431.jpg,/home/esteve/self-driving-ND/CarND-Behavioral-Cloning-P3/data_hard/IMG/left_2017_04_28_18_30_05_431.jpg,/home/esteve/self-driving-ND/CarND-Behavioral-Cloning-P3/data_hard/IMG/right_2017_04_28_18_30_05_431.jpg,0.3233083,0,0,26.0369
/home/esteve/self-driving-ND/CarND-Behavioral-Cloning-P3/data_hard/IMG/center_2017_04_28_18_30_05_506.jpg,/home/esteve/self-driving-ND/CarND-Behavioral-Cloning-P3/data_hard/IMG/left_2017_04_28_18_30_05_506.jpg,/home/esteve/self-driving-ND/CarND-Behavioral-Cloning-P3/data_hard/IMG/right_2017_04_28_18_30_05_506.jpg,0.3157895,0,0,25.99033
/home/esteve/self-driving-ND/CarND-Behavioral-Cloning-P3/data_hard/IMG/center_2017_04_28_18_30_05_584.jpg,/home/esteve/self-driving-ND/CarND-Behavioral-Cloning-P3/data_hard/IMG/left_2017_04_28_18_30_05_584.jpg,/home/esteve/self-driving-ND/CarND-Behavioral-Cloning-P3/data_hard/IMG/right_2017_04_28_18_30_05_584.jpg,0.2857143,0,0,26.1228
/home/esteve/self-driving-ND/CarND-Behavioral-Cloning-P3/data_hard/IMG/center_2017_04_28_18_30_05_671.jpg,/home/esteve/self-driving-ND/CarND-Behavioral-Cloning-P3/data_hard/IMG/left_2017_04_28_18_30_05_671.jpg,/home/esteve/self-driving-ND/CarND-Behavioral-Cloning-P3/data_hard/IMG/right_2017_04_28_18_30_05_671.jpg,0.1578947,0,0,26.19504
/home/esteve/self-driving-ND/CarND-Behavioral-Cloning-P3/data_hard/IMG/center_2017_04_28_18_30_05_749.jpg,/home/esteve/self-driving-ND/CarND-Behavioral-Cloning-P3/data_hard/IMG/left_2017_04_28_18_30_05_749.jpg,/home/esteve/self-driving-ND/CarND-Behavioral-Cloning-P3/data_hard/IMG/right_2017_04_28_18_30_05_749.jpg,0.1353384,0,0,25.21472
/home/esteve/self-driving-ND/CarND-Behavioral-Cloning-P3/data_hard/IMG/center_2017_04_28_18_30_05_839.jpg,/home/esteve/self-driving-ND/CarND-Behavioral-Cloning-P3/data_hard/IMG/left_2017_04_28_18_30_05_839.jpg,/home/esteve/self-driving-ND/CarND-Behavioral-Cloning-P3/data_hard/IMG/right_2017_04_28_18_30_05_839.jpg,0.1052632,0,0,24.74461
/home/esteve/self-driving-ND/CarND-Behavioral-Cloning-P3/data_hard/IMG/center_2017_04_28_18_30_05_923.jpg,/home/esteve/self-driving-ND/CarND-Behavioral-Cloning-P3/data_hard/IMG/left_2017_04_28_18_30_05_923.jpg,/home/esteve/self-driving-ND/CarND-Behavioral-Cloning-P3/data_hard/IMG/right_2017_04_28_18_30_05_923.jpg,0.07518797,0,0,24.71813
/home/esteve/self-driving-ND/CarND-Behavioral-Cloning-P3/data_hard/IMG/center_2017_04_28_18_30_06_005.jpg,/home/esteve/self-driving-ND/CarND-Behavioral-Cloning-P3/data_hard/IMG/left_2017_04_28_18_30_06_005.jpg,/home/esteve/self-driving-ND/CarND-Behavioral-Cloning-P3/data_hard/IMG/right_2017_04_28_18_30_06_005.jpg,0.06766918,0,0,24.66853
/home/esteve/self-driving-ND/CarND-Behavioral-Cloning-P3/data_hard/IMG/center_2017_04_28_18_30_06_072.jpg,/home/esteve/self-driving-ND/CarND-Behavioral-Cloning-P3/data_hard/IMG/left_2017_04_28_18_30_06_072.jpg,/home/esteve/self-driving-ND/CarND-Behavioral-Cloning-P3/data_hard/IMG/right_2017_04_28_18_30_06_072.jpg,0.06766918,0,0,24.37829
/home/esteve/self-driving-ND/CarND-Behavioral-Cloning-P3/data_hard/IMG/center_2017_04_28_18_30_06_157.jpg,/home/esteve/self-driving-ND/CarND-Behavioral-Cloning-P3/data_hard/IMG/left_2017_04_28_18_30_06_157.jpg,/home/esteve/self-driving-ND/CarND-Behavioral-Cloning-P3/data_hard/IMG/right_2017_04_28_18_30_06_157.jpg,0.2406015,0,0,24.26812
/home/esteve/self-driving-ND/CarND-Behavioral-Cloning-P3/data_hard/IMG/center_2017_04_28_18_30_06_247.jpg,/home/esteve/self-driving-ND/CarND-Behavioral-Cloning-P3/data_hard/IMG/left_2017_04_28_18_30_06_247.jpg,/home/esteve/self-driving-ND/CarND-Behavioral-Cloning-P3/data_hard/IMG/right_2017_04_28_18_30_06_247.jpg,0.2781955,0,0,23.99346
/home/esteve/self-driving-ND/CarND-Behavioral-Cloning-P3/data_hard/IMG/center_2017_04_28_18_30_06_328.jpg,/home/esteve/self-driving-ND/CarND-Behavioral-Cloning-P3/data_hard/IMG/left_2017_04_28_18_30_06_328.jpg,/home/esteve/self-driving-ND/CarND-Behavioral-Cloning-P3/data_hard/IMG/right_2017_04_28_18_30_06_328.jpg,0.2406015,0,0,23.78627
/home/esteve/self-driving-ND/CarND-Behavioral-Cloning-P3/data_hard/IMG/center_2017_04_28_18_30_06_410.jpg,/home/esteve/self-driving-ND/CarND-Behavioral-Cloning-P3/data_hard/IMG/left_2017_04_28_18_30_06_410.jpg,/home/esteve/self-driving-ND/CarND-Behavioral-Cloning-P3/data_hard/IMG/right_2017_04_28_18_30_06_410.jpg,0.05263158,0,0,23.59805
/home/esteve/self-driving-ND/CarND-Behavioral-Cloning-P3/data_hard/IMG/center_2017_04_28_18_30_06_493.jpg,/home/esteve/self-driving-ND/CarND-Behavioral-Cloning-P3/data_hard/IMG/left_2017_04_28_18_30_06_493.jpg,/home/esteve/self-driving-ND/CarND-Behavioral-Cloning-P3/data_hard/IMG/right_2017_04_28_18_30_06_493.jpg,-0.09022556,0,0,23.39161
/home/esteve/self-driving-ND/CarND-Behavioral-Cloning-P3/data_hard/IMG/center_2017_04_28_18_30_06_576.jpg,/home/esteve/self-driving-ND/CarND-Behavioral-Cloning-P3/data_hard/IMG/left_2017_04_28_18_30_06_576.jpg,/home/esteve/self-driving-ND/CarND-Behavioral-Cloning-P3/data_hard/IMG/right_2017_04_28_18_30_06_576.jpg,-0.2857143,0,0,23.13712
/home/esteve/self-driving-ND/CarND-Behavioral-Cloning-P3/data_hard/IMG/center_2017_04_28_18_30_06_657.jpg,/home/esteve/self-driving-ND/CarND-Behavioral-Cloning-P3/data_hard/IMG/left_2017_04_28_18_30_06_657.jpg,/home/esteve/self-driving-ND/CarND-Behavioral-Cloning-P3/data_hard/IMG/right_2017_04_28_18_30_06_657.jpg,-0.3233083,0,0,22.88313
/home/esteve/self-driving-ND/CarND-Behavioral-Cloning-P3/data_hard/IMG/center_2017_04_28_18_30_06_726.jpg,/home/esteve/self-driving-ND/CarND-Behavioral-Cloning-P3/data_hard/IMG/left_2017_04_28_18_30_06_726.jpg,/home/esteve/self-driving-ND/CarND-Behavioral-Cloning-P3/data_hard/IMG/right_2017_04_28_18_30_06_726.jpg,-0.3007519,0,0,22.6701
/home/esteve/self-driving-ND/CarND-Behavioral-Cloning-P3/data_hard/IMG/center_2017_04_28_18_30_06_818.jpg,/home/esteve/self-driving-ND/CarND-Behavioral-Cloning-P3/data_hard/IMG/left_2017_04_28_18_30_06_818.jpg,/home/esteve/self-driving-ND/CarND-Behavioral-Cloning-P3/data_hard/IMG/right_2017_04_28_18_30_06_818.jpg,-0.2105263,0,0,22.48793
/home/esteve/self-driving-ND/CarND-Behavioral-Cloning-P3/data_hard/IMG/center_2017_04_28_18_30_06_901.jpg,/home/esteve/self-driving-ND/CarND-Behavioral-Cloning-P3/data_hard/IMG/left_2017_04_28_18_30_06_901.jpg,/home/esteve/self-driving-ND/CarND-Behavioral-Cloning-P3/data_hard/IMG/right_2017_04_28_18_30_06_901.jpg,-0.2030075,0,0,22.31043
/home/esteve/self-driving-ND/CarND-Behavioral-Cloning-P3/data_hard/IMG/center_2017_04_28_18_30_06_984.jpg,/home/esteve/self-driving-ND/CarND-Behavioral-Cloning-P3/data_hard/IMG/left_2017_04_28_18_30_06_984.jpg,/home/esteve/self-driving-ND/CarND-Behavioral-Cloning-P3/data_hard/IMG/right_2017_04_28_18_30_06_984.jpg,-0.2030075,0,0,22.08819
/home/esteve/self-driving-ND/CarND-Behavioral-Cloning-P3/data_hard/IMG/center_2017_04_28_18_30_07_071.jpg,/home/esteve/self-driving-ND/CarND-Behavioral-Cloning-P3/data_hard/IMG/left_2017_04_28_18_30_07_071.jpg,/home/esteve/self-driving-ND/CarND-Behavioral-Cloning-P3/data_hard/IMG/right_2017_04_28_18_30_07_071.jpg,-0.2781955,0,0,21.90188
/home/esteve/self-driving-ND/CarND-Behavioral-Cloning-P3/data_hard/IMG/center_2017_04_28_18_30_07_153.jpg,/home/esteve/self-driving-ND/CarND-Behavioral-Cloning-P3/data_hard/IMG/left_2017_04_28_18_30_07_153.jpg,/home/esteve/self-driving-ND/CarND-Behavioral-Cloning-P3/data_hard/IMG/right_2017_04_28_18_30_07_153.jpg,-0.3308271,0,0,21.70381
/home/esteve/self-driving-ND/CarND-Behavioral-Cloning-P3/data_hard/IMG/center_2017_04_28_18_30_07_235.jpg,/home/esteve/self-driving-ND/CarND-Behavioral-Cloning-P3/data_hard/IMG/left_2017_04_28_18_30_07_235.jpg,/home/esteve/self-driving-ND/CarND-Behavioral-Cloning-P3/data_hard/IMG/right_2017_04_28_18_30_07_235.jpg,-0.3308271,0,0,21.51477
/home/esteve/self-driving-ND/CarND-Behavioral-Cloning-P3/data_hard/IMG/center_2017_04_28_18_30_07_315.jpg,/home/esteve/self-driving-ND/CarND-Behavioral-Cloning-P3/data_hard/IMG/left_2017_04_28_18_30_07_315.jpg,/home/esteve/self-driving-ND/CarND-Behavioral-Cloning-P3/data_hard/IMG/right_2017_04_28_18_30_07_315.jpg,-0.3308271,0,0,21.33333
/home/esteve/self-driving-ND/CarND-Behavioral-Cloning-P3/data_hard/IMG/center_2017_04_28_18_30_07_395.jpg,/home/esteve/self-driving-ND/CarND-Behavioral-Cloning-P3/data_hard/IMG/left_2017_04_28_18_30_07_395.jpg,/home/esteve/self-driving-ND/CarND-Behavioral-Cloning-P3/data_hard/IMG/right_2017_04_28_18_30_07_395.jpg,-0.3308271,0,0,21.15622
/home/esteve/self-driving-ND/CarND-Behavioral-Cloning-P3/data_hard/IMG/center_2017_04_28_18_30_07_476.jpg,/home/esteve/self-driving-ND/CarND-Behavioral-Cloning-P3/data_hard/IMG/left_2017_04_28_18_30_07_476.jpg,/home/esteve/self-driving-ND/CarND-Behavioral-Cloning-P3/data_hard/IMG/right_2017_04_28_18_30_07_476.jpg,-0.2932331,0,0,20.98724
/home/esteve/self-driving-ND/CarND-Behavioral-Cloning-P3/data_hard/IMG/center_2017_04_28_18_30_07_562.jpg,/home/esteve/self-driving-ND/CarND-Behavioral-Cloning-P3/data_hard/IMG/left_2017_04_28_18_30_07_562.jpg,/home/esteve/self-driving-ND/CarND-Behavioral-Cloning-P3/data_hard/IMG/right_2017_04_28_18_30_07_562.jpg,-0.2030075,0,0,20.82646
/home/esteve/self-driving-ND/CarND-Behavioral-Cloning-P3/data_hard/IMG/center_2017_04_28_18_30_07_649.jpg,/home/esteve/self-driving-ND/CarND-Behavioral-Cloning-P3/data_hard/IMG/left_2017_04_28_18_30_07_649.jpg,/home/esteve/self-driving-ND/CarND-Behavioral-Cloning-P3/data_hard/IMG/right_2017_04_28_18_30_07_649.jpg,-0.1804511,0,0,20.62569
/home/esteve/self-driving-ND/CarND-Behavioral-Cloning-P3/data_hard/IMG/center_2017_04_28_18_30_07_734.jpg,/home/esteve/self-driving-ND/CarND-Behavioral-Cloning-P3/data_hard/IMG/left_2017_04_28_18_30_07_734.jpg,/home/esteve/self-driving-ND/CarND-Behavioral-Cloning-P3/data_hard/IMG/right_2017_04_28_18_30_07_734.jpg,-0.1804511,0,0,20.46359
/home/esteve/self-driving-ND/CarND-Behavioral-Cloning-P3/data_hard/IMG/center_2017_04_28_18_30_07_814.jpg,/home/esteve/self-driving-ND/CarND-Behavioral-Cloning-P3/data_hard/IMG/left_2017_04_28_18_30_07_814.jpg,/home/esteve/self-driving-ND/CarND-Behavioral-Cloning-P3/data_hard/IMG/right_2017_04_28_18_30_07_814.jpg,-0.1804511,0.1130404,0,20.32745
/home/esteve/self-driving-ND/CarND-Behavioral-Cloning-P3/data_hard/IMG/center_2017_04_28_18_30_07_893.jpg,/home/esteve/self-driving-ND/CarND-Behavioral-Cloning-P3/data_hard/IMG/left_2017_04_28_18_30_07_893.jpg,/home/esteve/self-driving-ND/CarND-Behavioral-Cloning-P3/data_hard/IMG/right_2017_04_28_18_30_07_893.jpg,-0.1804511,0.3505683,0,20.39552
/home/esteve/self-driving-ND/CarND-Behavioral-Cloning-P3/data_hard/IMG/center_2017_04_28_18_30_07_973.jpg,/home/esteve/self-driving-ND/CarND-Behavioral-Cloning-P3/data_hard/IMG/left_2017_04_28_18_30_07_973.jpg,/home/esteve/self-driving-ND/CarND-Behavioral-Cloning-P3/data_hard/IMG/right_2017_04_28_18_30_07_973.jpg,-0.09022556,0.110517,0,20.45575
/home/esteve/self-driving-ND/CarND-Behavioral-Cloning-P3/data_hard/IMG/center_2017_04_28_18_30_08_051.jpg,/home/esteve/self-driving-ND/CarND-Behavioral-Cloning-P3/data_hard/IMG/left_2017_04_28_18_30_08_051.jpg,/home/esteve/self-driving-ND/CarND-Behavioral-Cloning-P3/data_hard/IMG/right_2017_04_28_18_30_08_051.jpg,-0.007518797,0,0,20.31577
/home/esteve/self-driving-ND/CarND-Behavioral-Cloning-P3/data_hard/IMG/center_2017_04_28_18_30_08_131.jpg,/home/esteve/self-driving-ND/CarND-Behavioral-Cloning-P3/data_hard/IMG/left_2017_04_28_18_30_08_131.jpg,/home/esteve/self-driving-ND/CarND-Behavioral-Cloning-P3/data_hard/IMG/right_2017_04_28_18_30_08_131.jpg,-0.007518797,0,0,20.15504
/home/esteve/self-driving-ND/CarND-Behavioral-Cloning-P3/data_hard/IMG/center_2017_04_28_18_30_08_211.jpg,/home/esteve/self-driving-ND/CarND-Behavioral-Cloning-P3/data_hard/IMG/left_2017_04_28_18_30_08_211.jpg,/home/esteve/self-driving-ND/CarND-Behavioral-Cloning-P3/data_hard/IMG/right_2017_04_28_18_30_08_211.jpg,-0.007518797,0,0,20.00403
/home/esteve/self-driving-ND/CarND-Behavioral-Cloning-P3/data_hard/IMG/center_2017_04_28_18_30_08_278.jpg,/home/esteve/self-driving-ND/CarND-Behavioral-Cloning-P3/data_hard/IMG/left_2017_04_28_18_30_08_278.jpg,/home/esteve/self-driving-ND/CarND-Behavioral-Cloning-P3/data_hard/IMG/right_2017_04_28_18_30_08_278.jpg,-0.007518797,0,0,19.81103
/home/esteve/self-driving-ND/CarND-Behavioral-Cloning-P3/data_hard/IMG/center_2017_04_28_18_30_08_356.jpg,/home/esteve/self-driving-ND/CarND-Behavioral-Cloning-P3/data_hard/IMG/left_2017_04_28_18_30_08_356.jpg,/home/esteve/self-driving-ND/CarND-Behavioral-Cloning-P3/data_hard/IMG/right_2017_04_28_18_30_08_356.jpg,-0.007518797,0,0,19.60223
/home/esteve/self-driving-ND/CarND-Behavioral-Cloning-P3/data_hard/IMG/center_2017_04_28_18_30_08_441.jpg,/home/esteve/self-driving-ND/CarND-Behavioral-Cloning-P3/data_hard/IMG/left_2017_04_28_18_30_08_441.jpg,/home/esteve/self-driving-ND/CarND-Behavioral-Cloning-P3/data_hard/IMG/right_2017_04_28_18_30_08_441.jpg,0.1654135,0.1934667,0,19.47922
/home/esteve/self-driving-ND/CarND-Behavioral-Cloning-P3/data_hard/IMG/center_2017_04_28_18_30_08_519.jpg,/home/esteve/self-driving-ND/CarND-Behavioral-Cloning-P3/data_hard/IMG/left_2017_04_28_18_30_08_519.jpg,/home/esteve/self-driving-ND/CarND-Behavioral-Cloning-P3/data_hard/IMG/right_2017_04_28_18_30_08_519.jpg,0.2030075,0.4268696,0,19.56422
/home/esteve/self-driving-ND/CarND-Behavioral-Cloning-P3/data_hard/IMG/center_2017_04_28_18_30_08_600.jpg,/home/esteve/self-driving-ND/CarND-Behavioral-Cloning-P3/data_hard/IMG/left_2017_04_28_18_30_08_600.jpg,/home/esteve/self-driving-ND/CarND-Behavioral-Cloning-P3/data_hard/IMG/right_2017_04_28_18_30_08_600.jpg,0.2105263,0.4114494,0,19.87391
/home/esteve/self-driving-ND/CarND-Behavioral-Cloning-P3/data_hard/IMG/center_2017_04_28_18_30_08_679.jpg,/home/esteve/self-driving-ND/CarND-Behavioral-Cloning-P3/data_hard/IMG/left_2017_04_28_18_30_08_679.jpg,/home/esteve/self-driving-ND/CarND-Behavioral-Cloning-P3/data_hard/IMG/right_2017_04_28_18_30_08_679.jpg,0.2481203,0.1730397,0,19.9635
/home/esteve/self-driving-ND/CarND-Behavioral-Cloning-P3/data_hard/IMG/center_2017_04_28_18_30_08_748.jpg,/home/esteve/self-driving-ND/CarND-Behavioral-Cloning-P3/data_hard/IMG/left_2017_04_28_18_30_08_748.jpg,/home/esteve/self-driving-ND/CarND-Behavioral-Cloning-P3/data_hard/IMG/right_2017_04_28_18_30_08_748.jpg,0.4135338,0,0,19.82255
/home/esteve/self-driving-ND/CarND-Behavioral-Cloning-P3/data_hard/IMG/center_2017_04_28_18_30_08_830.jpg,/home/esteve/self-driving-ND/CarND-Behavioral-Cloning-P3/data_hard/IMG/left_2017_04_28_18_30_08_830.jpg,/home/esteve/self-driving-ND/CarND-Behavioral-Cloning-P3/data_hard/IMG/right_2017_04_28_18_30_08_830.jpg,0.5413534,0.2462432,0,19.70766
/home/esteve/self-driving-ND/CarND-Behavioral-Cloning-P3/data_hard/IMG/center_2017_04_28_18_30_08_912.jpg,/home/esteve/self-driving-ND/CarND-Behavioral-Cloning-P3/data_hard/IMG/left_2017_04_28_18_30_08_912.jpg,/home/esteve/self-driving-ND/CarND-Behavioral-Cloning-P3/data_hard/IMG/right_2017_04_28_18_30_08_912.jpg,0.6390978,0.4910345,0,19.84393
/home/esteve/self-driving-ND/CarND-Behavioral-Cloning-P3/data_hard/IMG/center_2017_04_28_18_30_08_998.jpg,/home/esteve/self-driving-ND/CarND-Behavioral-Cloning-P3/data_hard/IMG/left_2017_04_28_18_30_08_998.jpg,/home/esteve/self-driving-ND/CarND-Behavioral-Cloning-P3/data_hard/IMG/right_2017_04_28_18_30_08_998.jpg,0.7593985,0.7492955,0,20.19571
/home/esteve/self-driving-ND/CarND-Behavioral-Cloning-P3/data_hard/IMG/center_2017_04_28_18_30_09_082.jpg,/home/esteve/self-driving-ND/CarND-Behavioral-Cloning-P3/data_hard/IMG/left_2017_04_28_18_30_09_082.jpg,/home/esteve/self-driving-ND/CarND-Behavioral-Cloning-P3/data_hard/IMG/right_2017_04_28_18_30_09_082.jpg,0.8345864,0.4970434,0,20.43796
/home/esteve/self-driving-ND/CarND-Behavioral-Cloning-P3/data_hard/IMG/center_2017_04_28_18_30_09_164.jpg,/home/esteve/self-driving-ND/CarND-Behavioral-Cloning-P3/data_hard/IMG/left_2017_04_28_18_30_09_164.jpg,/home/esteve/self-driving-ND/CarND-Behavioral-Cloning-P3/data_hard/IMG/right_2017_04_28_18_30_09_164.jpg,0.8646616,0.2496428,0,20.25673
/home/esteve/self-driving-ND/CarND-Behavioral-Cloning-P3/data_hard/IMG/center_2017_04_28_18_30_09_247.jpg,/home/esteve/self-driving-ND/CarND-Behavioral-Cloning-P3/data_hard/IMG/left_2017_04_28_18_30_09_247.jpg,/home/esteve/self-driving-ND/CarND-Behavioral-Cloning-P3/data_hard/IMG/right_2017_04_28_18_30_09_247.jpg,0.8646616,8.153915E-05,0,20.16257
/home/esteve/self-driving-ND/CarND-Behavioral-Cloning-P3/data_hard/IMG/center_2017_04_28_18_30_09_315.jpg,/home/esteve/self-driving-ND/CarND-Behavioral-Cloning-P3/data_hard/IMG/left_2017_04_28_18_30_09_315.jpg,/home/esteve/self-driving-ND/CarND-Behavioral-Cloning-P3/data_hard/IMG/right_2017_04_28_18_30_09_315.jpg,0.7969925,0,0,19.70438
/home/esteve/self-driving-ND/CarND-Behavioral-Cloning-P3/data_hard/IMG/center_2017_04_28_18_30_09_401.jpg,/home/esteve/self-driving-ND/CarND-Behavioral-Cloning-P3/data_hard/IMG/left_2017_04_28_18_30_09_401.jpg,/home/esteve/self-driving-ND/CarND-Behavioral-Cloning-P3/data_hard/IMG/right_2017_04_28_18_30_09_401.jpg,0.6315789,0.06082463,0,18.7039
/home/esteve/self-driving-ND/CarND-Behavioral-Cloning-P3/data_hard/IMG/center_2017_04_28_18_30_09_483.jpg,/home/esteve/self-driving-ND/CarND-Behavioral-Cloning-P3/data_hard/IMG/left_2017_04_28_18_30_09_483.jpg,/home/esteve/self-driving-ND/CarND-Behavioral-Cloning-P3/data_hard/IMG/right_2017_04_28_18_30_09_483.jpg,0.5639098,0.3076587,0,18.20041
/home/esteve/self-driving-ND/CarND-Behavioral-Cloning-P3/data_hard/IMG/center_2017_04_28_18_30_09_563.jpg,/home/esteve/self-driving-ND/CarND-Behavioral-Cloning-P3/data_hard/IMG/left_2017_04_28_18_30_09_563.jpg,/home/esteve/self-driving-ND/CarND-Behavioral-Cloning-P3/data_hard/IMG/right_2017_04_28_18_30_09_563.jpg,0.4887218,0.5666335,0,17.60217
/home/esteve/self-driving-ND/CarND-Behavioral-Cloning-P3/data_hard/IMG/center_2017_04_28_18_30_09_651.jpg,/home/esteve/self-driving-ND/CarND-Behavioral-Cloning-P3/data_hard/IMG/left_2017_04_28_18_30_09_651.jpg,/home/esteve/self-driving-ND/CarND-Behavioral-Cloning-P3/data_hard/IMG/right_2017_04_28_18_30_09_651.jpg,0.4285714,0.812223,0,17.60983
/home/esteve/self-driving-ND/CarND-Behavioral-Cloning-P3/data_hard/IMG/center_2017_04_28_18_30_09_719.jpg,/home/esteve/self-driving-ND/CarND-Behavioral-Cloning-P3/data_hard/IMG/left_2017_04_28_18_30_09_719.jpg,/home/esteve/self-driving-ND/CarND-Behavioral-Cloning-P3/data_hard/IMG/right_2017_04_28_18_30_09_719.jpg,0.4360902,1,0,17.38355
/home/esteve/self-driving-ND/CarND-Behavioral-Cloning-P3/data_hard/IMG/center_2017_04_28_18_30_09_798.jpg,/home/esteve/self-driving-ND/CarND-Behavioral-Cloning-P3/data_hard/IMG/left_2017_04_28_18_30_09_798.jpg,/home/esteve/self-driving-ND/CarND-Behavioral-Cloning-P3/data_hard/IMG/right_2017_04_28_18_30_09_798.jpg,0.5263158,1,0,17.67539
/home/esteve/self-driving-ND/CarND-Behavioral-Cloning-P3/data_hard/IMG/center_2017_04_28_18_30_09_861.jpg,/home/esteve/self-driving-ND/CarND-Behavioral-Cloning-P3/data_hard/IMG/left_2017_04_28_18_30_09_861.jpg,/home/esteve/self-driving-ND/CarND-Behavioral-Cloning-P3/data_hard/IMG/right_2017_04_28_18_30_09_861.jpg,0.5263158,1,0,17.71578
/home/esteve/self-driving-ND/CarND-Behavioral-Cloning-P3/data_hard/IMG/center_2017_04_28_18_30_09_947.jpg,/home/esteve/self-driving-ND/CarND-Behavioral-Cloning-P3/data_hard/IMG/left_2017_04_28_18_30_09_947.jpg,/home/esteve/self-driving-ND/CarND-Behavioral-Cloning-P3/data_hard/IMG/right_2017_04_28_18_30_09_947.jpg,0.5263158,1,0,18.20952
/home/esteve/self-driving-ND/CarND-Behavioral-Cloning-P3/data_hard/IMG/center_2017_04_28_18_30_10_021.jpg,/home/esteve/self-driving-ND/CarND-Behavioral-Cloning-P3/data_hard/IMG/left_2017_04_28_18_30_10_021.jpg,/home/esteve/self-driving-ND/CarND-Behavioral-Cloning-P3/data_hard/IMG/right_2017_04_28_18_30_10_021.jpg,0.5263158,1,0,18.21899
/home/esteve/self-driving-ND/CarND-Behavioral-Cloning-P3/data_hard/IMG/center_2017_04_28_18_30_10_105.jpg,/home/esteve/self-driving-ND/CarND-Behavioral-Cloning-P3/data_hard/IMG/left_2017_04_28_18_30_10_105.jpg,/home/esteve/self-driving-ND/CarND-Behavioral-Cloning-P3/data_hard/IMG/right_2017_04_28_18_30_10_105.jpg,0.5338346,1,0,18.79014
/home/esteve/self-driving-ND/CarND-Behavioral-Cloning-P3/data_hard/IMG/center_2017_04_28_18_30_10_178.jpg,/home/esteve/self-driving-ND/CarND-Behavioral-Cloning-P3/data_hard/IMG/left_2017_04_28_18_30_10_178.jpg,/home/esteve/self-driving-ND/CarND-Behavioral-Cloning-P3/data_hard/IMG/right_2017_04_28_18_30_10_178.jpg,0.5338346,1,0,19.25023
/home/esteve/self-driving-ND/CarND-Behavioral-Cloning-P3/data_hard/IMG/center_2017_04_28_18_30_10_261.jpg,/home/esteve/self-driving-ND/CarND-Behavioral-Cloning-P3/data_hard/IMG/left_2017_04_28_18_30_10_261.jpg,/home/esteve/self-driving-ND/CarND-Behavioral-Cloning-P3/data_hard/IMG/right_2017_04_28_18_30_10_261.jpg,0.5338346,1,0,19.60433
/home/esteve/self-driving-ND/CarND-Behavioral-Cloning-P3/data_hard/IMG/center_2017_04_28_18_30_10_336.jpg,/home/esteve/self-driving-ND/CarND-Behavioral-Cloning-P3/data_hard/IMG/left_2017_04_28_18_30_10_336.jpg,/home/esteve/self-driving-ND/CarND-Behavioral-Cloning-P3/data_hard/IMG/right_2017_04_28_18_30_10_336.jpg,0.5338346,0.7574918,0,19.98132
/home/esteve/self-driving-ND/CarND-Behavioral-Cloning-P3/data_hard/IMG/center_2017_04_28_18_30_10_414.jpg,/home/esteve/self-driving-ND/CarND-Behavioral-Cloning-P3/data_hard/IMG/left_2017_04_28_18_30_10_414.jpg,/home/esteve/self-driving-ND/CarND-Behavioral-Cloning-P3/data_hard/IMG/right_2017_04_28_18_30_10_414.jpg,0.5037594,0.5231647,0,19.99095
/home/esteve/self-driving-ND/CarND-Behavioral-Cloning-P3/data_hard/IMG/center_2017_04_28_18_30_10_494.jpg,/home/esteve/self-driving-ND/CarND-Behavioral-Cloning-P3/data_hard/IMG/left_2017_04_28_18_30_10_494.jpg,/home/esteve/self-driving-ND/CarND-Behavioral-Cloning-P3/data_hard/IMG/right_2017_04_28_18_30_10_494.jpg,0.3383459,0.2835727,0,19.77701
/home/esteve/self-driving-ND/CarND-Behavioral-Cloning-P3/data_hard/IMG/center_2017_04_28_18_30_10_575.jpg,/home/esteve/self-driving-ND/CarND-Behavioral-Cloning-P3/data_hard/IMG/left_2017_04_28_18_30_10_575.jpg,/home/esteve/self-driving-ND/CarND-Behavioral-Cloning-P3/data_hard/IMG/right_2017_04_28_18_30_10_575.jpg,0.1804511,0.03940296,0,19.36976
/home/esteve/self-driving-ND/CarND-Behavioral-Cloning-P3/data_hard/IMG/center_2017_04_28_18_30_10_656.jpg,/home/esteve/self-driving-ND/CarND-Behavioral-Cloning-P3/data_hard/IMG/left_2017_04_28_18_30_10_656.jpg,/home/esteve/self-driving-ND/CarND-Behavioral-Cloning-P3/data_hard/IMG/right_2017_04_28_18_30_10_656.jpg,0.112782,0,0,18.78724
/home/esteve/self-driving-ND/CarND-Behavioral-Cloning-P3/data_hard/IMG/center_2017_04_28_18_30_10_723.jpg,/home/esteve/self-driving-ND/CarND-Behavioral-Cloning-P3/data_hard/IMG/left_2017_04_28_18_30_10_723.jpg,/home/esteve/self-driving-ND/CarND-Behavioral-Cloning-P3/data_hard/IMG/right_2017_04_28_18_30_10_723.jpg,0.01503759,0,0,18.2313
/home/esteve/self-driving-ND/CarND-Behavioral-Cloning-P3/data_hard/IMG/center_2017_04_28_18_30_10_801.jpg,/home/esteve/self-driving-ND/CarND-Behavioral-Cloning-P3/data_hard/IMG/left_2017_04_28_18_30_10_801.jpg,/home/esteve/self-driving-ND/CarND-Behavioral-Cloning-P3/data_hard/IMG/right_2017_04_28_18_30_10_801.jpg,-0.09774436,0,0,17.76958
/home/esteve/self-driving-ND/CarND-Behavioral-Cloning-P3/data_hard/IMG/center_2017_04_28_18_30_10_885.jpg,/home/esteve/self-driving-ND/CarND-Behavioral-Cloning-P3/data_hard/IMG/left_2017_04_28_18_30_10_885.jpg,/home/esteve/self-driving-ND/CarND-Behavioral-Cloning-P3/data_hard/IMG/right_2017_04_28_18_30_10_885.jpg,-0.3533835,0,0,16.93353
/home/esteve/self-driving-ND/CarND-Behavioral-Cloning-P3/data_hard/IMG/center_2017_04_28_18_30_10_963.jpg,/home/esteve/self-driving-ND/CarND-Behavioral-Cloning-P3/data_hard/IMG/left_2017_04_28_18_30_10_963.jpg,/home/esteve/self-driving-ND/CarND-Behavioral-Cloning-P3/data_hard/IMG/right_2017_04_28_18_30_10_963.jpg,-0.5112782,0,0,16.24257
/home/esteve/self-driving-ND/CarND-Behavioral-Cloning-P3/data_hard/IMG/center_2017_04_28_18_30_11_043.jpg,/home/esteve/self-driving-ND/CarND-Behavioral-Cloning-P3/data_hard/IMG/left_2017_04_28_18_30_11_043.jpg,/home/esteve/self-driving-ND/CarND-Behavioral-Cloning-P3/data_hard/IMG/right_2017_04_28_18_30_11_043.jpg,-0.7969925,0,0,15.7135
/home/esteve/self-driving-ND/CarND-Behavioral-Cloning-P3/data_hard/IMG/center_2017_04_28_18_30_11_129.jpg,/home/esteve/self-driving-ND/CarND-Behavioral-Cloning-P3/data_hard/IMG/left_2017_04_28_18_30_11_129.jpg,/home/esteve/self-driving-ND/CarND-Behavioral-Cloning-P3/data_hard/IMG/right_2017_04_28_18_30_11_129.jpg,-0.9699247,0,0,15.13012
/home/esteve/self-driving-ND/CarND-Behavioral-Cloning-P3/data_hard/IMG/center_2017_04_28_18_30_11_209.jpg,/home/esteve/self-driving-ND/CarND-Behavioral-Cloning-P3/data_hard/IMG/left_2017_04_28_18_30_11_209.jpg,/home/esteve/self-driving-ND/CarND-Behavioral-Cloning-P3/data_hard/IMG/right_2017_04_28_18_30_11_209.jpg,-0.9924812,0,0,14.57144
/home/esteve/self-driving-ND/CarND-Behavioral-Cloning-P3/data_hard/IMG/center_2017_04_28_18_30_11_290.jpg,/home/esteve/self-driving-ND/CarND-Behavioral-Cloning-P3/data_hard/IMG/left_2017_04_28_18_30_11_290.jpg,/home/esteve/self-driving-ND/CarND-Behavioral-Cloning-P3/data_hard/IMG/right_2017_04_28_18_30_11_290.jpg,-0.9924812,0,0,13.99796
/home/esteve/self-driving-ND/CarND-Behavioral-Cloning-P3/data_hard/IMG/center_2017_04_28_18_30_11_375.jpg,/home/esteve/self-driving-ND/CarND-Behavioral-Cloning-P3/data_hard/IMG/left_2017_04_28_18_30_11_375.jpg,/home/esteve/self-driving-ND/CarND-Behavioral-Cloning-P3/data_hard/IMG/right_2017_04_28_18_30_11_375.jpg,-0.9022557,0,0,13.44474
/home/esteve/self-driving-ND/CarND-Behavioral-Cloning-P3/data_hard/IMG/center_2017_04_28_18_30_11_455.jpg,/home/esteve/self-driving-ND/CarND-Behavioral-Cloning-P3/data_hard/IMG/left_2017_04_28_18_30_11_455.jpg,/home/esteve/self-driving-ND/CarND-Behavioral-Cloning-P3/data_hard/IMG/right_2017_04_28_18_30_11_455.jpg,-0.8120301,0,0,13.15263
/home/esteve/self-driving-ND/CarND-Behavioral-Cloning-P3/data_hard/IMG/center_2017_04_28_18_30_11_528.jpg,/home/esteve/self-driving-ND/CarND-Behavioral-Cloning-P3/data_hard/IMG/left_2017_04_28_18_30_11_528.jpg,/home/esteve/self-driving-ND/CarND-Behavioral-Cloning-P3/data_hard/IMG/right_2017_04_28_18_30_11_528.jpg,-0.7894737,0,0,12.41963
/home/esteve/self-driving-ND/CarND-Behavioral-Cloning-P3/data_hard/IMG/center_2017_04_28_18_30_11_606.jpg,/home/esteve/self-driving-ND/CarND-Behavioral-Cloning-P3/data_hard/IMG/left_2017_04_28_18_30_11_606.jpg,/home/esteve/self-driving-ND/CarND-Behavioral-Cloning-P3/data_hard/IMG/right_2017_04_28_18_30_11_606.jpg,-0.7894737,0,0,12.17162
/home/esteve/self-driving-ND/CarND-Behavioral-Cloning-P3/data_hard/IMG/center_2017_04_28_18_30_11_692.jpg,/home/esteve/self-driving-ND/CarND-Behavioral-Cloning-P3/data_hard/IMG/left_2017_04_28_18_30_11_692.jpg,/home/esteve/self-driving-ND/CarND-Behavioral-Cloning-P3/data_hard/IMG/right_2017_04_28_18_30_11_692.jpg,-0.7894737,0.1170151,0,11.75254
/home/esteve/self-driving-ND/CarND-Behavioral-Cloning-P3/data_hard/IMG/center_2017_04_28_18_30_11_772.jpg,/home/esteve/self-driving-ND/CarND-Behavioral-Cloning-P3/data_hard/IMG/left_2017_04_28_18_30_11_772.jpg,/home/esteve/self-driving-ND/CarND-Behavioral-Cloning-P3/data_hard/IMG/right_2017_04_28_18_30_11_772.jpg,-0.5864662,0.3564513,0,11.50465
/home/esteve/self-driving-ND/CarND-Behavioral-Cloning-P3/data_hard/IMG/center_2017_04_28_18_30_11_852.jpg,/home/esteve/self-driving-ND/CarND-Behavioral-Cloning-P3/data_hard/IMG/left_2017_04_28_18_30_11_852.jpg,/home/esteve/self-driving-ND/CarND-Behavioral-Cloning-P3/data_hard/IMG/right_2017_04_28_18_30_11_852.jpg,-0.4360902,0.5978308,0,11.62208
/home/esteve/self-driving-ND/CarND-Behavioral-Cloning-P3/data_hard/IMG/center_2017_04_28_18_30_11_932.jpg,/home/esteve/self-driving-ND/CarND-Behavioral-Cloning-P3/data_hard/IMG/left_2017_04_28_18_30_11_932.jpg,/home/esteve/self-driving-ND/CarND-Behavioral-Cloning-P3/data_hard/IMG/right_2017_04_28_18_30_11_932.jpg,-0.4360902,0.8353922,0,11.98266
/home/esteve/self-driving-ND/CarND-Behavioral-Cloning-P3/data_hard/IMG/center_2017_04_28_18_30_12_010.jpg,/home/esteve/self-driving-ND/CarND-Behavioral-Cloning-P3/data_hard/IMG/left_2017_04_28_18_30_12_010.jpg,/home/esteve/self-driving-ND/CarND-Behavioral-Cloning-P3/data_hard/IMG/right_2017_04_28_18_30_12_010.jpg,-0.4360902,1,0,13.06622
/home/esteve/self-driving-ND/CarND-Behavioral-Cloning-P3/data_hard/IMG/center_2017_04_28_18_30_12_090.jpg,/home/esteve/self-driving-ND/CarND-Behavioral-Cloning-P3/data_hard/IMG/left_2017_04_28_18_30_12_090.jpg,/home/esteve/self-driving-ND/CarND-Behavioral-Cloning-P3/data_hard/IMG/right_2017_04_28_18_30_12_090.jpg,-0.4436091,1,0,13.821
/home/esteve/self-driving-ND/CarND-Behavioral-Cloning-P3/data_hard/IMG/center_2017_04_28_18_30_12_174.jpg,/home/esteve/self-driving-ND/CarND-Behavioral-Cloning-P3/data_hard/IMG/left_2017_04_28_18_30_12_174.jpg,/home/esteve/self-driving-ND/CarND-Behavioral-Cloning-P3/data_hard/IMG/right_2017_04_28_18_30_12_174.jpg,-0.4586466,1,0,14.27549
/home/esteve/self-driving-ND/CarND-Behavioral-Cloning-P3/data_hard/IMG/center_2017_04_28_18_30_12_255.jpg,/home/esteve/self-driving-ND/CarND-Behavioral-Cloning-P3/data_hard/IMG/left_2017_04_28_18_30_12_255.jpg,/home/esteve/self-driving-ND/CarND-Behavioral-Cloning-P3/data_hard/IMG/right_2017_04_28_18_30_12_255.jpg,-0.4511278,1,0,14.90415
/home/esteve/self-driving-ND/CarND-Behavioral-Cloning-P3/data_hard/IMG/center_2017_04_28_18_30_12_327.jpg,/home/esteve/self-driving-ND/CarND-Behavioral-Cloning-P3/data_hard/IMG/left_2017_04_28_18_30_12_327.jpg,/home/esteve/self-driving-ND/CarND-Behavioral-Cloning-P3/data_hard/IMG/right_2017_04_28_18_30_12_327.jpg,-0.3909774,1,0,15.4551
/home/esteve/self-driving-ND/CarND-Behavioral-Cloning-P3/data_hard/IMG/center_2017_04_28_18_30_12_411.jpg,/home/esteve/self-driving-ND/CarND-Behavioral-Cloning-P3/data_hard/IMG/left_2017_04_28_18_30_12_411.jpg,/home/esteve/self-driving-ND/CarND-Behavioral-Cloning-P3/data_hard/IMG/right_2017_04_28_18_30_12_411.jpg,-0.3233083,1,0,16.37399
/home/esteve/self-driving-ND/CarND-Behavioral-Cloning-P3/data_hard/IMG/center_2017_04_28_18_30_12_490.jpg,/home/esteve/self-driving-ND/CarND-Behavioral-Cloning-P3/data_hard/IMG/left_2017_04_28_18_30_12_490.jpg,/home/esteve/self-driving-ND/CarND-Behavioral-Cloning-P3/data_hard/IMG/right_2017_04_28_18_30_12_490.jpg,-0.2556391,1,0,17.34634
/home/esteve/self-driving-ND/CarND-Behavioral-Cloning-P3/data_hard/IMG/center_2017_04_28_18_30_12_567.jpg,/home/esteve/self-driving-ND/CarND-Behavioral-Cloning-P3/data_hard/IMG/left_2017_04_28_18_30_12_567.jpg,/home/esteve/self-driving-ND/CarND-Behavioral-Cloning-P3/data_hard/IMG/right_2017_04_28_18_30_12_567.jpg,-0.2255639,1,0,18.12327
/home/esteve/self-driving-ND/CarND-Behavioral-Cloning-P3/data_hard/IMG/center_2017_04_28_18_30_12_648.jpg,/home/esteve/self-driving-ND/CarND-Behavioral-Cloning-P3/data_hard/IMG/left_2017_04_28_18_30_12_648.jpg,/home/esteve/self-driving-ND/CarND-Behavioral-Cloning-P3/data_hard/IMG/right_2017_04_28_18_30_12_648.jpg,-0.1804511,1,0,18.90816
/home/esteve/self-driving-ND/CarND-Behavioral-Cloning-P3/data_hard/IMG/center_2017_04_28_18_30_12_728.jpg,/home/esteve/self-driving-ND/CarND-Behavioral-Cloning-P3/data_hard/IMG/left_2017_04_28_18_30_12_728.jpg,/home/esteve/self-driving-ND/CarND-Behavioral-Cloning-P3/data_hard/IMG/right_2017_04_28_18_30_12_728.jpg,-0.1052632,0.8651464,0,19.7224
/home/esteve/self-driving-ND/CarND-Behavioral-Cloning-P3/data_hard/IMG/center_2017_04_28_18_30_12_814.jpg,/home/esteve/self-driving-ND/CarND-Behavioral-Cloning-P3/data_hard/IMG/left_2017_04_28_18_30_12_814.jpg,/home/esteve/self-driving-ND/CarND-Behavioral-Cloning-P3/data_hard/IMG/right_2017_04_28_18_30_12_814.jpg,-0.06766918,0.6076601,0,20.28089
/home/esteve/self-driving-ND/CarND-Behavioral-Cloning-P3/data_hard/IMG/center_2017_04_28_18_30_12_896.jpg,/home/esteve/self-driving-ND/CarND-Behavioral-Cloning-P3/data_hard/IMG/left_2017_04_28_18_30_12_896.jpg,/home/esteve/self-driving-ND/CarND-Behavioral-Cloning-P3/data_hard/IMG/right_2017_04_28_18_30_12_896.jpg,0.007518797,0.3615277,0,20.55141
/home/esteve/self-driving-ND/CarND-Behavioral-Cloning-P3/data_hard/IMG/center_2017_04_28_18_30_12_980.jpg,/home/esteve/self-driving-ND/CarND-Behavioral-Cloning-P3/data_hard/IMG/left_2017_04_28_18_30_12_980.jpg,/home/esteve/self-driving-ND/CarND-Behavioral-Cloning-P3/data_hard/IMG/right_2017_04_28_18_30_12_980.jpg,0.07518797,0.1115408,0,20.56766
/home/esteve/self-driving-ND/CarND-Behavioral-Cloning-P3/data_hard/IMG/center_2017_04_28_18_30_13_061.jpg,/home/esteve/self-driving-ND/CarND-Behavioral-Cloning-P3/data_hard/IMG/left_2017_04_28_18_30_13_061.jpg,/home/esteve/self-driving-ND/CarND-Behavioral-Cloning-P3/data_hard/IMG/right_2017_04_28_18_30_13_061.jpg,0.1203007,0.2354553,0,20.48082
/home/esteve/self-driving-ND/CarND-Behavioral-Cloning-P3/data_hard/IMG/center_2017_04_28_18_30_13_142.jpg,/home/esteve/self-driving-ND/CarND-Behavioral-Cloning-P3/data_hard/IMG/left_2017_04_28_18_30_13_142.jpg,/home/esteve/self-driving-ND/CarND-Behavioral-Cloning-P3/data_hard/IMG/right_2017_04_28_18_30_13_142.jpg,0.1654135,0.4801564,0,20.98509
/home/esteve/self-driving-ND/CarND-Behavioral-Cloning-P3/data_hard/IMG/center_2017_04_28_18_30_13_222.jpg,/home/esteve/self-driving-ND/CarND-Behavioral-Cloning-P3/data_hard/IMG/left_2017_04_28_18_30_13_222.jpg,/home/esteve/self-driving-ND/CarND-Behavioral-Cloning-P3/data_hard/IMG/right_2017_04_28_18_30_13_222.jpg,0.1654135,0.457972,0,21.03369
/home/esteve/self-driving-ND/CarND-Behavioral-Cloning-P3/data_hard/IMG/center_2017_04_28_18_30_13_301.jpg,/home/esteve/self-driving-ND/CarND-Behavioral-Cloning-P3/data_hard/IMG/left_2017_04_28_18_30_13_301.jpg,/home/esteve/self-driving-ND/CarND-Behavioral-Cloning-P3/data_hard/IMG/right_2017_04_28_18_30_13_301.jpg,0.07518797,0.2190065,0,21.18852
/home/esteve/self-driving-ND/CarND-Behavioral-Cloning-P3/data_hard/IMG/center_2017_04_28_18_30_13_381.jpg,/home/esteve/self-driving-ND/CarND-Behavioral-Cloning-P3/data_hard/IMG/left_2017_04_28_18_30_13_381.jpg,/home/esteve/self-driving-ND/CarND-Behavioral-Cloning-P3/data_hard/IMG/right_2017_04_28_18_30_13_381.jpg,-0.06766918,0,0,21.08036
/home/esteve/self-driving-ND/CarND-Behavioral-Cloning-P3/data_hard/IMG/center_2017_04_28_18_30_13_457.jpg,/home/esteve/self-driving-ND/CarND-Behavioral-Cloning-P3/data_hard/IMG/left_2017_04_28_18_30_13_457.jpg,/home/esteve/self-driving-ND/CarND-Behavioral-Cloning-P3/data_hard/IMG/right_2017_04_28_18_30_13_457.jpg,-0.1203007,0,0,20.75588
/home/esteve/self-driving-ND/CarND-Behavioral-Cloning-P3/data_hard/IMG/center_2017_04_28_18_30_13_537.jpg,/home/esteve/self-driving-ND/CarND-Behavioral-Cloning-P3/data_hard/IMG/left_2017_04_28_18_30_13_537.jpg,/home/esteve/self-driving-ND/CarND-Behavioral-Cloning-P3/data_hard/IMG/right_2017_04_28_18_30_13_537.jpg,-0.1278196,0.1690743,0,20.60625
/home/esteve/self-driving-ND/CarND-Behavioral-Cloning-P3/data_hard/IMG/center_2017_04_28_18_30_13_624.jpg,/home/esteve/self-driving-ND/CarND-Behavioral-Cloning-P3/data_hard/IMG/left_2017_04_28_18_30_13_624.jpg,/home/esteve/self-driving-ND/CarND-Behavioral-Cloning-P3/data_hard/IMG/right_2017_04_28_18_30_13_624.jpg,-0.1278196,0.1797009,0,20.9423
/home/esteve/self-driving-ND/CarND-Behavioral-Cloning-P3/data_hard/IMG/center_2017_04_28_18_30_13_698.jpg,/home/esteve/self-driving-ND/CarND-Behavioral-Cloning-P3/data_hard/IMG/left_2017_04_28_18_30_13_698.jpg,/home/esteve/self-driving-ND/CarND-Behavioral-Cloning-P3/data_hard/IMG/right_2017_04_28_18_30_13_698.jpg,-0.1503759,0,0,20.61941
/home/esteve/self-driving-ND/CarND-Behavioral-Cloning-P3/data_hard/IMG/center_2017_04_28_18_30_13_789.jpg,/home/esteve/self-driving-ND/CarND-Behavioral-Cloning-P3/data_hard/IMG/left_2017_04_28_18_30_13_789.jpg,/home/esteve/self-driving-ND/CarND-Behavioral-Cloning-P3/data_hard/IMG/right_2017_04_28_18_30_13_789.jpg,-0.1503759,0,0,20.46696
/home/esteve/self-driving-ND/CarND-Behavioral-Cloning-P3/data_hard/IMG/center_2017_04_28_18_30_13_864.jpg,/home/esteve/self-driving-ND/CarND-Behavioral-Cloning-P3/data_hard/IMG/left_2017_04_28_18_30_13_864.jpg,/home/esteve/self-driving-ND/CarND-Behavioral-Cloning-P3/data_hard/IMG/right_2017_04_28_18_30_13_864.jpg,-0.1503759,0,0,20.02828
/home/esteve/self-driving-ND/CarND-Behavioral-Cloning-P3/data_hard/IMG/center_2017_04_28_18_30_13_939.jpg,/home/esteve/self-driving-ND/CarND-Behavioral-Cloning-P3/data_hard/IMG/left_2017_04_28_18_30_13_939.jpg,/home/esteve/self-driving-ND/CarND-Behavioral-Cloning-P3/data_hard/IMG/right_2017_04_28_18_30_13_939.jpg,-0.1503759,0,0,19.86659
/home/esteve/self-driving-ND/CarND-Behavioral-Cloning-P3/data_hard/IMG/center_2017_04_28_18_30_14_019.jpg,/home/esteve/self-driving-ND/CarND-Behavioral-Cloning-P3/data_hard/IMG/left_2017_04_28_18_30_14_019.jpg,/home/esteve/self-driving-ND/CarND-Behavioral-Cloning-P3/data_hard/IMG/right_2017_04_28_18_30_14_019.jpg,-0.1503759,0.05920815,0,19.60181
/home/esteve/self-driving-ND/CarND-Behavioral-Cloning-P3/data_hard/IMG/center_2017_04_28_18_30_14_103.jpg,/home/esteve/self-driving-ND/CarND-Behavioral-Cloning-P3/data_hard/IMG/left_2017_04_28_18_30_14_103.jpg,/home/esteve/self-driving-ND/CarND-Behavioral-Cloning-P3/data_hard/IMG/right_2017_04_28_18_30_14_103.jpg,-0.2556391,0.3001621,0,19.28292
/home/esteve/self-driving-ND/CarND-Behavioral-Cloning-P3/data_hard/IMG/center_2017_04_28_18_30_14_179.jpg,/home/esteve/self-driving-ND/CarND-Behavioral-Cloning-P3/data_hard/IMG/left_2017_04_28_18_30_14_179.jpg,/home/esteve/self-driving-ND/CarND-Behavioral-Cloning-P3/data_hard/IMG/right_2017_04_28_18_30_14_179.jpg,-0.2706767,0.5390611,0,19.08962
/home/esteve/self-driving-ND/CarND-Behavioral-Cloning-P3/data_hard/IMG/center_2017_04_28_18_30_14_260.jpg,/home/esteve/self-driving-ND/CarND-Behavioral-Cloning-P3/data_hard/IMG/left_2017_04_28_18_30_14_260.jpg,/home/esteve/self-driving-ND/CarND-Behavioral-Cloning-P3/data_hard/IMG/right_2017_04_28_18_30_14_260.jpg,-0.2706767,0.2947798,0,19.28569
/home/esteve/self-driving-ND/CarND-Behavioral-Cloning-P3/data_hard/IMG/center_2017_04_28_18_30_14_345.jpg,/home/esteve/self-driving-ND/CarND-Behavioral-Cloning-P3/data_hard/IMG/left_2017_04_28_18_30_14_345.jpg,/home/esteve/self-driving-ND/CarND-Behavioral-Cloning-P3/data_hard/IMG/right_2017_04_28_18_30_14_345.jpg,-0.2706767,0.03958511,0,19.17346
/home/esteve/self-driving-ND/CarND-Behavioral-Cloning-P3/data_hard/IMG/center_2017_04_28_18_30_14_427.jpg,/home/esteve/self-driving-ND/CarND-Behavioral-Cloning-P3/data_hard/IMG/left_2017_04_28_18_30_14_427.jpg,/home/esteve/self-driving-ND/CarND-Behavioral-Cloning-P3/data_hard/IMG/right_2017_04_28_18_30_14_427.jpg,-0.2706767,0,0,18.92283
/home/esteve/self-driving-ND/CarND-Behavioral-Cloning-P3/data_hard/IMG/center_2017_04_28_18_30_14_511.jpg,/home/esteve/self-driving-ND/CarND-Behavioral-Cloning-P3/data_hard/IMG/left_2017_04_28_18_30_14_511.jpg,/home/esteve/self-driving-ND/CarND-Behavioral-Cloning-P3/data_hard/IMG/right_2017_04_28_18_30_14_511.jpg,-0.2706767,0.1286702,0,18.40574
/home/esteve/self-driving-ND/CarND-Behavioral-Cloning-P3/data_hard/IMG/center_2017_04_28_18_30_14_588.jpg,/home/esteve/self-driving-ND/CarND-Behavioral-Cloning-P3/data_hard/IMG/left_2017_04_28_18_30_14_588.jpg,/home/esteve/self-driving-ND/CarND-Behavioral-Cloning-P3/data_hard/IMG/right_2017_04_28_18_30_14_588.jpg,-0.368421,0.3751774,0,18.03312
/home/esteve/self-driving-ND/CarND-Behavioral-Cloning-P3/data_hard/IMG/center_2017_04_28_18_30_14_670.jpg,/home/esteve/self-driving-ND/CarND-Behavioral-Cloning-P3/data_hard/IMG/left_2017_04_28_18_30_14_670.jpg,/home/esteve/self-driving-ND/CarND-Behavioral-Cloning-P3/data_hard/IMG/right_2017_04_28_18_30_14_670.jpg,-0.3834586,0.6185853,0,18.08228
/home/esteve/self-driving-ND/CarND-Behavioral-Cloning-P3/data_hard/IMG/center_2017_04_28_18_30_14_751.jpg,/home/esteve/self-driving-ND/CarND-Behavioral-Cloning-P3/data_hard/IMG/left_2017_04_28_18_30_14_751.jpg,/home/esteve/self-driving-ND/CarND-Behavioral-Cloning-P3/data_hard/IMG/right_2017_04_28_18_30_14_751.jpg,-0.3834586,0.4779003,0,18.18173
/home/esteve/self-driving-ND/CarND-Behavioral-Cloning-P3/data_hard/IMG/center_2017_04_28_18_30_14_832.jpg,/home/esteve/self-driving-ND/CarND-Behavioral-Cloning-P3/data_hard/IMG/left_2017_04_28_18_30_14_832.jpg,/home/esteve/self-driving-ND/CarND-Behavioral-Cloning-P3/data_hard/IMG/right_2017_04_28_18_30_14_832.jpg,-0.3834586,0.2340424,0,17.95328
/home/esteve/self-driving-ND/CarND-Behavioral-Cloning-P3/data_hard/IMG/center_2017_04_28_18_30_14_911.jpg,/home/esteve/self-driving-ND/CarND-Behavioral-Cloning-P3/data_hard/IMG/left_2017_04_28_18_30_14_911.jpg,/home/esteve/self-driving-ND/CarND-Behavioral-Cloning-P3/data_hard/IMG/right_2017_04_28_18_30_14_911.jpg,-0.3834586,0,0,17.52122
/home/esteve/self-driving-ND/CarND-Behavioral-Cloning-P3/data_hard/IMG/center_2017_04_28_18_30_14_992.jpg,/home/esteve/self-driving-ND/CarND-Behavioral-Cloning-P3/data_hard/IMG/left_2017_04_28_18_30_14_992.jpg,/home/esteve/self-driving-ND/CarND-Behavioral-Cloning-P3/data_hard/IMG/right_2017_04_28_18_30_14_992.jpg,-0.3834586,0.06135607,0,17.10522
/home/esteve/self-driving-ND/CarND-Behavioral-Cloning-P3/data_hard/IMG/center_2017_04_28_18_30_15_077.jpg,/home/esteve/self-driving-ND/CarND-Behavioral-Cloning-P3/data_hard/IMG/left_2017_04_28_18_30_15_077.jpg,/home/esteve/self-driving-ND/CarND-Behavioral-Cloning-P3/data_hard/IMG/right_2017_04_28_18_30_15_077.jpg,-0.3609022,0.3146131,0,16.81192
/home/esteve/self-driving-ND/CarND-Behavioral-Cloning-P3/data_hard/IMG/center_2017_04_28_18_30_15_158.jpg,/home/esteve/self-driving-ND/CarND-Behavioral-Cloning-P3/data_hard/IMG/left_2017_04_28_18_30_15_158.jpg,/home/esteve/self-driving-ND/CarND-Behavioral-Cloning-P3/data_hard/IMG/right_2017_04_28_18_30_15_158.jpg,-0.3383459,0.5577571,0,16.49298
/home/esteve/self-driving-ND/CarND-Behavioral-Cloning-P3/data_hard/IMG/center_2017_04_28_18_30_15_241.jpg,/home/esteve/self-driving-ND/CarND-Behavioral-Cloning-P3/data_hard/IMG/left_2017_04_28_18_30_15_241.jpg,/home/esteve/self-driving-ND/CarND-Behavioral-Cloning-P3/data_hard/IMG/right_2017_04_28_18_30_15_241.jpg,-0.3383459,0.8077497,0,16.94896
/home/esteve/self-driving-ND/CarND-Behavioral-Cloning-P3/data_hard/IMG/center_2017_04_28_18_30_15_319.jpg,/home/esteve/self-driving-ND/CarND-Behavioral-Cloning-P3/data_hard/IMG/left_2017_04_28_18_30_15_319.jpg,/home/esteve/self-driving-ND/CarND-Behavioral-Cloning-P3/data_hard/IMG/right_2017_04_28_18_30_15_319.jpg,-0.3383459,1,0,17.38922
/home/esteve/self-driving-ND/CarND-Behavioral-Cloning-P3/data_hard/IMG/center_2017_04_28_18_30_15_397.jpg,/home/esteve/self-driving-ND/CarND-Behavioral-Cloning-P3/data_hard/IMG/left_2017_04_28_18_30_15_397.jpg,/home/esteve/self-driving-ND/CarND-Behavioral-Cloning-P3/data_hard/IMG/right_2017_04_28_18_30_15_397.jpg,-0.3383459,1,0,17.87418
/home/esteve/self-driving-ND/CarND-Behavioral-Cloning-P3/data_hard/IMG/center_2017_04_28_18_30_15_482.jpg,/home/esteve/self-driving-ND/CarND-Behavioral-Cloning-P3/data_hard/IMG/left_2017_04_28_18_30_15_482.jpg,/home/esteve/self-driving-ND/CarND-Behavioral-Cloning-P3/data_hard/IMG/right_2017_04_28_18_30_15_482.jpg,-0.2556391,0.8771563,0,18.38148
/home/esteve/self-driving-ND/CarND-Behavioral-Cloning-P3/data_hard/IMG/center_2017_04_28_18_30_15_559.jpg,/home/esteve/self-driving-ND/CarND-Behavioral-Cloning-P3/data_hard/IMG/left_2017_04_28_18_30_15_559.jpg,/home/esteve/self-driving-ND/CarND-Behavioral-Cloning-P3/data_hard/IMG/right_2017_04_28_18_30_15_559.jpg,-0.1278196,0.645319,0,18.573
/home/esteve/self-driving-ND/CarND-Behavioral-Cloning-P3/data_hard/IMG/center_2017_04_28_18_30_15_639.jpg,/home/esteve/self-driving-ND/CarND-Behavioral-Cloning-P3/data_hard/IMG/left_2017_04_28_18_30_15_639.jpg,/home/esteve/self-driving-ND/CarND-Behavioral-Cloning-P3/data_hard/IMG/right_2017_04_28_18_30_15_639.jpg,-0.1052632,0.4051754,0,18.5749
/home/esteve/self-driving-ND/CarND-Behavioral-Cloning-P3/data_hard/IMG/center_2017_04_28_18_30_15_720.jpg,/home/esteve/self-driving-ND/CarND-Behavioral-Cloning-P3/data_hard/IMG/left_2017_04_28_18_30_15_720.jpg,/home/esteve/self-driving-ND/CarND-Behavioral-Cloning-P3/data_hard/IMG/right_2017_04_28_18_30_15_720.jpg,-0.1052632,0.1616144,0,18.35767
/home/esteve/self-driving-ND/CarND-Behavioral-Cloning-P3/data_hard/IMG/center_2017_04_28_18_30_15_788.jpg,/home/esteve/self-driving-ND/CarND-Behavioral-Cloning-P3/data_hard/IMG/left_2017_04_28_18_30_15_788.jpg,/home/esteve/self-driving-ND/CarND-Behavioral-Cloning-P3/data_hard/IMG/right_2017_04_28_18_30_15_788.jpg,-0.1052632,0.3636255,0,18.22623
/home/esteve/self-driving-ND/CarND-Behavioral-Cloning-P3/data_hard/IMG/center_2017_04_28_18_30_15_862.jpg,/home/esteve/self-driving-ND/CarND-Behavioral-Cloning-P3/data_hard/IMG/left_2017_04_28_18_30_15_862.jpg,/home/esteve/self-driving-ND/CarND-Behavioral-Cloning-P3/data_hard/IMG/right_2017_04_28_18_30_15_862.jpg,-0.1052632,0.5705054,0,17.83915
/home/esteve/self-driving-ND/CarND-Behavioral-Cloning-P3/data_hard/IMG/center_2017_04_28_18_30_15_937.jpg,/home/esteve/self-driving-ND/CarND-Behavioral-Cloning-P3/data_hard/IMG/left_2017_04_28_18_30_15_937.jpg,/home/esteve/self-driving-ND/CarND-Behavioral-Cloning-P3/data_hard/IMG/right_2017_04_28_18_30_15_937.jpg,-0.1052632,0.8116095,0,18.02975
/home/esteve/self-driving-ND/CarND-Behavioral-Cloning-P3/data_hard/IMG/center_2017_04_28_18_30_16_017.jpg,/home/esteve/self-driving-ND/CarND-Behavioral-Cloning-P3/data_hard/IMG/left_2017_04_28_18_30_16_017.jpg,/home/esteve/self-driving-ND/CarND-Behavioral-Cloning-P3/data_hard/IMG/right_2017_04_28_18_30_16_017.jpg,-0.1052632,1,0,18.52058
/home/esteve/self-driving-ND/CarND-Behavioral-Cloning-P3/data_hard/IMG/center_2017_04_28_18_30_16_096.jpg,/home/esteve/self-driving-ND/CarND-Behavioral-Cloning-P3/data_hard/IMG/left_2017_04_28_18_30_16_096.jpg,/home/esteve/self-driving-ND/CarND-Behavioral-Cloning-P3/data_hard/IMG/right_2017_04_28_18_30_16_096.jpg,-0.1052632,0.762337,0,18.95351
/home/esteve/self-driving-ND/CarND-Behavioral-Cloning-P3/data_hard/IMG/center_2017_04_28_18_30_16_171.jpg,/home/esteve/self-driving-ND/CarND-Behavioral-Cloning-P3/data_hard/IMG/left_2017_04_28_18_30_16_171.jpg,/home/esteve/self-driving-ND/CarND-Behavioral-Cloning-P3/data_hard/IMG/right_2017_04_28_18_30_16_171.jpg,-0.1428571,0.537379,0,19.05032
/home/esteve/self-driving-ND/CarND-Behavioral-Cloning-P3/data_hard/IMG/center_2017_04_28_18_30_16_252.jpg,/home/esteve/self-driving-ND/CarND-Behavioral-Cloning-P3/data_hard/IMG/left_2017_04_28_18_30_16_252.jpg,/home/esteve/self-driving-ND/CarND-Behavioral-Cloning-P3/data_hard/IMG/right_2017_04_28_18_30_16_252.jpg,-0.1954887,0.295423,0,18.85786
/home/esteve/self-driving-ND/CarND-Behavioral-Cloning-P3/data_hard/IMG/center_2017_04_28_18_30_16_330.jpg,/home/esteve/self-driving-ND/CarND-Behavioral-Cloning-P3/data_hard/IMG/left_2017_04_28_18_30_16_330.jpg,/home/esteve/self-driving-ND/CarND-Behavioral-Cloning-P3/data_hard/IMG/right_2017_04_28_18_30_16_330.jpg,-0.1954887,0.06029773,0,18.62621
/home/esteve/self-driving-ND/CarND-Behavioral-Cloning-P3/data_hard/IMG/center_2017_04_28_18_30_16_410.jpg,/home/esteve/self-driving-ND/CarND-Behavioral-Cloning-P3/data_hard/IMG/left_2017_04_28_18_30_16_410.jpg,/home/esteve/self-driving-ND/CarND-Behavioral-Cloning-P3/data_hard/IMG/right_2017_04_28_18_30_16_410.jpg,-0.2330827,0,0,18.22899
/home/esteve/self-driving-ND/CarND-Behavioral-Cloning-P3/data_hard/IMG/center_2017_04_28_18_30_16_489.jpg,/home/esteve/self-driving-ND/CarND-Behavioral-Cloning-P3/data_hard/IMG/left_2017_04_28_18_30_16_489.jpg,/home/esteve/self-driving-ND/CarND-Behavioral-Cloning-P3/data_hard/IMG/right_2017_04_28_18_30_16_489.jpg,-0.2481203,0,0,17.69238
/home/esteve/self-driving-ND/CarND-Behavioral-Cloning-P3/data_hard/IMG/center_2017_04_28_18_30_16_572.jpg,/home/esteve/self-driving-ND/CarND-Behavioral-Cloning-P3/data_hard/IMG/left_2017_04_28_18_30_16_572.jpg,/home/esteve/self-driving-ND/CarND-Behavioral-Cloning-P3/data_hard/IMG/right_2017_04_28_18_30_16_572.jpg,-0.2631579,0,0,17.19885
/home/esteve/self-driving-ND/CarND-Behavioral-Cloning-P3/data_hard/IMG/center_2017_04_28_18_30_16_660.jpg,/home/esteve/self-driving-ND/CarND-Behavioral-Cloning-P3/data_hard/IMG/left_2017_04_28_18_30_16_660.jpg,/home/esteve/self-driving-ND/CarND-Behavioral-Cloning-P3/data_hard/IMG/right_2017_04_28_18_30_16_660.jpg,-0.3082707,0,0,16.83994
/home/esteve/self-driving-ND/CarND-Behavioral-Cloning-P3/data_hard/IMG/center_2017_04_28_18_30_16_743.jpg,/home/esteve/self-driving-ND/CarND-Behavioral-Cloning-P3/data_hard/IMG/left_2017_04_28_18_30_16_743.jpg,/home/esteve/self-driving-ND/CarND-Behavioral-Cloning-P3/data_hard/IMG/right_2017_04_28_18_30_16_743.jpg,-0.3609022,0,0,16.66429
/home/esteve/self-driving-ND/CarND-Behavioral-Cloning-P3/data_hard/IMG/center_2017_04_28_18_30_16_825.jpg,/home/esteve/self-driving-ND/CarND-Behavioral-Cloning-P3/data_hard/IMG/left_2017_04_28_18_30_16_825.jpg,/home/esteve/self-driving-ND/CarND-Behavioral-Cloning-P3/data_hard/IMG/right_2017_04_28_18_30_16_825.jpg,-0.3984962,0,0,16.30068
/home/esteve/self-driving-ND/CarND-Behavioral-Cloning-P3/data_hard/IMG/center_2017_04_28_18_30_16_904.jpg,/home/esteve/self-driving-ND/CarND-Behavioral-Cloning-P3/data_hard/IMG/left_2017_04_28_18_30_16_904.jpg,/home/esteve/self-driving-ND/CarND-Behavioral-Cloning-P3/data_hard/IMG/right_2017_04_28_18_30_16_904.jpg,-0.4210526,0.2386107,0,16.05819
/home/esteve/self-driving-ND/CarND-Behavioral-Cloning-P3/data_hard/IMG/center_2017_04_28_18_30_16_984.jpg,/home/esteve/self-driving-ND/CarND-Behavioral-Cloning-P3/data_hard/IMG/left_2017_04_28_18_30_16_984.jpg,/home/esteve/self-driving-ND/CarND-Behavioral-Cloning-P3/data_hard/IMG/right_2017_04_28_18_30_16_984.jpg,-0.4210526,0.4762709,0,15.99992
/home/esteve/self-driving-ND/CarND-Behavioral-Cloning-P3/data_hard/IMG/center_2017_04_28_18_30_17_062.jpg,/home/esteve/self-driving-ND/CarND-Behavioral-Cloning-P3/data_hard/IMG/left_2017_04_28_18_30_17_062.jpg,/home/esteve/self-driving-ND/CarND-Behavioral-Cloning-P3/data_hard/IMG/right_2017_04_28_18_30_17_062.jpg,-0.4210526,0.7120678,0,16.29268
/home/esteve/self-driving-ND/CarND-Behavioral-Cloning-P3/data_hard/IMG/center_2017_04_28_18_30_17_136.jpg,/home/esteve/self-driving-ND/CarND-Behavioral-Cloning-P3/data_hard/IMG/left_2017_04_28_18_30_17_136.jpg,/home/esteve/self-driving-ND/CarND-Behavioral-Cloning-P3/data_hard/IMG/right_2017_04_28_18_30_17_136.jpg,-0.4210526,0.5971076,0,16.39328
/home/esteve/self-driving-ND/CarND-Behavioral-Cloning-P3/data_hard/IMG/center_2017_04_28_18_30_17_220.jpg,/home/esteve/self-driving-ND/CarND-Behavioral-Cloning-P3/data_hard/IMG/left_2017_04_28_18_30_17_220.jpg,/home/esteve/self-driving-ND/CarND-Behavioral-Cloning-P3/data_hard/IMG/right_2017_04_28_18_30_17_220.jpg,-0.4210526,0.3594089,0,16.48645
/home/esteve/self-driving-ND/CarND-Behavioral-Cloning-P3/data_hard/IMG/center_2017_04_28_18_30_17_295.jpg,/home/esteve/self-driving-ND/CarND-Behavioral-Cloning-P3/data_hard/IMG/left_2017_04_28_18_30_17_295.jpg,/home/esteve/self-driving-ND/CarND-Behavioral-Cloning-P3/data_hard/IMG/right_2017_04_28_18_30_17_295.jpg,-0.4210526,0.1200056,0,16.4711
/home/esteve/self-driving-ND/CarND-Behavioral-Cloning-P3/data_hard/IMG/center_2017_04_28_18_30_17_365.jpg,/home/esteve/self-driving-ND/CarND-Behavioral-Cloning-P3/data_hard/IMG/left_2017_04_28_18_30_17_365.jpg,/home/esteve/self-driving-ND/CarND-Behavioral-Cloning-P3/data_hard/IMG/right_2017_04_28_18_30_17_365.jpg,-0.4210526,0,0,16.13129
/home/esteve/self-driving-ND/CarND-Behavioral-Cloning-P3/data_hard/IMG/center_2017_04_28_18_30_17_448.jpg,/home/esteve/self-driving-ND/CarND-Behavioral-Cloning-P3/data_hard/IMG/left_2017_04_28_18_30_17_448.jpg,/home/esteve/self-driving-ND/CarND-Behavioral-Cloning-P3/data_hard/IMG/right_2017_04_28_18_30_17_448.jpg,-0.4210526,0,0,15.8112
/home/esteve/self-driving-ND/CarND-Behavioral-Cloning-P3/data_hard/IMG/center_2017_04_28_18_30_17_529.jpg,/home/esteve/self-driving-ND/CarND-Behavioral-Cloning-P3/data_hard/IMG/left_2017_04_28_18_30_17_529.jpg,/home/esteve/self-driving-ND/CarND-Behavioral-Cloning-P3/data_hard/IMG/right_2017_04_28_18_30_17_529.jpg,-0.4210526,0.241245,0,15.70355
/home/esteve/self-driving-ND/CarND-Behavioral-Cloning-P3/data_hard/IMG/center_2017_04_28_18_30_17_616.jpg,/home/esteve/self-driving-ND/CarND-Behavioral-Cloning-P3/data_hard/IMG/left_2017_04_28_18_30_17_616.jpg,/home/esteve/self-driving-ND/CarND-Behavioral-Cloning-P3/data_hard/IMG/right_2017_04_28_18_30_17_616.jpg,-0.4210526,0.5024071,0,15.82021
/home/esteve/self-driving-ND/CarND-Behavioral-Cloning-P3/data_hard/IMG/center_2017_04_28_18_30_17_694.jpg,/home/esteve/self-driving-ND/CarND-Behavioral-Cloning-P3/data_hard/IMG/left_2017_04_28_18_30_17_694.jpg,/home/esteve/self-driving-ND/CarND-Behavioral-Cloning-P3/data_hard/IMG/right_2017_04_28_18_30_17_694.jpg,-0.2932331,0.7545869,0,16.52067
/home/esteve/self-driving-ND/CarND-Behavioral-Cloning-P3/data_hard/IMG/center_2017_04_28_18_30_17_776.jpg,/home/esteve/self-driving-ND/CarND-Behavioral-Cloning-P3/data_hard/IMG/left_2017_04_28_18_30_17_776.jpg,/home/esteve/self-driving-ND/CarND-Behavioral-Cloning-P3/data_hard/IMG/right_2017_04_28_18_30_17_776.jpg,-0.2180451,1,0,17.2535
/home/esteve/self-driving-ND/CarND-Behavioral-Cloning-P3/data_hard/IMG/center_2017_04_28_18_30_17_861.jpg,/home/esteve/self-driving-ND/CarND-Behavioral-Cloning-P3/data_hard/IMG/left_2017_04_28_18_30_17_861.jpg,/home/esteve/self-driving-ND/CarND-Behavioral-Cloning-P3/data_hard/IMG/right_2017_04_28_18_30_17_861.jpg,-0.1879699,1,0,18.0706
/home/esteve/self-driving-ND/CarND-Behavioral-Cloning-P3/data_hard/IMG/center_2017_04_28_18_30_17_947.jpg,/home/esteve/self-driving-ND/CarND-Behavioral-Cloning-P3/data_hard/IMG/left_2017_04_28_18_30_17_947.jpg,/home/esteve/self-driving-ND/CarND-Behavioral-Cloning-P3/data_hard/IMG/right_2017_04_28_18_30_17_947.jpg,-0.1654135,0.7439198,0,18.80903
/home/esteve/self-driving-ND/CarND-Behavioral-Cloning-P3/data_hard/IMG/center_2017_04_28_18_30_18_029.jpg,/home/esteve/self-driving-ND/CarND-Behavioral-Cloning-P3/data_hard/IMG/left_2017_04_28_18_30_18_029.jpg,/home/esteve/self-driving-ND/CarND-Behavioral-Cloning-P3/data_hard/IMG/right_2017_04_28_18_30_18_029.jpg,-0.1503759,0.497716,0,19.1809
/home/esteve/self-driving-ND/CarND-Behavioral-Cloning-P3/data_hard/IMG/center_2017_04_28_18_30_18_115.jpg,/home/esteve/self-driving-ND/CarND-Behavioral-Cloning-P3/data_hard/IMG/left_2017_04_28_18_30_18_115.jpg,/home/esteve/self-driving-ND/CarND-Behavioral-Cloning-P3/data_hard/IMG/right_2017_04_28_18_30_18_115.jpg,-0.1503759,0.3674107,0,19.44263
/home/esteve/self-driving-ND/CarND-Behavioral-Cloning-P3/data_hard/IMG/center_2017_04_28_18_30_18_200.jpg,/home/esteve/self-driving-ND/CarND-Behavioral-Cloning-P3/data_hard/IMG/left_2017_04_28_18_30_18_200.jpg,/home/esteve/self-driving-ND/CarND-Behavioral-Cloning-P3/data_hard/IMG/right_2017_04_28_18_30_18_200.jpg,-0.1353384,0.6212978,0,19.79476
/home/esteve/self-driving-ND/CarND-Behavioral-Cloning-P3/data_hard/IMG/center_2017_04_28_18_30_18_279.jpg,/home/esteve/self-driving-ND/CarND-Behavioral-Cloning-P3/data_hard/IMG/left_2017_04_28_18_30_18_279.jpg,/home/esteve/self-driving-ND/CarND-Behavioral-Cloning-P3/data_hard/IMG/right_2017_04_28_18_30_18_279.jpg,-0.112782,0.8597856,0,20.36589
/home/esteve/self-driving-ND/CarND-Behavioral-Cloning-P3/data_hard/IMG/center_2017_04_28_18_30_18_366.jpg,/home/esteve/self-driving-ND/CarND-Behavioral-Cloning-P3/data_hard/IMG/left_2017_04_28_18_30_18_366.jpg,/home/esteve/self-driving-ND/CarND-Behavioral-Cloning-P3/data_hard/IMG/right_2017_04_28_18_30_18_366.jpg,-0.1052632,1,0,21.33389
/home/esteve/self-driving-ND/CarND-Behavioral-Cloning-P3/data_hard/IMG/center_2017_04_28_18_30_18_449.jpg,/home/esteve/self-driving-ND/CarND-Behavioral-Cloning-P3/data_hard/IMG/left_2017_04_28_18_30_18_449.jpg,/home/esteve/self-driving-ND/CarND-Behavioral-Cloning-P3/data_hard/IMG/right_2017_04_28_18_30_18_449.jpg,-0.09022556,0.8633776,0,22.10734
/home/esteve/self-driving-ND/CarND-Behavioral-Cloning-P3/data_hard/IMG/center_2017_04_28_18_30_18_534.jpg,/home/esteve/self-driving-ND/CarND-Behavioral-Cloning-P3/data_hard/IMG/left_2017_04_28_18_30_18_534.jpg,/home/esteve/self-driving-ND/CarND-Behavioral-Cloning-P3/data_hard/IMG/right_2017_04_28_18_30_18_534.jpg,-0.09022556,0.6080141,0,22.65071
/home/esteve/self-driving-ND/CarND-Behavioral-Cloning-P3/data_hard/IMG/center_2017_04_28_18_30_18_617.jpg,/home/esteve/self-driving-ND/CarND-Behavioral-Cloning-P3/data_hard/IMG/left_2017_04_28_18_30_18_617.jpg,/home/esteve/self-driving-ND/CarND-Behavioral-Cloning-P3/data_hard/IMG/right_2017_04_28_18_30_18_617.jpg,-0.09022556,0.3606615,0,22.94095
/home/esteve/self-driving-ND/CarND-Behavioral-Cloning-P3/data_hard/IMG/center_2017_04_28_18_30_18_684.jpg,/home/esteve/self-driving-ND/CarND-Behavioral-Cloning-P3/data_hard/IMG/left_2017_04_28_18_30_18_684.jpg,/home/esteve/self-driving-ND/CarND-Behavioral-Cloning-P3/data_hard/IMG/right_2017_04_28_18_30_18_684.jpg,-0.09022556,0.1605222,0,22.98231
/home/esteve/self-driving-ND/CarND-Behavioral-Cloning-P3/data_hard/IMG/center_2017_04_28_18_30_18_752.jpg,/home/esteve/self-driving-ND/CarND-Behavioral-Cloning-P3/data_hard/IMG/left_2017_04_28_18_30_18_752.jpg,/home/esteve/self-driving-ND/CarND-Behavioral-Cloning-P3/data_hard/IMG/right_2017_04_28_18_30_18_752.jpg,-0.09022556,0,0,22.89344
/home/esteve/self-driving-ND/CarND-Behavioral-Cloning-P3/data_hard/IMG/center_2017_04_28_18_30_18_820.jpg,/home/esteve/self-driving-ND/CarND-Behavioral-Cloning-P3/data_hard/IMG/left_2017_04_28_18_30_18_820.jpg,/home/esteve/self-driving-ND/CarND-Behavioral-Cloning-P3/data_hard/IMG/right_2017_04_28_18_30_18_820.jpg,-0.09022556,0,0,22.75442
/home/esteve/self-driving-ND/CarND-Behavioral-Cloning-P3/data_hard/IMG/center_2017_04_28_18_30_18_903.jpg,/home/esteve/self-driving-ND/CarND-Behavioral-Cloning-P3/data_hard/IMG/left_2017_04_28_18_30_18_903.jpg,/home/esteve/self-driving-ND/CarND-Behavioral-Cloning-P3/data_hard/IMG/right_2017_04_28_18_30_18_903.jpg,-0.09022556,0,0,22.52561
/home/esteve/self-driving-ND/CarND-Behavioral-Cloning-P3/data_hard/IMG/center_2017_04_28_18_30_18_985.jpg,/home/esteve/self-driving-ND/CarND-Behavioral-Cloning-P3/data_hard/IMG/left_2017_04_28_18_30_18_985.jpg,/home/esteve/self-driving-ND/CarND-Behavioral-Cloning-P3/data_hard/IMG/right_2017_04_28_18_30_18_985.jpg,-0.09022556,0.1836326,0,22.40391
/home/esteve/self-driving-ND/CarND-Behavioral-Cloning-P3/data_hard/IMG/center_2017_04_28_18_30_19_068.jpg,/home/esteve/self-driving-ND/CarND-Behavioral-Cloning-P3/data_hard/IMG/left_2017_04_28_18_30_19_068.jpg,/home/esteve/self-driving-ND/CarND-Behavioral-Cloning-P3/data_hard/IMG/right_2017_04_28_18_30_19_068.jpg,-0.09022556,0.4325066,0,22.52403
/home/esteve/self-driving-ND/CarND-Behavioral-Cloning-P3/data_hard/IMG/center_2017_04_28_18_30_19_153.jpg,/home/esteve/self-driving-ND/CarND-Behavioral-Cloning-P3/data_hard/IMG/left_2017_04_28_18_30_19_153.jpg,/home/esteve/self-driving-ND/CarND-Behavioral-Cloning-P3/data_hard/IMG/right_2017_04_28_18_30_19_153.jpg,-0.09022556,0.6898048,0,22.88253
/home/esteve/self-driving-ND/CarND-Behavioral-Cloning-P3/data_hard/IMG/center_2017_04_28_18_30_19_234.jpg,/home/esteve/self-driving-ND/CarND-Behavioral-Cloning-P3/data_hard/IMG/left_2017_04_28_18_30_19_234.jpg,/home/esteve/self-driving-ND/CarND-Behavioral-Cloning-P3/data_hard/IMG/right_2017_04_28_18_30_19_234.jpg,-0.09022556,0.5735421,0,23.3664
/home/esteve/self-driving-ND/CarND-Behavioral-Cloning-P3/data_hard/IMG/center_2017_04_28_18_30_19_320.jpg,/home/esteve/self-driving-ND/CarND-Behavioral-Cloning-P3/data_hard/IMG/left_2017_04_28_18_30_19_320.jpg,/home/esteve/self-driving-ND/CarND-Behavioral-Cloning-P3/data_hard/IMG/right_2017_04_28_18_30_19_320.jpg,-0.112782,0.316241,0,23.61375
/home/esteve/self-driving-ND/CarND-Behavioral-Cloning-P3/data_hard/IMG/center_2017_04_28_18_30_19_396.jpg,/home/esteve/self-driving-ND/CarND-Behavioral-Cloning-P3/data_hard/IMG/left_2017_04_28_18_30_19_396.jpg,/home/esteve/self-driving-ND/CarND-Behavioral-Cloning-P3/data_hard/IMG/right_2017_04_28_18_30_19_396.jpg,-0.1203007,0.08748794,0,23.62129
/home/esteve/self-driving-ND/CarND-Behavioral-Cloning-P3/data_hard/IMG/center_2017_04_28_18_30_19_479.jpg,/home/esteve/self-driving-ND/CarND-Behavioral-Cloning-P3/data_hard/IMG/left_2017_04_28_18_30_19_479.jpg,/home/esteve/self-driving-ND/CarND-Behavioral-Cloning-P3/data_hard/IMG/right_2017_04_28_18_30_19_479.jpg,-0.1203007,0,0,23.44628
/home/esteve/self-driving-ND/CarND-Behavioral-Cloning-P3/data_hard/IMG/center_2017_04_28_18_30_19_561.jpg,/home/esteve/self-driving-ND/CarND-Behavioral-Cloning-P3/data_hard/IMG/left_2017_04_28_18_30_19_561.jpg,/home/esteve/self-driving-ND/CarND-Behavioral-Cloning-P3/data_hard/IMG/right_2017_04_28_18_30_19_561.jpg,-0.1804511,0,0,23.25378
/home/esteve/self-driving-ND/CarND-Behavioral-Cloning-P3/data_hard/IMG/center_2017_04_28_18_30_19_649.jpg,/home/esteve/self-driving-ND/CarND-Behavioral-Cloning-P3/data_hard/IMG/left_2017_04_28_18_30_19_649.jpg,/home/esteve/self-driving-ND/CarND-Behavioral-Cloning-P3/data_hard/IMG/right_2017_04_28_18_30_19_649.jpg,-0.3308271,0,0,22.97874
/home/esteve/self-driving-ND/CarND-Behavioral-Cloning-P3/data_hard/IMG/center_2017_04_28_18_30_19_734.jpg,/home/esteve/self-driving-ND/CarND-Behavioral-Cloning-P3/data_hard/IMG/left_2017_04_28_18_30_19_734.jpg,/home/esteve/self-driving-ND/CarND-Behavioral-Cloning-P3/data_hard/IMG/right_2017_04_28_18_30_19_734.jpg,-0.4135338,0,0,22.73985
/home/esteve/self-driving-ND/CarND-Behavioral-Cloning-P3/data_hard/IMG/center_2017_04_28_18_30_19_815.jpg,/home/esteve/self-driving-ND/CarND-Behavioral-Cloning-P3/data_hard/IMG/left_2017_04_28_18_30_19_815.jpg,/home/esteve/self-driving-ND/CarND-Behavioral-Cloning-P3/data_hard/IMG/right_2017_04_28_18_30_19_815.jpg,-0.4285714,0,0,22.51108
/home/esteve/self-driving-ND/CarND-Behavioral-Cloning-P3/data_hard/IMG/center_2017_04_28_18_30_19_895.jpg,/home/esteve/self-driving-ND/CarND-Behavioral-Cloning-P3/data_hard/IMG/left_2017_04_28_18_30_19_895.jpg,/home/esteve/self-driving-ND/CarND-Behavioral-Cloning-P3/data_hard/IMG/right_2017_04_28_18_30_19_895.jpg,-0.4285714,0,0,22.30577
/home/esteve/self-driving-ND/CarND-Behavioral-Cloning-P3/data_hard/IMG/center_2017_04_28_18_30_19_976.jpg,/home/esteve/self-driving-ND/CarND-Behavioral-Cloning-P3/data_hard/IMG/left_2017_04_28_18_30_19_976.jpg,/home/esteve/self-driving-ND/CarND-Behavioral-Cloning-P3/data_hard/IMG/right_2017_04_28_18_30_19_976.jpg,-0.4285714,0,0,22.11172
/home/esteve/self-driving-ND/CarND-Behavioral-Cloning-P3/data_hard/IMG/center_2017_04_28_18_30_20_058.jpg,/home/esteve/self-driving-ND/CarND-Behavioral-Cloning-P3/data_hard/IMG/left_2017_04_28_18_30_20_058.jpg,/home/esteve/self-driving-ND/CarND-Behavioral-Cloning-P3/data_hard/IMG/right_2017_04_28_18_30_20_058.jpg,-0.4285714,0,0,21.92387
/home/esteve/self-driving-ND/CarND-Behavioral-Cloning-P3/data_hard/IMG/center_2017_04_28_18_30_20_145.jpg,/home/esteve/self-driving-ND/CarND-Behavioral-Cloning-P3/data_hard/IMG/left_2017_04_28_18_30_20_145.jpg,/home/esteve/self-driving-ND/CarND-Behavioral-Cloning-P3/data_hard/IMG/right_2017_04_28_18_30_20_145.jpg,-0.3157895,0,0,21.71409
/home/esteve/self-driving-ND/CarND-Behavioral-Cloning-P3/data_hard/IMG/center_2017_04_28_18_30_20_231.jpg,/home/esteve/self-driving-ND/CarND-Behavioral-Cloning-P3/data_hard/IMG/left_2017_04_28_18_30_20_231.jpg,/home/esteve/self-driving-ND/CarND-Behavioral-Cloning-P3/data_hard/IMG/right_2017_04_28_18_30_20_231.jpg,-0.2631579,0,0,21.55237
/home/esteve/self-driving-ND/CarND-Behavioral-Cloning-P3/data_hard/IMG/center_2017_04_28_18_30_20_318.jpg,/home/esteve/self-driving-ND/CarND-Behavioral-Cloning-P3/data_hard/IMG/left_2017_04_28_18_30_20_318.jpg,/home/esteve/self-driving-ND/CarND-Behavioral-Cloning-P3/data_hard/IMG/right_2017_04_28_18_30_20_318.jpg,-0.2556391,0.2600098,0,21.50965
/home/esteve/self-driving-ND/CarND-Behavioral-Cloning-P3/data_hard/IMG/center_2017_04_28_18_30_20_404.jpg,/home/esteve/self-driving-ND/CarND-Behavioral-Cloning-P3/data_hard/IMG/left_2017_04_28_18_30_20_404.jpg,/home/esteve/self-driving-ND/CarND-Behavioral-Cloning-P3/data_hard/IMG/right_2017_04_28_18_30_20_404.jpg,-0.2556391,0.5204787,0,21.80249
/home/esteve/self-driving-ND/CarND-Behavioral-Cloning-P3/data_hard/IMG/center_2017_04_28_18_30_20_487.jpg,/home/esteve/self-driving-ND/CarND-Behavioral-Cloning-P3/data_hard/IMG/left_2017_04_28_18_30_20_487.jpg,/home/esteve/self-driving-ND/CarND-Behavioral-Cloning-P3/data_hard/IMG/right_2017_04_28_18_30_20_487.jpg,-0.2481203,0.5145772,0,22.19194
/home/esteve/self-driving-ND/CarND-Behavioral-Cloning-P3/data_hard/IMG/center_2017_04_28_18_30_20_567.jpg,/home/esteve/self-driving-ND/CarND-Behavioral-Cloning-P3/data_hard/IMG/left_2017_04_28_18_30_20_567.jpg,/home/esteve/self-driving-ND/CarND-Behavioral-Cloning-P3/data_hard/IMG/right_2017_04_28_18_30_20_567.jpg,-0.2330827,0.2725468,0,22.39431
/home/esteve/self-driving-ND/CarND-Behavioral-Cloning-P3/data_hard/IMG/center_2017_04_28_18_30_20_651.jpg,/home/esteve/self-driving-ND/CarND-Behavioral-Cloning-P3/data_hard/IMG/left_2017_04_28_18_30_20_651.jpg,/home/esteve/self-driving-ND/CarND-Behavioral-Cloning-P3/data_hard/IMG/right_2017_04_28_18_30_20_651.jpg,-0.2406015,0.02100849,0,22.36062
/home/esteve/self-driving-ND/CarND-Behavioral-Cloning-P3/data_hard/IMG/center_2017_04_28_18_30_20_740.jpg,/home/esteve/self-driving-ND/CarND-Behavioral-Cloning-P3/data_hard/IMG/left_2017_04_28_18_30_20_740.jpg,/home/esteve/self-driving-ND/CarND-Behavioral-Cloning-P3/data_hard/IMG/right_2017_04_28_18_30_20_740.jpg,-0.3609022,0,0,22.15989
/home/esteve/self-driving-ND/CarND-Behavioral-Cloning-P3/data_hard/IMG/center_2017_04_28_18_30_20_827.jpg,/home/esteve/self-driving-ND/CarND-Behavioral-Cloning-P3/data_hard/IMG/left_2017_04_28_18_30_20_827.jpg,/home/esteve/self-driving-ND/CarND-Behavioral-Cloning-P3/data_hard/IMG/right_2017_04_28_18_30_20_827.jpg,-0.4436091,0,0,21.88105
/home/esteve/self-driving-ND/CarND-Behavioral-Cloning-P3/data_hard/IMG/center_2017_04_28_18_30_20_911.jpg,/home/esteve/self-driving-ND/CarND-Behavioral-Cloning-P3/data_hard/IMG/left_2017_04_28_18_30_20_911.jpg,/home/esteve/self-driving-ND/CarND-Behavioral-Cloning-P3/data_hard/IMG/right_2017_04_28_18_30_20_911.jpg,-0.4511278,0,0,21.67303
/home/esteve/self-driving-ND/CarND-Behavioral-Cloning-P3/data_hard/IMG/center_2017_04_28_18_30_20_999.jpg,/home/esteve/self-driving-ND/CarND-Behavioral-Cloning-P3/data_hard/IMG/left_2017_04_28_18_30_20_999.jpg,/home/esteve/self-driving-ND/CarND-Behavioral-Cloning-P3/data_hard/IMG/right_2017_04_28_18_30_20_999.jpg,-0.4511278,0,0,21.48009
/home/esteve/self-driving-ND/CarND-Behavioral-Cloning-P3/data_hard/IMG/center_2017_04_28_18_30_21_069.jpg,/home/esteve/self-driving-ND/CarND-Behavioral-Cloning-P3/data_hard/IMG/left_2017_04_28_18_30_21_069.jpg,/home/esteve/self-driving-ND/CarND-Behavioral-Cloning-P3/data_hard/IMG/right_2017_04_28_18_30_21_069.jpg,-0.4511278,0,0,21.29539
/home/esteve/self-driving-ND/CarND-Behavioral-Cloning-P3/data_hard/IMG/center_2017_04_28_18_30_21_158.jpg,/home/esteve/self-driving-ND/CarND-Behavioral-Cloning-P3/data_hard/IMG/left_2017_04_28_18_30_21_158.jpg,/home/esteve/self-driving-ND/CarND-Behavioral-Cloning-P3/data_hard/IMG/right_2017_04_28_18_30_21_158.jpg,-0.2255639,0,0,21.13898
/home/esteve/self-driving-ND/CarND-Behavioral-Cloning-P3/data_hard/IMG/center_2017_04_28_18_30_21_244.jpg,/home/esteve/self-driving-ND/CarND-Behavioral-Cloning-P3/data_hard/IMG/left_2017_04_28_18_30_21_244.jpg,/home/esteve/self-driving-ND/CarND-Behavioral-Cloning-P3/data_hard/IMG/right_2017_04_28_18_30_21_244.jpg,-0.2030075,0.2584083,0,21.09648
/home/esteve/self-driving-ND/CarND-Behavioral-Cloning-P3/data_hard/IMG/center_2017_04_28_18_30_21_334.jpg,/home/esteve/self-driving-ND/CarND-Behavioral-Cloning-P3/data_hard/IMG/left_2017_04_28_18_30_21_334.jpg,/home/esteve/self-driving-ND/CarND-Behavioral-Cloning-P3/data_hard/IMG/right_2017_04_28_18_30_21_334.jpg,-0.2105263,0.5273223,0,21.30558
/home/esteve/self-driving-ND/CarND-Behavioral-Cloning-P3/data_hard/IMG/center_2017_04_28_18_30_21_418.jpg,/home/esteve/self-driving-ND/CarND-Behavioral-Cloning-P3/data_hard/IMG/left_2017_04_28_18_30_21_418.jpg,/home/esteve/self-driving-ND/CarND-Behavioral-Cloning-P3/data_hard/IMG/right_2017_04_28_18_30_21_418.jpg,-0.2255639,0.2745845,0,21.51983
/home/esteve/self-driving-ND/CarND-Behavioral-Cloning-P3/data_hard/IMG/center_2017_04_28_18_30_21_508.jpg,/home/esteve/self-driving-ND/CarND-Behavioral-Cloning-P3/data_hard/IMG/left_2017_04_28_18_30_21_508.jpg,/home/esteve/self-driving-ND/CarND-Behavioral-Cloning-P3/data_hard/IMG/right_2017_04_28_18_30_21_508.jpg,-0.2406015,0.00433588,0,21.56233
/home/esteve/self-driving-ND/CarND-Behavioral-Cloning-P3/data_hard/IMG/center_2017_04_28_18_30_21_591.jpg,/home/esteve/self-driving-ND/CarND-Behavioral-Cloning-P3/data_hard/IMG/left_2017_04_28_18_30_21_591.jpg,/home/esteve/self-driving-ND/CarND-Behavioral-Cloning-P3/data_hard/IMG/right_2017_04_28_18_30_21_591.jpg,-0.2481203,0,0,21.40969
/home/esteve/self-driving-ND/CarND-Behavioral-Cloning-P3/data_hard/IMG/center_2017_04_28_18_30_21_678.jpg,/home/esteve/self-driving-ND/CarND-Behavioral-Cloning-P3/data_hard/IMG/left_2017_04_28_18_30_21_678.jpg,/home/esteve/self-driving-ND/CarND-Behavioral-Cloning-P3/data_hard/IMG/right_2017_04_28_18_30_21_678.jpg,-0.2481203,0,0,21.24307
/home/esteve/self-driving-ND/CarND-Behavioral-Cloning-P3/data_hard/IMG/center_2017_04_28_18_30_21_755.jpg,/home/esteve/self-driving-ND/CarND-Behavioral-Cloning-P3/data_hard/IMG/left_2017_04_28_18_30_21_755.jpg,/home/esteve/self-driving-ND/CarND-Behavioral-Cloning-P3/data_hard/IMG/right_2017_04_28_18_30_21_755.jpg,-0.2481203,0,0,21.08418
/home/esteve/self-driving-ND/CarND-Behavioral-Cloning-P3/data_hard/IMG/center_2017_04_28_18_30_21_825.jpg,/home/esteve/self-driving-ND/CarND-Behavioral-Cloning-P3/data_hard/IMG/left_2017_04_28_18_30_21_825.jpg,/home/esteve/self-driving-ND/CarND-Behavioral-Cloning-P3/data_hard/IMG/right_2017_04_28_18_30_21_825.jpg,-0.2481203,0,0,20.93717
/home/esteve/self-driving-ND/CarND-Behavioral-Cloning-P3/data_hard/IMG/center_2017_04_28_18_30_21_915.jpg,/home/esteve/self-driving-ND/CarND-Behavioral-Cloning-P3/data_hard/IMG/left_2017_04_28_18_30_21_915.jpg,/home/esteve/self-driving-ND/CarND-Behavioral-Cloning-P3/data_hard/IMG/right_2017_04_28_18_30_21_915.jpg,-0.2406015,0,0,20.78103
/home/esteve/self-driving-ND/CarND-Behavioral-Cloning-P3/data_hard/IMG/center_2017_04_28_18_30_22_000.jpg,/home/esteve/self-driving-ND/CarND-Behavioral-Cloning-P3/data_hard/IMG/left_2017_04_28_18_30_22_000.jpg,/home/esteve/self-driving-ND/CarND-Behavioral-Cloning-P3/data_hard/IMG/right_2017_04_28_18_30_22_000.jpg,-0.1729323,0,0,20.62259
/home/esteve/self-driving-ND/CarND-Behavioral-Cloning-P3/data_hard/IMG/center_2017_04_28_18_30_22_088.jpg,/home/esteve/self-driving-ND/CarND-Behavioral-Cloning-P3/data_hard/IMG/left_2017_04_28_18_30_22_088.jpg,/home/esteve/self-driving-ND/CarND-Behavioral-Cloning-P3/data_hard/IMG/right_2017_04_28_18_30_22_088.jpg,-0.07518797,0.1279407,0,20.12649
/home/esteve/self-driving-ND/CarND-Behavioral-Cloning-P3/data_hard/IMG/center_2017_04_28_18_30_22_172.jpg,/home/esteve/self-driving-ND/CarND-Behavioral-Cloning-P3/data_hard/IMG/left_2017_04_28_18_30_22_172.jpg,/home/esteve/self-driving-ND/CarND-Behavioral-Cloning-P3/data_hard/IMG/right_2017_04_28_18_30_22_172.jpg,-0.05263158,0.3782759,0,20.2364
/home/esteve/self-driving-ND/CarND-Behavioral-Cloning-P3/data_hard/IMG/center_2017_04_28_18_30_22_241.jpg,/home/esteve/self-driving-ND/CarND-Behavioral-Cloning-P3/data_hard/IMG/left_2017_04_28_18_30_22_241.jpg,/home/esteve/self-driving-ND/CarND-Behavioral-Cloning-P3/data_hard/IMG/right_2017_04_28_18_30_22_241.jpg,-0.05263158,0.1690171,0,20.62871
/home/esteve/self-driving-ND/CarND-Behavioral-Cloning-P3/data_hard/IMG/center_2017_04_28_18_30_22_337.jpg,/home/esteve/self-driving-ND/CarND-Behavioral-Cloning-P3/data_hard/IMG/left_2017_04_28_18_30_22_337.jpg,/home/esteve/self-driving-ND/CarND-Behavioral-Cloning-P3/data_hard/IMG/right_2017_04_28_18_30_22_337.jpg,-0.05263158,0,0,20.03306
/home/esteve/self-driving-ND/CarND-Behavioral-Cloning-P3/data_hard/IMG/center_2017_04_28_18_30_22_405.jpg,/home/esteve/self-driving-ND/CarND-Behavioral-Cloning-P3/data_hard/IMG/left_2017_04_28_18_30_22_405.jpg,/home/esteve/self-driving-ND/CarND-Behavioral-Cloning-P3/data_hard/IMG/right_2017_04_28_18_30_22_405.jpg,-0.02255639,0.07589436,0,20.23889
/home/esteve/self-driving-ND/CarND-Behavioral-Cloning-P3/data_hard/IMG/center_2017_04_28_18_30_22_485.jpg,/home/esteve/self-driving-ND/CarND-Behavioral-Cloning-P3/data_hard/IMG/left_2017_04_28_18_30_22_485.jpg,/home/esteve/self-driving-ND/CarND-Behavioral-Cloning-P3/data_hard/IMG/right_2017_04_28_18_30_22_485.jpg,0.1052632,0.3377345,0,19.92918
/home/esteve/self-driving-ND/CarND-Behavioral-Cloning-P3/data_hard/IMG/center_2017_04_28_18_30_22_562.jpg,/home/esteve/self-driving-ND/CarND-Behavioral-Cloning-P3/data_hard/IMG/left_2017_04_28_18_30_22_562.jpg,/home/esteve/self-driving-ND/CarND-Behavioral-Cloning-P3/data_hard/IMG/right_2017_04_28_18_30_22_562.jpg,0.1278196,0.544095,0,20.09107
/home/esteve/self-driving-ND/CarND-Behavioral-Cloning-P3/data_hard/IMG/center_2017_04_28_18_30_22_641.jpg,/home/esteve/self-driving-ND/CarND-Behavioral-Cloning-P3/data_hard/IMG/left_2017_04_28_18_30_22_641.jpg,/home/esteve/self-driving-ND/CarND-Behavioral-Cloning-P3/data_hard/IMG/right_2017_04_28_18_30_22_641.jpg,0.1729323,0.8070331,0,20.4545
/home/esteve/self-driving-ND/CarND-Behavioral-Cloning-P3/data_hard/IMG/center_2017_04_28_18_30_22_713.jpg,/home/esteve/self-driving-ND/CarND-Behavioral-Cloning-P3/data_hard/IMG/left_2017_04_28_18_30_22_713.jpg,/home/esteve/self-driving-ND/CarND-Behavioral-Cloning-P3/data_hard/IMG/right_2017_04_28_18_30_22_713.jpg,0.2105263,1,0,20.92603
/home/esteve/self-driving-ND/CarND-Behavioral-Cloning-P3/data_hard/IMG/center_2017_04_28_18_30_22_780.jpg,/home/esteve/self-driving-ND/CarND-Behavioral-Cloning-P3/data_hard/IMG/left_2017_04_28_18_30_22_780.jpg,/home/esteve/self-driving-ND/CarND-Behavioral-Cloning-P3/data_hard/IMG/right_2017_04_28_18_30_22_780.jpg,0.2255639,1,0,21.36882
/home/esteve/self-driving-ND/CarND-Behavioral-Cloning-P3/data_hard/IMG/center_2017_04_28_18_30_22_869.jpg,/home/esteve/self-driving-ND/CarND-Behavioral-Cloning-P3/data_hard/IMG/left_2017_04_28_18_30_22_869.jpg,/home/esteve/self-driving-ND/CarND-Behavioral-Cloning-P3/data_hard/IMG/right_2017_04_28_18_30_22_869.jpg,0.2706767,0.809767,0,21.72668
/home/esteve/self-driving-ND/CarND-Behavioral-Cloning-P3/data_hard/IMG/center_2017_04_28_18_30_22_947.jpg,/home/esteve/self-driving-ND/CarND-Behavioral-Cloning-P3/data_hard/IMG/left_2017_04_28_18_30_22_947.jpg,/home/esteve/self-driving-ND/CarND-Behavioral-Cloning-P3/data_hard/IMG/right_2017_04_28_18_30_22_947.jpg,0.4135338,1,0,22.25237
/home/esteve/self-driving-ND/CarND-Behavioral-Cloning-P3/data_hard/IMG/center_2017_04_28_18_30_23_038.jpg,/home/esteve/self-driving-ND/CarND-Behavioral-Cloning-P3/data_hard/IMG/left_2017_04_28_18_30_23_038.jpg,/home/esteve/self-driving-ND/CarND-Behavioral-Cloning-P3/data_hard/IMG/right_2017_04_28_18_30_23_038.jpg,0.5112782,1,0,22.67362
/home/esteve/self-driving-ND/CarND-Behavioral-Cloning-P3/data_hard/IMG/center_2017_04_28_18_30_23_124.jpg,/home/esteve/self-driving-ND/CarND-Behavioral-Cloning-P3/data_hard/IMG/left_2017_04_28_18_30_23_124.jpg,/home/esteve/self-driving-ND/CarND-Behavioral-Cloning-P3/data_hard/IMG/right_2017_04_28_18_30_23_124.jpg,0.518797,0.814183,0,22.88343
/home/esteve/self-driving-ND/CarND-Behavioral-Cloning-P3/data_hard/IMG/center_2017_04_28_18_30_23_199.jpg,/home/esteve/self-driving-ND/CarND-Behavioral-Cloning-P3/data_hard/IMG/left_2017_04_28_18_30_23_199.jpg,/home/esteve/self-driving-ND/CarND-Behavioral-Cloning-P3/data_hard/IMG/right_2017_04_28_18_30_23_199.jpg,0.518797,0.5681858,0,23.05616
/home/esteve/self-driving-ND/CarND-Behavioral-Cloning-P3/data_hard/IMG/center_2017_04_28_18_30_23_283.jpg,/home/esteve/self-driving-ND/CarND-Behavioral-Cloning-P3/data_hard/IMG/left_2017_04_28_18_30_23_283.jpg,/home/esteve/self-driving-ND/CarND-Behavioral-Cloning-P3/data_hard/IMG/right_2017_04_28_18_30_23_283.jpg,0.518797,0.3192067,0,22.49793
/home/esteve/self-driving-ND/CarND-Behavioral-Cloning-P3/data_hard/IMG/center_2017_04_28_18_30_23_364.jpg,/home/esteve/self-driving-ND/CarND-Behavioral-Cloning-P3/data_hard/IMG/left_2017_04_28_18_30_23_364.jpg,/home/esteve/self-driving-ND/CarND-Behavioral-Cloning-P3/data_hard/IMG/right_2017_04_28_18_30_23_364.jpg,0.4661654,0.07485104,0,22.30902
/home/esteve/self-driving-ND/CarND-Behavioral-Cloning-P3/data_hard/IMG/center_2017_04_28_18_30_23_443.jpg,/home/esteve/self-driving-ND/CarND-Behavioral-Cloning-P3/data_hard/IMG/left_2017_04_28_18_30_23_443.jpg,/home/esteve/self-driving-ND/CarND-Behavioral-Cloning-P3/data_hard/IMG/right_2017_04_28_18_30_23_443.jpg,0.2631579,0.2063258,0,21.90908
/home/esteve/self-driving-ND/CarND-Behavioral-Cloning-P3/data_hard/IMG/center_2017_04_28_18_30_23_525.jpg,/home/esteve/self-driving-ND/CarND-Behavioral-Cloning-P3/data_hard/IMG/left_2017_04_28_18_30_23_525.jpg,/home/esteve/self-driving-ND/CarND-Behavioral-Cloning-P3/data_hard/IMG/right_2017_04_28_18_30_23_525.jpg,0.1578947,0.4532735,0,21.46568
/home/esteve/self-driving-ND/CarND-Behavioral-Cloning-P3/data_hard/IMG/center_2017_04_28_18_30_23_606.jpg,/home/esteve/self-driving-ND/CarND-Behavioral-Cloning-P3/data_hard/IMG/left_2017_04_28_18_30_23_606.jpg,/home/esteve/self-driving-ND/CarND-Behavioral-Cloning-P3/data_hard/IMG/right_2017_04_28_18_30_23_606.jpg,0.04511278,0.6963453,0,21.52229
/home/esteve/self-driving-ND/CarND-Behavioral-Cloning-P3/data_hard/IMG/center_2017_04_28_18_30_23_687.jpg,/home/esteve/self-driving-ND/CarND-Behavioral-Cloning-P3/data_hard/IMG/left_2017_04_28_18_30_23_687.jpg,/home/esteve/self-driving-ND/CarND-Behavioral-Cloning-P3/data_hard/IMG/right_2017_04_28_18_30_23_687.jpg,-0.02255639,0.9387848,0,21.76434
/home/esteve/self-driving-ND/CarND-Behavioral-Cloning-P3/data_hard/IMG/center_2017_04_28_18_30_23_772.jpg,/home/esteve/self-driving-ND/CarND-Behavioral-Cloning-P3/data_hard/IMG/left_2017_04_28_18_30_23_772.jpg,/home/esteve/self-driving-ND/CarND-Behavioral-Cloning-P3/data_hard/IMG/right_2017_04_28_18_30_23_772.jpg,-0.02255639,1,0,21.9947
/home/esteve/self-driving-ND/CarND-Behavioral-Cloning-P3/data_hard/IMG/center_2017_04_28_18_30_23_852.jpg,/home/esteve/self-driving-ND/CarND-Behavioral-Cloning-P3/data_hard/IMG/left_2017_04_28_18_30_23_852.jpg,/home/esteve/self-driving-ND/CarND-Behavioral-Cloning-P3/data_hard/IMG/right_2017_04_28_18_30_23_852.jpg,-0.02255639,0.8308985,0,22.21746
/home/esteve/self-driving-ND/CarND-Behavioral-Cloning-P3/data_hard/IMG/center_2017_04_28_18_30_23_933.jpg,/home/esteve/self-driving-ND/CarND-Behavioral-Cloning-P3/data_hard/IMG/left_2017_04_28_18_30_23_933.jpg,/home/esteve/self-driving-ND/CarND-Behavioral-Cloning-P3/data_hard/IMG/right_2017_04_28_18_30_23_933.jpg,0.2330827,0.5883996,0,22.34945
/home/esteve/self-driving-ND/CarND-Behavioral-Cloning-P3/data_hard/IMG/center_2017_04_28_18_30_24_013.jpg,/home/esteve/self-driving-ND/CarND-Behavioral-Cloning-P3/data_hard/IMG/left_2017_04_28_18_30_24_013.jpg,/home/esteve/self-driving-ND/CarND-Behavioral-Cloning-P3/data_hard/IMG/right_2017_04_28_18_30_24_013.jpg,0.3308271,0.3464558,0,22.09961
/home/esteve/self-driving-ND/CarND-Behavioral-Cloning-P3/data_hard/IMG/center_2017_04_28_18_30_24_081.jpg,/home/esteve/self-driving-ND/CarND-Behavioral-Cloning-P3/data_hard/IMG/left_2017_04_28_18_30_24_081.jpg,/home/esteve/self-driving-ND/CarND-Behavioral-Cloning-P3/data_hard/IMG/right_2017_04_28_18_30_24_081.jpg,0.368421,0.5493939,0,22.00307
/home/esteve/self-driving-ND/CarND-Behavioral-Cloning-P3/data_hard/IMG/center_2017_04_28_18_30_24_164.jpg,/home/esteve/self-driving-ND/CarND-Behavioral-Cloning-P3/data_hard/IMG/left_2017_04_28_18_30_24_164.jpg,/home/esteve/self-driving-ND/CarND-Behavioral-Cloning-P3/data_hard/IMG/right_2017_04_28_18_30_24_164.jpg,0.3759399,0.7985497,0,22.1181
/home/esteve/self-driving-ND/CarND-Behavioral-Cloning-P3/data_hard/IMG/center_2017_04_28_18_30_24_244.jpg,/home/esteve/self-driving-ND/CarND-Behavioral-Cloning-P3/data_hard/IMG/left_2017_04_28_18_30_24_244.jpg,/home/esteve/self-driving-ND/CarND-Behavioral-Cloning-P3/data_hard/IMG/right_2017_04_28_18_30_24_244.jpg,0.3759399,0.7793615,0,22.38895
/home/esteve/self-driving-ND/CarND-Behavioral-Cloning-P3/data_hard/IMG/center_2017_04_28_18_30_24_324.jpg,/home/esteve/self-driving-ND/CarND-Behavioral-Cloning-P3/data_hard/IMG/left_2017_04_28_18_30_24_324.jpg,/home/esteve/self-driving-ND/CarND-Behavioral-Cloning-P3/data_hard/IMG/right_2017_04_28_18_30_24_324.jpg,0.3759399,0.5384133,0,22.25408
/home/esteve/self-driving-ND/CarND-Behavioral-Cloning-P3/data_hard/IMG/center_2017_04_28_18_30_24_404.jpg,/home/esteve/self-driving-ND/CarND-Behavioral-Cloning-P3/data_hard/IMG/left_2017_04_28_18_30_24_404.jpg,/home/esteve/self-driving-ND/CarND-Behavioral-Cloning-P3/data_hard/IMG/right_2017_04_28_18_30_24_404.jpg,0.3759399,0.2992926,0,22.05717
/home/esteve/self-driving-ND/CarND-Behavioral-Cloning-P3/data_hard/IMG/center_2017_04_28_18_30_24_484.jpg,/home/esteve/self-driving-ND/CarND-Behavioral-Cloning-P3/data_hard/IMG/left_2017_04_28_18_30_24_484.jpg,/home/esteve/self-driving-ND/CarND-Behavioral-Cloning-P3/data_hard/IMG/right_2017_04_28_18_30_24_484.jpg,0.3759399,0.05865622,0,21.73339
/home/esteve/self-driving-ND/CarND-Behavioral-Cloning-P3/data_hard/IMG/center_2017_04_28_18_30_24_561.jpg,/home/esteve/self-driving-ND/CarND-Behavioral-Cloning-P3/data_hard/IMG/left_2017_04_28_18_30_24_561.jpg,/home/esteve/self-driving-ND/CarND-Behavioral-Cloning-P3/data_hard/IMG/right_2017_04_28_18_30_24_561.jpg,0.3759399,0.06135893,0,21.36468
/home/esteve/self-driving-ND/CarND-Behavioral-Cloning-P3/data_hard/IMG/center_2017_04_28_18_30_24_639.jpg,/home/esteve/self-driving-ND/CarND-Behavioral-Cloning-P3/data_hard/IMG/left_2017_04_28_18_30_24_639.jpg,/home/esteve/self-driving-ND/CarND-Behavioral-Cloning-P3/data_hard/IMG/right_2017_04_28_18_30_24_639.jpg,0.3759399,0.2981672,0,21.03674
/home/esteve/self-driving-ND/CarND-Behavioral-Cloning-P3/data_hard/IMG/center_2017_04_28_18_30_24_723.jpg,/home/esteve/self-driving-ND/CarND-Behavioral-Cloning-P3/data_hard/IMG/left_2017_04_28_18_30_24_723.jpg,/home/esteve/self-driving-ND/CarND-Behavioral-Cloning-P3/data_hard/IMG/right_2017_04_28_18_30_24_723.jpg,0.3759399,0.5479295,0,20.8949
/home/esteve/self-driving-ND/CarND-Behavioral-Cloning-P3/data_hard/IMG/center_2017_04_28_18_30_24_813.jpg,/home/esteve/self-driving-ND/CarND-Behavioral-Cloning-P3/data_hard/IMG/left_2017_04_28_18_30_24_813.jpg,/home/esteve/self-driving-ND/CarND-Behavioral-Cloning-P3/data_hard/IMG/right_2017_04_28_18_30_24_813.jpg,0.3759399,0.2785206,0,20.95298
/home/esteve/self-driving-ND/CarND-Behavioral-Cloning-P3/data_hard/IMG/center_2017_04_28_18_30_24_892.jpg,/home/esteve/self-driving-ND/CarND-Behavioral-Cloning-P3/data_hard/IMG/left_2017_04_28_18_30_24_892.jpg,/home/esteve/self-driving-ND/CarND-Behavioral-Cloning-P3/data_hard/IMG/right_2017_04_28_18_30_24_892.jpg,0.3759399,0.03929472,0,20.7578
/home/esteve/self-driving-ND/CarND-Behavioral-Cloning-P3/data_hard/IMG/center_2017_04_28_18_30_24_973.jpg,/home/esteve/self-driving-ND/CarND-Behavioral-Cloning-P3/data_hard/IMG/left_2017_04_28_18_30_24_973.jpg,/home/esteve/self-driving-ND/CarND-Behavioral-Cloning-P3/data_hard/IMG/right_2017_04_28_18_30_24_973.jpg,0.3383459,0,0,20.42568
/home/esteve/self-driving-ND/CarND-Behavioral-Cloning-P3/data_hard/IMG/center_2017_04_28_18_30_25_053.jpg,/home/esteve/self-driving-ND/CarND-Behavioral-Cloning-P3/data_hard/IMG/left_2017_04_28_18_30_25_053.jpg,/home/esteve/self-driving-ND/CarND-Behavioral-Cloning-P3/data_hard/IMG/right_2017_04_28_18_30_25_053.jpg,0.3233083,0.1790192,0,20.14965
/home/esteve/self-driving-ND/CarND-Behavioral-Cloning-P3/data_hard/IMG/center_2017_04_28_18_30_25_135.jpg,/home/esteve/self-driving-ND/CarND-Behavioral-Cloning-P3/data_hard/IMG/left_2017_04_28_18_30_25_135.jpg,/home/esteve/self-driving-ND/CarND-Behavioral-Cloning-P3/data_hard/IMG/right_2017_04_28_18_30_25_135.jpg,0.2932331,0.425133,0,20.13927
/home/esteve/self-driving-ND/CarND-Behavioral-Cloning-P3/data_hard/IMG/center_2017_04_28_18_30_25_214.jpg,/home/esteve/self-driving-ND/CarND-Behavioral-Cloning-P3/data_hard/IMG/left_2017_04_28_18_30_25_214.jpg,/home/esteve/self-driving-ND/CarND-Behavioral-Cloning-P3/data_hard/IMG/right_2017_04_28_18_30_25_214.jpg,0.2781955,0.6622918,0,20.47864
/home/esteve/self-driving-ND/CarND-Behavioral-Cloning-P3/data_hard/IMG/center_2017_04_28_18_30_25_294.jpg,/home/esteve/self-driving-ND/CarND-Behavioral-Cloning-P3/data_hard/IMG/left_2017_04_28_18_30_25_294.jpg,/home/esteve/self-driving-ND/CarND-Behavioral-Cloning-P3/data_hard/IMG/right_2017_04_28_18_30_25_294.jpg,0.2706767,0.9033329,0,21.06634
/home/esteve/self-driving-ND/CarND-Behavioral-Cloning-P3/data_hard/IMG/center_2017_04_28_18_30_25_374.jpg,/home/esteve/self-driving-ND/CarND-Behavioral-Cloning-P3/data_hard/IMG/left_2017_04_28_18_30_25_374.jpg,/home/esteve/self-driving-ND/CarND-Behavioral-Cloning-P3/data_hard/IMG/right_2017_04_28_18_30_25_374.jpg,0.2330827,1,0,21.79222
/home/esteve/self-driving-ND/CarND-Behavioral-Cloning-P3/data_hard/IMG/center_2017_04_28_18_30_25_454.jpg,/home/esteve/self-driving-ND/CarND-Behavioral-Cloning-P3/data_hard/IMG/left_2017_04_28_18_30_25_454.jpg,/home/esteve/self-driving-ND/CarND-Behavioral-Cloning-P3/data_hard/IMG/right_2017_04_28_18_30_25_454.jpg,0.2180451,1,0,22.39394
/home/esteve/self-driving-ND/CarND-Behavioral-Cloning-P3/data_hard/IMG/center_2017_04_28_18_30_25_534.jpg,/home/esteve/self-driving-ND/CarND-Behavioral-Cloning-P3/data_hard/IMG/left_2017_04_28_18_30_25_534.jpg,/home/esteve/self-driving-ND/CarND-Behavioral-Cloning-P3/data_hard/IMG/right_2017_04_28_18_30_25_534.jpg,0.1879699,0.877039,0,23.29778
/home/esteve/self-driving-ND/CarND-Behavioral-Cloning-P3/data_hard/IMG/center_2017_04_28_18_30_25_617.jpg,/home/esteve/self-driving-ND/CarND-Behavioral-Cloning-P3/data_hard/IMG/left_2017_04_28_18_30_25_617.jpg,/home/esteve/self-driving-ND/CarND-Behavioral-Cloning-P3/data_hard/IMG/right_2017_04_28_18_30_25_617.jpg,0.08270676,0.6294639,0,23.85145
/home/esteve/self-driving-ND/CarND-Behavioral-Cloning-P3/data_hard/IMG/center_2017_04_28_18_30_25_697.jpg,/home/esteve/self-driving-ND/CarND-Behavioral-Cloning-P3/data_hard/IMG/left_2017_04_28_18_30_25_697.jpg,/home/esteve/self-driving-ND/CarND-Behavioral-Cloning-P3/data_hard/IMG/right_2017_04_28_18_30_25_697.jpg,0.03007519,0.3898933,0,24.14722
/home/esteve/self-driving-ND/CarND-Behavioral-Cloning-P3/data_hard/IMG/center_2017_04_28_18_30_25_780.jpg,/home/esteve/self-driving-ND/CarND-Behavioral-Cloning-P3/data_hard/IMG/left_2017_04_28_18_30_25_780.jpg,/home/esteve/self-driving-ND/CarND-Behavioral-Cloning-P3/data_hard/IMG/right_2017_04_28_18_30_25_780.jpg,-0.03759398,0.1393006,0,24.20367
/home/esteve/self-driving-ND/CarND-Behavioral-Cloning-P3/data_hard/IMG/center_2017_04_28_18_30_25_859.jpg,/home/esteve/self-driving-ND/CarND-Behavioral-Cloning-P3/data_hard/IMG/left_2017_04_28_18_30_25_859.jpg,/home/esteve/self-driving-ND/CarND-Behavioral-Cloning-P3/data_hard/IMG/right_2017_04_28_18_30_25_859.jpg,-0.09774436,0,0,24.04242
/home/esteve/self-driving-ND/CarND-Behavioral-Cloning-P3/data_hard/IMG/center_2017_04_28_18_30_25_937.jpg,/home/esteve/self-driving-ND/CarND-Behavioral-Cloning-P3/data_hard/IMG/left_2017_04_28_18_30_25_937.jpg,/home/esteve/self-driving-ND/CarND-Behavioral-Cloning-P3/data_hard/IMG/right_2017_04_28_18_30_25_937.jpg,-0.09774436,0,0,23.84565
/home/esteve/self-driving-ND/CarND-Behavioral-Cloning-P3/data_hard/IMG/center_2017_04_28_18_30_26_015.jpg,/home/esteve/self-driving-ND/CarND-Behavioral-Cloning-P3/data_hard/IMG/left_2017_04_28_18_30_26_015.jpg,/home/esteve/self-driving-ND/CarND-Behavioral-Cloning-P3/data_hard/IMG/right_2017_04_28_18_30_26_015.jpg,-0.09774436,0,0,23.65135
/home/esteve/self-driving-ND/CarND-Behavioral-Cloning-P3/data_hard/IMG/center_2017_04_28_18_30_26_096.jpg,/home/esteve/self-driving-ND/CarND-Behavioral-Cloning-P3/data_hard/IMG/left_2017_04_28_18_30_26_096.jpg,/home/esteve/self-driving-ND/CarND-Behavioral-Cloning-P3/data_hard/IMG/right_2017_04_28_18_30_26_096.jpg,-0.09774436,0.1736276,0,23.51831
/home/esteve/self-driving-ND/CarND-Behavioral-Cloning-P3/data_hard/IMG/center_2017_04_28_18_30_26_176.jpg,/home/esteve/self-driving-ND/CarND-Behavioral-Cloning-P3/data_hard/IMG/left_2017_04_28_18_30_26_176.jpg,/home/esteve/self-driving-ND/CarND-Behavioral-Cloning-P3/data_hard/IMG/right_2017_04_28_18_30_26_176.jpg,-0.06015037,0.1907279,0,23.56303
/home/esteve/self-driving-ND/CarND-Behavioral-Cloning-P3/data_hard/IMG/center_2017_04_28_18_30_26_256.jpg,/home/esteve/self-driving-ND/CarND-Behavioral-Cloning-P3/data_hard/IMG/left_2017_04_28_18_30_26_256.jpg,/home/esteve/self-driving-ND/CarND-Behavioral-Cloning-P3/data_hard/IMG/right_2017_04_28_18_30_26_256.jpg,0.04511278,0,0,23.44492
/home/esteve/self-driving-ND/CarND-Behavioral-Cloning-P3/data_hard/IMG/center_2017_04_28_18_30_26_339.jpg,/home/esteve/self-driving-ND/CarND-Behavioral-Cloning-P3/data_hard/IMG/left_2017_04_28_18_30_26_339.jpg,/home/esteve/self-driving-ND/CarND-Behavioral-Cloning-P3/data_hard/IMG/right_2017_04_28_18_30_26_339.jpg,0.09774436,0,0,23.25079
/home/esteve/self-driving-ND/CarND-Behavioral-Cloning-P3/data_hard/IMG/center_2017_04_28_18_30_26_418.jpg,/home/esteve/self-driving-ND/CarND-Behavioral-Cloning-P3/data_hard/IMG/left_2017_04_28_18_30_26_418.jpg,/home/esteve/self-driving-ND/CarND-Behavioral-Cloning-P3/data_hard/IMG/right_2017_04_28_18_30_26_418.jpg,0.1052632,0.2362204,0,23.16926
/home/esteve/self-driving-ND/CarND-Behavioral-Cloning-P3/data_hard/IMG/center_2017_04_28_18_30_26_496.jpg,/home/esteve/self-driving-ND/CarND-Behavioral-Cloning-P3/data_hard/IMG/left_2017_04_28_18_30_26_496.jpg,/home/esteve/self-driving-ND/CarND-Behavioral-Cloning-P3/data_hard/IMG/right_2017_04_28_18_30_26_496.jpg,0.1052632,0.2552726,0,23.27708
/home/esteve/self-driving-ND/CarND-Behavioral-Cloning-P3/data_hard/IMG/center_2017_04_28_18_30_26_574.jpg,/home/esteve/self-driving-ND/CarND-Behavioral-Cloning-P3/data_hard/IMG/left_2017_04_28_18_30_26_574.jpg,/home/esteve/self-driving-ND/CarND-Behavioral-Cloning-P3/data_hard/IMG/right_2017_04_28_18_30_26_574.jpg,0.1052632,0.02253842,0,23.22063
/home/esteve/self-driving-ND/CarND-Behavioral-Cloning-P3/data_hard/IMG/center_2017_04_28_18_30_26_655.jpg,/home/esteve/self-driving-ND/CarND-Behavioral-Cloning-P3/data_hard/IMG/left_2017_04_28_18_30_26_655.jpg,/home/esteve/self-driving-ND/CarND-Behavioral-Cloning-P3/data_hard/IMG/right_2017_04_28_18_30_26_655.jpg,0.1052632,0,0,23.03535
/home/esteve/self-driving-ND/CarND-Behavioral-Cloning-P3/data_hard/IMG/center_2017_04_28_18_30_26_735.jpg,/home/esteve/self-driving-ND/CarND-Behavioral-Cloning-P3/data_hard/IMG/left_2017_04_28_18_30_26_735.jpg,/home/esteve/self-driving-ND/CarND-Behavioral-Cloning-P3/data_hard/IMG/right_2017_04_28_18_30_26_735.jpg,0.06766918,0,0,22.85108
/home/esteve/self-driving-ND/CarND-Behavioral-Cloning-P3/data_hard/IMG/center_2017_04_28_18_30_26_816.jpg,/home/esteve/self-driving-ND/CarND-Behavioral-Cloning-P3/data_hard/IMG/left_2017_04_28_18_30_26_816.jpg,/home/esteve/self-driving-ND/CarND-Behavioral-Cloning-P3/data_hard/IMG/right_2017_04_28_18_30_26_816.jpg,0.05263158,0.1834381,0,22.72359
/home/esteve/self-driving-ND/CarND-Behavioral-Cloning-P3/data_hard/IMG/center_2017_04_28_18_30_26_893.jpg,/home/esteve/self-driving-ND/CarND-Behavioral-Cloning-P3/data_hard/IMG/left_2017_04_28_18_30_26_893.jpg,/home/esteve/self-driving-ND/CarND-Behavioral-Cloning-P3/data_hard/IMG/right_2017_04_28_18_30_26_893.jpg,0.05263158,0.4142067,0,22.82034
/home/esteve/self-driving-ND/CarND-Behavioral-Cloning-P3/data_hard/IMG/center_2017_04_28_18_30_26_968.jpg,/home/esteve/self-driving-ND/CarND-Behavioral-Cloning-P3/data_hard/IMG/left_2017_04_28_18_30_26_968.jpg,/home/esteve/self-driving-ND/CarND-Behavioral-Cloning-P3/data_hard/IMG/right_2017_04_28_18_30_26_968.jpg,0.05263158,0.1902416,0,22.93917
/home/esteve/self-driving-ND/CarND-Behavioral-Cloning-P3/data_hard/IMG/center_2017_04_28_18_30_27_047.jpg,/home/esteve/self-driving-ND/CarND-Behavioral-Cloning-P3/data_hard/IMG/left_2017_04_28_18_30_27_047.jpg,/home/esteve/self-driving-ND/CarND-Behavioral-Cloning-P3/data_hard/IMG/right_2017_04_28_18_30_27_047.jpg,0.03759398,0,0,22.82691
/home/esteve/self-driving-ND/CarND-Behavioral-Cloning-P3/data_hard/IMG/center_2017_04_28_18_30_27_134.jpg,/home/esteve/self-driving-ND/CarND-Behavioral-Cloning-P3/data_hard/IMG/left_2017_04_28_18_30_27_134.jpg,/home/esteve/self-driving-ND/CarND-Behavioral-Cloning-P3/data_hard/IMG/right_2017_04_28_18_30_27_134.jpg,-0.06015037,0.185277,0,22.69738
/home/esteve/self-driving-ND/CarND-Behavioral-Cloning-P3/data_hard/IMG/center_2017_04_28_18_30_27_209.jpg,/home/esteve/self-driving-ND/CarND-Behavioral-Cloning-P3/data_hard/IMG/left_2017_04_28_18_30_27_209.jpg,/home/esteve/self-driving-ND/CarND-Behavioral-Cloning-P3/data_hard/IMG/right_2017_04_28_18_30_27_209.jpg,-0.06015037,0.4082916,0,22.79697
/home/esteve/self-driving-ND/CarND-Behavioral-Cloning-P3/data_hard/IMG/center_2017_04_28_18_30_27_287.jpg,/home/esteve/self-driving-ND/CarND-Behavioral-Cloning-P3/data_hard/IMG/left_2017_04_28_18_30_27_287.jpg,/home/esteve/self-driving-ND/CarND-Behavioral-Cloning-P3/data_hard/IMG/right_2017_04_28_18_30_27_287.jpg,-0.06015037,0.1732507,0,22.89861
/home/esteve/self-driving-ND/CarND-Behavioral-Cloning-P3/data_hard/IMG/center_2017_04_28_18_30_27_364.jpg,/home/esteve/self-driving-ND/CarND-Behavioral-Cloning-P3/data_hard/IMG/left_2017_04_28_18_30_27_364.jpg,/home/esteve/self-driving-ND/CarND-Behavioral-Cloning-P3/data_hard/IMG/right_2017_04_28_18_30_27_364.jpg,-0.06015037,0,0,22.77472
/home/esteve/self-driving-ND/CarND-Behavioral-Cloning-P3/data_hard/IMG/center_2017_04_28_18_30_27_443.jpg,/home/esteve/self-driving-ND/CarND-Behavioral-Cloning-P3/data_hard/IMG/left_2017_04_28_18_30_27_443.jpg,/home/esteve/self-driving-ND/CarND-Behavioral-Cloning-P3/data_hard/IMG/right_2017_04_28_18_30_27_443.jpg,-0.06015037,0,0,22.59402
/home/esteve/self-driving-ND/CarND-Behavioral-Cloning-P3/data_hard/IMG/center_2017_04_28_18_30_27_523.jpg,/home/esteve/self-driving-ND/CarND-Behavioral-Cloning-P3/data_hard/IMG/left_2017_04_28_18_30_27_523.jpg,/home/esteve/self-driving-ND/CarND-Behavioral-Cloning-P3/data_hard/IMG/right_2017_04_28_18_30_27_523.jpg,-0.06015037,0,0,22.41343
/home/esteve/self-driving-ND/CarND-Behavioral-Cloning-P3/data_hard/IMG/center_2017_04_28_18_30_27_595.jpg,/home/esteve/self-driving-ND/CarND-Behavioral-Cloning-P3/data_hard/IMG/left_2017_04_28_18_30_27_595.jpg,/home/esteve/self-driving-ND/CarND-Behavioral-Cloning-P3/data_hard/IMG/right_2017_04_28_18_30_27_595.jpg,-0.06015037,0,0,22.28096
/home/esteve/self-driving-ND/CarND-Behavioral-Cloning-P3/data_hard/IMG/center_2017_04_28_18_30_27_671.jpg,/home/esteve/self-driving-ND/CarND-Behavioral-Cloning-P3/data_hard/IMG/left_2017_04_28_18_30_27_671.jpg,/home/esteve/self-driving-ND/CarND-Behavioral-Cloning-P3/data_hard/IMG/right_2017_04_28_18_30_27_671.jpg,-0.06015037,0,0,22.10118
/home/esteve/self-driving-ND/CarND-Behavioral-Cloning-P3/data_hard/IMG/center_2017_04_28_18_30_27_759.jpg,/home/esteve/self-driving-ND/CarND-Behavioral-Cloning-P3/data_hard/IMG/left_2017_04_28_18_30_27_759.jpg,/home/esteve/self-driving-ND/CarND-Behavioral-Cloning-P3/data_hard/IMG/right_2017_04_28_18_30_27_759.jpg,-0.06015037,0,0,21.9231
/home/esteve/self-driving-ND/CarND-Behavioral-Cloning-P3/data_hard/IMG/center_2017_04_28_18_30_27_840.jpg,/home/esteve/self-driving-ND/CarND-Behavioral-Cloning-P3/data_hard/IMG/left_2017_04_28_18_30_27_840.jpg,/home/esteve/self-driving-ND/CarND-Behavioral-Cloning-P3/data_hard/IMG/right_2017_04_28_18_30_27_840.jpg,-0.06015037,0,0,21.74658
/home/esteve/self-driving-ND/CarND-Behavioral-Cloning-P3/data_hard/IMG/center_2017_04_28_18_30_27_923.jpg,/home/esteve/self-driving-ND/CarND-Behavioral-Cloning-P3/data_hard/IMG/left_2017_04_28_18_30_27_923.jpg,/home/esteve/self-driving-ND/CarND-Behavioral-Cloning-P3/data_hard/IMG/right_2017_04_28_18_30_27_923.jpg,-0.06015037,0,0,21.52757
/home/esteve/self-driving-ND/CarND-Behavioral-Cloning-P3/data_hard/IMG/center_2017_04_28_18_30_27_997.jpg,/home/esteve/self-driving-ND/CarND-Behavioral-Cloning-P3/data_hard/IMG/left_2017_04_28_18_30_27_997.jpg,/home/esteve/self-driving-ND/CarND-Behavioral-Cloning-P3/data_hard/IMG/right_2017_04_28_18_30_27_997.jpg,-0.06015037,0,0,21.39797
/home/esteve/self-driving-ND/CarND-Behavioral-Cloning-P3/data_hard/IMG/center_2017_04_28_18_30_28_078.jpg,/home/esteve/self-driving-ND/CarND-Behavioral-Cloning-P3/data_hard/IMG/left_2017_04_28_18_30_28_078.jpg,/home/esteve/self-driving-ND/CarND-Behavioral-Cloning-P3/data_hard/IMG/right_2017_04_28_18_30_28_078.jpg,-0.06015037,0,0,21.22581
/home/esteve/self-driving-ND/CarND-Behavioral-Cloning-P3/data_hard/IMG/center_2017_04_28_18_30_28_156.jpg,/home/esteve/self-driving-ND/CarND-Behavioral-Cloning-P3/data_hard/IMG/left_2017_04_28_18_30_28_156.jpg,/home/esteve/self-driving-ND/CarND-Behavioral-Cloning-P3/data_hard/IMG/right_2017_04_28_18_30_28_156.jpg,-0.01503759,0,0,21.05519
/home/esteve/self-driving-ND/CarND-Behavioral-Cloning-P3/data_hard/IMG/center_2017_04_28_18_30_28_235.jpg,/home/esteve/self-driving-ND/CarND-Behavioral-Cloning-P3/data_hard/IMG/left_2017_04_28_18_30_28_235.jpg,/home/esteve/self-driving-ND/CarND-Behavioral-Cloning-P3/data_hard/IMG/right_2017_04_28_18_30_28_235.jpg,0.04511278,0,0,20.88287
/home/esteve/self-driving-ND/CarND-Behavioral-Cloning-P3/data_hard/IMG/center_2017_04_28_18_30_28_312.jpg,/home/esteve/self-driving-ND/CarND-Behavioral-Cloning-P3/data_hard/IMG/left_2017_04_28_18_30_28_312.jpg,/home/esteve/self-driving-ND/CarND-Behavioral-Cloning-P3/data_hard/IMG/right_2017_04_28_18_30_28_312.jpg,0.06766918,0,0,20.71173
/home/esteve/self-driving-ND/CarND-Behavioral-Cloning-P3/data_hard/IMG/center_2017_04_28_18_30_28_388.jpg,/home/esteve/self-driving-ND/CarND-Behavioral-Cloning-P3/data_hard/IMG/left_2017_04_28_18_30_28_388.jpg,/home/esteve/self-driving-ND/CarND-Behavioral-Cloning-P3/data_hard/IMG/right_2017_04_28_18_30_28_388.jpg,0.07518797,0,0,20.54222
/home/esteve/self-driving-ND/CarND-Behavioral-Cloning-P3/data_hard/IMG/center_2017_04_28_18_30_28_468.jpg,/home/esteve/self-driving-ND/CarND-Behavioral-Cloning-P3/data_hard/IMG/left_2017_04_28_18_30_28_468.jpg,/home/esteve/self-driving-ND/CarND-Behavioral-Cloning-P3/data_hard/IMG/right_2017_04_28_18_30_28_468.jpg,0.07518797,0,0,20.37567
/home/esteve/self-driving-ND/CarND-Behavioral-Cloning-P3/data_hard/IMG/center_2017_04_28_18_30_28_547.jpg,/home/esteve/self-driving-ND/CarND-Behavioral-Cloning-P3/data_hard/IMG/left_2017_04_28_18_30_28_547.jpg,/home/esteve/self-driving-ND/CarND-Behavioral-Cloning-P3/data_hard/IMG/right_2017_04_28_18_30_28_547.jpg,0.07518797,0,0,20.21114
/home/esteve/self-driving-ND/CarND-Behavioral-Cloning-P3/data_hard/IMG/center_2017_04_28_18_32_49_398.jpg,/home/esteve/self-driving-ND/CarND-Behavioral-Cloning-P3/data_hard/IMG/left_2017_04_28_18_32_49_398.jpg,/home/esteve/self-driving-ND/CarND-Behavioral-Cloning-P3/data_hard/IMG/right_2017_04_28_18_32_49_398.jpg,-0.1353384,0,0,4.543692
/home/esteve/self-driving-ND/CarND-Behavioral-Cloning-P3/data_hard/IMG/center_2017_04_28_18_32_49_465.jpg,/home/esteve/self-driving-ND/CarND-Behavioral-Cloning-P3/data_hard/IMG/left_2017_04_28_18_32_49_465.jpg,/home/esteve/self-driving-ND/CarND-Behavioral-Cloning-P3/data_hard/IMG/right_2017_04_28_18_32_49_465.jpg,-0.007518797,0.07347035,0,4.538157
/home/esteve/self-driving-ND/CarND-Behavioral-Cloning-P3/data_hard/IMG/center_2017_04_28_18_32_49_550.jpg,/home/esteve/self-driving-ND/CarND-Behavioral-Cloning-P3/data_hard/IMG/left_2017_04_28_18_32_49_550.jpg,/home/esteve/self-driving-ND/CarND-Behavioral-Cloning-P3/data_hard/IMG/right_2017_04_28_18_32_49_550.jpg,0.01503759,0.3281765,0,4.718198
/home/esteve/self-driving-ND/CarND-Behavioral-Cloning-P3/data_hard/IMG/center_2017_04_28_18_32_49_640.jpg,/home/esteve/self-driving-ND/CarND-Behavioral-Cloning-P3/data_hard/IMG/left_2017_04_28_18_32_49_640.jpg,/home/esteve/self-driving-ND/CarND-Behavioral-Cloning-P3/data_hard/IMG/right_2017_04_28_18_32_49_640.jpg,0.02255639,0.5983865,0,5.150064
/home/esteve/self-driving-ND/CarND-Behavioral-Cloning-P3/data_hard/IMG/center_2017_04_28_18_32_49_731.jpg,/home/esteve/self-driving-ND/CarND-Behavioral-Cloning-P3/data_hard/IMG/left_2017_04_28_18_32_49_731.jpg,/home/esteve/self-driving-ND/CarND-Behavioral-Cloning-P3/data_hard/IMG/right_2017_04_28_18_32_49_731.jpg,-0.007518797,0.3265271,0,5.63058
/home/esteve/self-driving-ND/CarND-Behavioral-Cloning-P3/data_hard/IMG/center_2017_04_28_18_32_49_801.jpg,/home/esteve/self-driving-ND/CarND-Behavioral-Cloning-P3/data_hard/IMG/left_2017_04_28_18_32_49_801.jpg,/home/esteve/self-driving-ND/CarND-Behavioral-Cloning-P3/data_hard/IMG/right_2017_04_28_18_32_49_801.jpg,-0.06015037,0.1157405,0,5.74343
/home/esteve/self-driving-ND/CarND-Behavioral-Cloning-P3/data_hard/IMG/center_2017_04_28_18_32_49_871.jpg,/home/esteve/self-driving-ND/CarND-Behavioral-Cloning-P3/data_hard/IMG/left_2017_04_28_18_32_49_871.jpg,/home/esteve/self-driving-ND/CarND-Behavioral-Cloning-P3/data_hard/IMG/right_2017_04_28_18_32_49_871.jpg,-0.07518797,0.2072532,0,5.818811
/home/esteve/self-driving-ND/CarND-Behavioral-Cloning-P3/data_hard/IMG/center_2017_04_28_18_32_49_962.jpg,/home/esteve/self-driving-ND/CarND-Behavioral-Cloning-P3/data_hard/IMG/left_2017_04_28_18_32_49_962.jpg,/home/esteve/self-driving-ND/CarND-Behavioral-Cloning-P3/data_hard/IMG/right_2017_04_28_18_32_49_962.jpg,-0.07518797,0.4797013,0,6.125253
/home/esteve/self-driving-ND/CarND-Behavioral-Cloning-P3/data_hard/IMG/center_2017_04_28_18_32_50_046.jpg,/home/esteve/self-driving-ND/CarND-Behavioral-Cloning-P3/data_hard/IMG/left_2017_04_28_18_32_50_046.jpg,/home/esteve/self-driving-ND/CarND-Behavioral-Cloning-P3/data_hard/IMG/right_2017_04_28_18_32_50_046.jpg,-0.07518797,0.7316651,0,6.811843
/home/esteve/self-driving-ND/CarND-Behavioral-Cloning-P3/data_hard/IMG/center_2017_04_28_18_32_50_114.jpg,/home/esteve/self-driving-ND/CarND-Behavioral-Cloning-P3/data_hard/IMG/left_2017_04_28_18_32_50_114.jpg,/home/esteve/self-driving-ND/CarND-Behavioral-Cloning-P3/data_hard/IMG/right_2017_04_28_18_32_50_114.jpg,0,0.9374321,0,7.388215
/home/esteve/self-driving-ND/CarND-Behavioral-Cloning-P3/data_hard/IMG/center_2017_04_28_18_32_50_204.jpg,/home/esteve/self-driving-ND/CarND-Behavioral-Cloning-P3/data_hard/IMG/left_2017_04_28_18_32_50_204.jpg,/home/esteve/self-driving-ND/CarND-Behavioral-Cloning-P3/data_hard/IMG/right_2017_04_28_18_32_50_204.jpg,0.1052632,1,0,8.510427
/home/esteve/self-driving-ND/CarND-Behavioral-Cloning-P3/data_hard/IMG/center_2017_04_28_18_32_50_288.jpg,/home/esteve/self-driving-ND/CarND-Behavioral-Cloning-P3/data_hard/IMG/left_2017_04_28_18_32_50_288.jpg,/home/esteve/self-driving-ND/CarND-Behavioral-Cloning-P3/data_hard/IMG/right_2017_04_28_18_32_50_288.jpg,0.1428571,1,0,9.40525
/home/esteve/self-driving-ND/CarND-Behavioral-Cloning-P3/data_hard/IMG/center_2017_04_28_18_32_50_355.jpg,/home/esteve/self-driving-ND/CarND-Behavioral-Cloning-P3/data_hard/IMG/left_2017_04_28_18_32_50_355.jpg,/home/esteve/self-driving-ND/CarND-Behavioral-Cloning-P3/data_hard/IMG/right_2017_04_28_18_32_50_355.jpg,0.1954887,0.7995431,0,9.988273
/home/esteve/self-driving-ND/CarND-Behavioral-Cloning-P3/data_hard/IMG/center_2017_04_28_18_32_50_446.jpg,/home/esteve/self-driving-ND/CarND-Behavioral-Cloning-P3/data_hard/IMG/left_2017_04_28_18_32_50_446.jpg,/home/esteve/self-driving-ND/CarND-Behavioral-Cloning-P3/data_hard/IMG/right_2017_04_28_18_32_50_446.jpg,0.2406015,0.5270801,0,10.63798
/home/esteve/self-driving-ND/CarND-Behavioral-Cloning-P3/data_hard/IMG/center_2017_04_28_18_32_50_514.jpg,/home/esteve/self-driving-ND/CarND-Behavioral-Cloning-P3/data_hard/IMG/left_2017_04_28_18_32_50_514.jpg,/home/esteve/self-driving-ND/CarND-Behavioral-Cloning-P3/data_hard/IMG/right_2017_04_28_18_32_50_514.jpg,0.2255639,0.4644308,0,10.89931
/home/esteve/self-driving-ND/CarND-Behavioral-Cloning-P3/data_hard/IMG/center_2017_04_28_18_32_50_582.jpg,/home/esteve/self-driving-ND/CarND-Behavioral-Cloning-P3/data_hard/IMG/left_2017_04_28_18_32_50_582.jpg,/home/esteve/self-driving-ND/CarND-Behavioral-Cloning-P3/data_hard/IMG/right_2017_04_28_18_32_50_582.jpg,0.1503759,0.666193,0,11.25057
/home/esteve/self-driving-ND/CarND-Behavioral-Cloning-P3/data_hard/IMG/center_2017_04_28_18_32_50_650.jpg,/home/esteve/self-driving-ND/CarND-Behavioral-Cloning-P3/data_hard/IMG/left_2017_04_28_18_32_50_650.jpg,/home/esteve/self-driving-ND/CarND-Behavioral-Cloning-P3/data_hard/IMG/right_2017_04_28_18_32_50_650.jpg,0.09774436,0.8728118,0,11.53491
/home/esteve/self-driving-ND/CarND-Behavioral-Cloning-P3/data_hard/IMG/center_2017_04_28_18_32_50_729.jpg,/home/esteve/self-driving-ND/CarND-Behavioral-Cloning-P3/data_hard/IMG/left_2017_04_28_18_32_50_729.jpg,/home/esteve/self-driving-ND/CarND-Behavioral-Cloning-P3/data_hard/IMG/right_2017_04_28_18_32_50_729.jpg,0.06766918,1,0,12.48679
/home/esteve/self-driving-ND/CarND-Behavioral-Cloning-P3/data_hard/IMG/center_2017_04_28_18_32_50_791.jpg,/home/esteve/self-driving-ND/CarND-Behavioral-Cloning-P3/data_hard/IMG/left_2017_04_28_18_32_50_791.jpg,/home/esteve/self-driving-ND/CarND-Behavioral-Cloning-P3/data_hard/IMG/right_2017_04_28_18_32_50_791.jpg,0.06015037,1,0,13.36123
/home/esteve/self-driving-ND/CarND-Behavioral-Cloning-P3/data_hard/IMG/center_2017_04_28_18_32_50_863.jpg,/home/esteve/self-driving-ND/CarND-Behavioral-Cloning-P3/data_hard/IMG/left_2017_04_28_18_32_50_863.jpg,/home/esteve/self-driving-ND/CarND-Behavioral-Cloning-P3/data_hard/IMG/right_2017_04_28_18_32_50_863.jpg,0.05263158,1,0,14.18356
/home/esteve/self-driving-ND/CarND-Behavioral-Cloning-P3/data_hard/IMG/center_2017_04_28_18_32_50_931.jpg,/home/esteve/self-driving-ND/CarND-Behavioral-Cloning-P3/data_hard/IMG/left_2017_04_28_18_32_50_931.jpg,/home/esteve/self-driving-ND/CarND-Behavioral-Cloning-P3/data_hard/IMG/right_2017_04_28_18_32_50_931.jpg,0.05263158,1,0,14.93793
/home/esteve/self-driving-ND/CarND-Behavioral-Cloning-P3/data_hard/IMG/center_2017_04_28_18_32_51_018.jpg,/home/esteve/self-driving-ND/CarND-Behavioral-Cloning-P3/data_hard/IMG/left_2017_04_28_18_32_51_018.jpg,/home/esteve/self-driving-ND/CarND-Behavioral-Cloning-P3/data_hard/IMG/right_2017_04_28_18_32_51_018.jpg,0.04511278,1,0,15.80274
/home/esteve/self-driving-ND/CarND-Behavioral-Cloning-P3/data_hard/IMG/center_2017_04_28_18_32_51_087.jpg,/home/esteve/self-driving-ND/CarND-Behavioral-Cloning-P3/data_hard/IMG/left_2017_04_28_18_32_51_087.jpg,/home/esteve/self-driving-ND/CarND-Behavioral-Cloning-P3/data_hard/IMG/right_2017_04_28_18_32_51_087.jpg,0.007518797,1,0,16.66109
/home/esteve/self-driving-ND/CarND-Behavioral-Cloning-P3/data_hard/IMG/center_2017_04_28_18_32_51_156.jpg,/home/esteve/self-driving-ND/CarND-Behavioral-Cloning-P3/data_hard/IMG/left_2017_04_28_18_32_51_156.jpg,/home/esteve/self-driving-ND/CarND-Behavioral-Cloning-P3/data_hard/IMG/right_2017_04_28_18_32_51_156.jpg,-0.04511278,1,0,17.12975
/home/esteve/self-driving-ND/CarND-Behavioral-Cloning-P3/data_hard/IMG/center_2017_04_28_18_32_51_246.jpg,/home/esteve/self-driving-ND/CarND-Behavioral-Cloning-P3/data_hard/IMG/left_2017_04_28_18_32_51_246.jpg,/home/esteve/self-driving-ND/CarND-Behavioral-Cloning-P3/data_hard/IMG/right_2017_04_28_18_32_51_246.jpg,-0.06766918,1,0,6.85568
/home/esteve/self-driving-ND/CarND-Behavioral-Cloning-P3/data_hard/IMG/center_2017_04_28_18_32_51_321.jpg,/home/esteve/self-driving-ND/CarND-Behavioral-Cloning-P3/data_hard/IMG/left_2017_04_28_18_32_51_321.jpg,/home/esteve/self-driving-ND/CarND-Behavioral-Cloning-P3/data_hard/IMG/right_2017_04_28_18_32_51_321.jpg,-0.08270676,1,0,5.251812
/home/esteve/self-driving-ND/CarND-Behavioral-Cloning-P3/data_hard/IMG/center_2017_04_28_18_32_51_389.jpg,/home/esteve/self-driving-ND/CarND-Behavioral-Cloning-P3/data_hard/IMG/left_2017_04_28_18_32_51_389.jpg,/home/esteve/self-driving-ND/CarND-Behavioral-Cloning-P3/data_hard/IMG/right_2017_04_28_18_32_51_389.jpg,-0.1353384,1,0,4.408878
/home/esteve/self-driving-ND/CarND-Behavioral-Cloning-P3/data_hard/IMG/center_2017_04_28_18_32_51_476.jpg,/home/esteve/self-driving-ND/CarND-Behavioral-Cloning-P3/data_hard/IMG/left_2017_04_28_18_32_51_476.jpg,/home/esteve/self-driving-ND/CarND-Behavioral-Cloning-P3/data_hard/IMG/right_2017_04_28_18_32_51_476.jpg,-0.2180451,1,0,3.43413
/home/esteve/self-driving-ND/CarND-Behavioral-Cloning-P3/data_hard/IMG/center_2017_04_28_18_32_51_567.jpg,/home/esteve/self-driving-ND/CarND-Behavioral-Cloning-P3/data_hard/IMG/left_2017_04_28_18_32_51_567.jpg,/home/esteve/self-driving-ND/CarND-Behavioral-Cloning-P3/data_hard/IMG/right_2017_04_28_18_32_51_567.jpg,-0.2180451,0.7271678,0,2.694631
/home/esteve/self-driving-ND/CarND-Behavioral-Cloning-P3/data_hard/IMG/center_2017_04_28_18_32_51_653.jpg,/home/esteve/self-driving-ND/CarND-Behavioral-Cloning-P3/data_hard/IMG/left_2017_04_28_18_32_51_653.jpg,/home/esteve/self-driving-ND/CarND-Behavioral-Cloning-P3/data_hard/IMG/right_2017_04_28_18_32_51_653.jpg,-0.2030075,0.468286,0,1.661766
/home/esteve/self-driving-ND/CarND-Behavioral-Cloning-P3/data_hard/IMG/center_2017_04_28_18_32_51_722.jpg,/home/esteve/self-driving-ND/CarND-Behavioral-Cloning-P3/data_hard/IMG/left_2017_04_28_18_32_51_722.jpg,/home/esteve/self-driving-ND/CarND-Behavioral-Cloning-P3/data_hard/IMG/right_2017_04_28_18_32_51_722.jpg,0,0.2594743,0,0.9651436
/home/esteve/self-driving-ND/CarND-Behavioral-Cloning-P3/data_hard/IMG/center_2017_04_28_18_32_51_794.jpg,/home/esteve/self-driving-ND/CarND-Behavioral-Cloning-P3/data_hard/IMG/left_2017_04_28_18_32_51_794.jpg,/home/esteve/self-driving-ND/CarND-Behavioral-Cloning-P3/data_hard/IMG/right_2017_04_28_18_32_51_794.jpg,0,0.04405928,0,0.09977937
/home/esteve/self-driving-ND/CarND-Behavioral-Cloning-P3/data_hard/IMG/center_2017_04_28_18_32_51_862.jpg,/home/esteve/self-driving-ND/CarND-Behavioral-Cloning-P3/data_hard/IMG/left_2017_04_28_18_32_51_862.jpg,/home/esteve/self-driving-ND/CarND-Behavioral-Cloning-P3/data_hard/IMG/right_2017_04_28_18_32_51_862.jpg,0,0,0,0.06285802
/home/esteve/self-driving-ND/CarND-Behavioral-Cloning-P3/data_hard/IMG/center_2017_04_28_18_32_51_949.jpg,/home/esteve/self-driving-ND/CarND-Behavioral-Cloning-P3/data_hard/IMG/left_2017_04_28_18_32_51_949.jpg,/home/esteve/self-driving-ND/CarND-Behavioral-Cloning-P3/data_hard/IMG/right_2017_04_28_18_32_51_949.jpg,0,0,0,0.04262264
/home/esteve/self-driving-ND/CarND-Behavioral-Cloning-P3/data_hard/IMG/center_2017_04_28_18_32_52_040.jpg,/home/esteve/self-driving-ND/CarND-Behavioral-Cloning-P3/data_hard/IMG/left_2017_04_28_18_32_52_040.jpg,/home/esteve/self-driving-ND/CarND-Behavioral-Cloning-P3/data_hard/IMG/right_2017_04_28_18_32_52_040.jpg,0,0,0,0.02157062
/home/esteve/self-driving-ND/CarND-Behavioral-Cloning-P3/data_hard/IMG/center_2017_04_28_18_32_52_106.jpg,/home/esteve/self-driving-ND/CarND-Behavioral-Cloning-P3/data_hard/IMG/left_2017_04_28_18_32_52_106.jpg,/home/esteve/self-driving-ND/CarND-Behavioral-Cloning-P3/data_hard/IMG/right_2017_04_28_18_32_52_106.jpg,0,0,0,0.009111222
/home/esteve/self-driving-ND/CarND-Behavioral-Cloning-P3/data_hard/IMG/center_2017_04_28_18_32_52_191.jpg,/home/esteve/self-driving-ND/CarND-Behavioral-Cloning-P3/data_hard/IMG/left_2017_04_28_18_32_52_191.jpg,/home/esteve/self-driving-ND/CarND-Behavioral-Cloning-P3/data_hard/IMG/right_2017_04_28_18_32_52_191.jpg,0,0,0,0.006134944
/home/esteve/self-driving-ND/CarND-Behavioral-Cloning-P3/data_hard/IMG/center_2017_04_28_18_32_52_281.jpg,/home/esteve/self-driving-ND/CarND-Behavioral-Cloning-P3/data_hard/IMG/left_2017_04_28_18_32_52_281.jpg,/home/esteve/self-driving-ND/CarND-Behavioral-Cloning-P3/data_hard/IMG/right_2017_04_28_18_32_52_281.jpg,0,0,0,0.006078943
/home/esteve/self-driving-ND/CarND-Behavioral-Cloning-P3/data_hard/IMG/center_2017_04_28_18_32_52_366.jpg,/home/esteve/self-driving-ND/CarND-Behavioral-Cloning-P3/data_hard/IMG/left_2017_04_28_18_32_52_366.jpg,/home/esteve/self-driving-ND/CarND-Behavioral-Cloning-P3/data_hard/IMG/right_2017_04_28_18_32_52_366.jpg,0,0,0,0.006069877
/home/esteve/self-driving-ND/CarND-Behavioral-Cloning-P3/data_hard/IMG/center_2017_04_28_18_32_52_465.jpg,/home/esteve/self-driving-ND/CarND-Behavioral-Cloning-P3/data_hard/IMG/left_2017_04_28_18_32_52_465.jpg,/home/esteve/self-driving-ND/CarND-Behavioral-Cloning-P3/data_hard/IMG/right_2017_04_28_18_32_52_465.jpg,0.05,0,0.1420977,0.01124388
/home/esteve/self-driving-ND/CarND-Behavioral-Cloning-P3/data_hard/IMG/center_2017_04_28_18_32_52_541.jpg,/home/esteve/self-driving-ND/CarND-Behavioral-Cloning-P3/data_hard/IMG/left_2017_04_28_18_32_52_541.jpg,/home/esteve/self-driving-ND/CarND-Behavioral-Cloning-P3/data_hard/IMG/right_2017_04_28_18_32_52_541.jpg,0.25,0,0.3390627,0.1151012
/home/esteve/self-driving-ND/CarND-Behavioral-Cloning-P3/data_hard/IMG/center_2017_04_28_18_32_52_641.jpg,/home/esteve/self-driving-ND/CarND-Behavioral-Cloning-P3/data_hard/IMG/left_2017_04_28_18_32_52_641.jpg,/home/esteve/self-driving-ND/CarND-Behavioral-Cloning-P3/data_hard/IMG/right_2017_04_28_18_32_52_641.jpg,0.5000001,0,0.6709557,0.2592655
/home/esteve/self-driving-ND/CarND-Behavioral-Cloning-P3/data_hard/IMG/center_2017_04_28_18_32_52_727.jpg,/home/esteve/self-driving-ND/CarND-Behavioral-Cloning-P3/data_hard/IMG/left_2017_04_28_18_32_52_727.jpg,/home/esteve/self-driving-ND/CarND-Behavioral-Cloning-P3/data_hard/IMG/right_2017_04_28_18_32_52_727.jpg,0.7,0,0.9263155,0.5369077
/home/esteve/self-driving-ND/CarND-Behavioral-Cloning-P3/data_hard/IMG/center_2017_04_28_18_32_52_802.jpg,/home/esteve/self-driving-ND/CarND-Behavioral-Cloning-P3/data_hard/IMG/left_2017_04_28_18_32_52_802.jpg,/home/esteve/self-driving-ND/CarND-Behavioral-Cloning-P3/data_hard/IMG/right_2017_04_28_18_32_52_802.jpg,0.9000002,0,1,0.8257499
/home/esteve/self-driving-ND/CarND-Behavioral-Cloning-P3/data_hard/IMG/center_2017_04_28_18_32_52_872.jpg,/home/esteve/self-driving-ND/CarND-Behavioral-Cloning-P3/data_hard/IMG/left_2017_04_28_18_32_52_872.jpg,/home/esteve/self-driving-ND/CarND-Behavioral-Cloning-P3/data_hard/IMG/right_2017_04_28_18_32_52_872.jpg,1,0,1,1.087083
/home/esteve/self-driving-ND/CarND-Behavioral-Cloning-P3/data_hard/IMG/center_2017_04_28_18_32_52_939.jpg,/home/esteve/self-driving-ND/CarND-Behavioral-Cloning-P3/data_hard/IMG/left_2017_04_28_18_32_52_939.jpg,/home/esteve/self-driving-ND/CarND-Behavioral-Cloning-P3/data_hard/IMG/right_2017_04_28_18_32_52_939.jpg,1,0,1,1.263298
/home/esteve/self-driving-ND/CarND-Behavioral-Cloning-P3/data_hard/IMG/center_2017_04_28_18_32_53_001.jpg,/home/esteve/self-driving-ND/CarND-Behavioral-Cloning-P3/data_hard/IMG/left_2017_04_28_18_32_53_001.jpg,/home/esteve/self-driving-ND/CarND-Behavioral-Cloning-P3/data_hard/IMG/right_2017_04_28_18_32_53_001.jpg,1,0,1,1.481486
/home/esteve/self-driving-ND/CarND-Behavioral-Cloning-P3/data_hard/IMG/center_2017_04_28_18_32_53_069.jpg,/home/esteve/self-driving-ND/CarND-Behavioral-Cloning-P3/data_hard/IMG/left_2017_04_28_18_32_53_069.jpg,/home/esteve/self-driving-ND/CarND-Behavioral-Cloning-P3/data_hard/IMG/right_2017_04_28_18_32_53_069.jpg,0.9244775,0,1,1.722137
/home/esteve/self-driving-ND/CarND-Behavioral-Cloning-P3/data_hard/IMG/center_2017_04_28_18_32_53_144.jpg,/home/esteve/self-driving-ND/CarND-Behavioral-Cloning-P3/data_hard/IMG/left_2017_04_28_18_32_53_144.jpg,/home/esteve/self-driving-ND/CarND-Behavioral-Cloning-P3/data_hard/IMG/right_2017_04_28_18_32_53_144.jpg,0.7236402,0,0.7991626,1.892666
/home/esteve/self-driving-ND/CarND-Behavioral-Cloning-P3/data_hard/IMG/center_2017_04_28_18_32_53_232.jpg,/home/esteve/self-driving-ND/CarND-Behavioral-Cloning-P3/data_hard/IMG/left_2017_04_28_18_32_53_232.jpg,/home/esteve/self-driving-ND/CarND-Behavioral-Cloning-P3/data_hard/IMG/right_2017_04_28_18_32_53_232.jpg,0.460012,0,0.5355344,2.104487
/home/esteve/self-driving-ND/CarND-Behavioral-Cloning-P3/data_hard/IMG/center_2017_04_28_18_32_53_295.jpg,/home/esteve/self-driving-ND/CarND-Behavioral-Cloning-P3/data_hard/IMG/left_2017_04_28_18_32_53_295.jpg,/home/esteve/self-driving-ND/CarND-Behavioral-Cloning-P3/data_hard/IMG/right_2017_04_28_18_32_53_295.jpg,0.2473507,0,0.3228731,2.20267
/home/esteve/self-driving-ND/CarND-Behavioral-Cloning-P3/data_hard/IMG/center_2017_04_28_18_32_53_364.jpg,/home/esteve/self-driving-ND/CarND-Behavioral-Cloning-P3/data_hard/IMG/left_2017_04_28_18_32_53_364.jpg,/home/esteve/self-driving-ND/CarND-Behavioral-Cloning-P3/data_hard/IMG/right_2017_04_28_18_32_53_364.jpg,0.04093003,0,0.1164525,2.275129
/home/esteve/self-driving-ND/CarND-Behavioral-Cloning-P3/data_hard/IMG/center_2017_04_28_18_32_53_454.jpg,/home/esteve/self-driving-ND/CarND-Behavioral-Cloning-P3/data_hard/IMG/left_2017_04_28_18_32_53_454.jpg,/home/esteve/self-driving-ND/CarND-Behavioral-Cloning-P3/data_hard/IMG/right_2017_04_28_18_32_53_454.jpg,0,0,0,2.231992
/home/esteve/self-driving-ND/CarND-Behavioral-Cloning-P3/data_hard/IMG/center_2017_04_28_18_33_00_306.jpg,/home/esteve/self-driving-ND/CarND-Behavioral-Cloning-P3/data_hard/IMG/left_2017_04_28_18_33_00_306.jpg,/home/esteve/self-driving-ND/CarND-Behavioral-Cloning-P3/data_hard/IMG/right_2017_04_28_18_33_00_306.jpg,0,1,0,3.177735
/home/esteve/self-driving-ND/CarND-Behavioral-Cloning-P3/data_hard/IMG/center_2017_04_28_18_33_00_390.jpg,/home/esteve/self-driving-ND/CarND-Behavioral-Cloning-P3/data_hard/IMG/left_2017_04_28_18_33_00_390.jpg,/home/esteve/self-driving-ND/CarND-Behavioral-Cloning-P3/data_hard/IMG/right_2017_04_28_18_33_00_390.jpg,0,1,0,4.072917
/home/esteve/self-driving-ND/CarND-Behavioral-Cloning-P3/data_hard/IMG/center_2017_04_28_18_33_00_478.jpg,/home/esteve/self-driving-ND/CarND-Behavioral-Cloning-P3/data_hard/IMG/left_2017_04_28_18_33_00_478.jpg,/home/esteve/self-driving-ND/CarND-Behavioral-Cloning-P3/data_hard/IMG/right_2017_04_28_18_33_00_478.jpg,0,1,0,5.005191
/home/esteve/self-driving-ND/CarND-Behavioral-Cloning-P3/data_hard/IMG/center_2017_04_28_18_33_00_546.jpg,/home/esteve/self-driving-ND/CarND-Behavioral-Cloning-P3/data_hard/IMG/left_2017_04_28_18_33_00_546.jpg,/home/esteve/self-driving-ND/CarND-Behavioral-Cloning-P3/data_hard/IMG/right_2017_04_28_18_33_00_546.jpg,-0.01503759,1,0,5.930886
/home/esteve/self-driving-ND/CarND-Behavioral-Cloning-P3/data_hard/IMG/center_2017_04_28_18_33_00_630.jpg,/home/esteve/self-driving-ND/CarND-Behavioral-Cloning-P3/data_hard/IMG/left_2017_04_28_18_33_00_630.jpg,/home/esteve/self-driving-ND/CarND-Behavioral-Cloning-P3/data_hard/IMG/right_2017_04_28_18_33_00_630.jpg,-0.06015037,1,0,6.84861
/home/esteve/self-driving-ND/CarND-Behavioral-Cloning-P3/data_hard/IMG/center_2017_04_28_18_33_00_722.jpg,/home/esteve/self-driving-ND/CarND-Behavioral-Cloning-P3/data_hard/IMG/left_2017_04_28_18_33_00_722.jpg,/home/esteve/self-driving-ND/CarND-Behavioral-Cloning-P3/data_hard/IMG/right_2017_04_28_18_33_00_722.jpg,-0.1278196,1,0,7.757899
/home/esteve/self-driving-ND/CarND-Behavioral-Cloning-P3/data_hard/IMG/center_2017_04_28_18_33_00_811.jpg,/home/esteve/self-driving-ND/CarND-Behavioral-Cloning-P3/data_hard/IMG/left_2017_04_28_18_33_00_811.jpg,/home/esteve/self-driving-ND/CarND-Behavioral-Cloning-P3/data_hard/IMG/right_2017_04_28_18_33_00_811.jpg,-0.1729323,1,0,8.881783
/home/esteve/self-driving-ND/CarND-Behavioral-Cloning-P3/data_hard/IMG/center_2017_04_28_18_33_00_901.jpg,/home/esteve/self-driving-ND/CarND-Behavioral-Cloning-P3/data_hard/IMG/left_2017_04_28_18_33_00_901.jpg,/home/esteve/self-driving-ND/CarND-Behavioral-Cloning-P3/data_hard/IMG/right_2017_04_28_18_33_00_901.jpg,-0.1578947,1,0,9.775733
/home/esteve/self-driving-ND/CarND-Behavioral-Cloning-P3/data_hard/IMG/center_2017_04_28_18_33_00_980.jpg,/home/esteve/self-driving-ND/CarND-Behavioral-Cloning-P3/data_hard/IMG/left_2017_04_28_18_33_00_980.jpg,/home/esteve/self-driving-ND/CarND-Behavioral-Cloning-P3/data_hard/IMG/right_2017_04_28_18_33_00_980.jpg,-0.09774436,0.8514793,0,10.62357
/home/esteve/self-driving-ND/CarND-Behavioral-Cloning-P3/data_hard/IMG/center_2017_04_28_18_33_01_053.jpg,/home/esteve/self-driving-ND/CarND-Behavioral-Cloning-P3/data_hard/IMG/left_2017_04_28_18_33_01_053.jpg,/home/esteve/self-driving-ND/CarND-Behavioral-Cloning-P3/data_hard/IMG/right_2017_04_28_18_33_01_053.jpg,-0.05263158,0.6328964,0,11.25725
/home/esteve/self-driving-ND/CarND-Behavioral-Cloning-P3/data_hard/IMG/center_2017_04_28_18_33_01_142.jpg,/home/esteve/self-driving-ND/CarND-Behavioral-Cloning-P3/data_hard/IMG/left_2017_04_28_18_33_01_142.jpg,/home/esteve/self-driving-ND/CarND-Behavioral-Cloning-P3/data_hard/IMG/right_2017_04_28_18_33_01_142.jpg,-0.03759398,0.6186192,0,11.29876
/home/esteve/self-driving-ND/CarND-Behavioral-Cloning-P3/data_hard/IMG/center_2017_04_28_18_33_01_212.jpg,/home/esteve/self-driving-ND/CarND-Behavioral-Cloning-P3/data_hard/IMG/left_2017_04_28_18_33_01_212.jpg,/home/esteve/self-driving-ND/CarND-Behavioral-Cloning-P3/data_hard/IMG/right_2017_04_28_18_33_01_212.jpg,-0.03759398,0.8311331,0,12.25284
/home/esteve/self-driving-ND/CarND-Behavioral-Cloning-P3/data_hard/IMG/center_2017_04_28_18_33_01_280.jpg,/home/esteve/self-driving-ND/CarND-Behavioral-Cloning-P3/data_hard/IMG/left_2017_04_28_18_33_01_280.jpg,/home/esteve/self-driving-ND/CarND-Behavioral-Cloning-P3/data_hard/IMG/right_2017_04_28_18_33_01_280.jpg,-0.03759398,1,0,12.87694
/home/esteve/self-driving-ND/CarND-Behavioral-Cloning-P3/data_hard/IMG/center_2017_04_28_18_33_01_364.jpg,/home/esteve/self-driving-ND/CarND-Behavioral-Cloning-P3/data_hard/IMG/left_2017_04_28_18_33_01_364.jpg,/home/esteve/self-driving-ND/CarND-Behavioral-Cloning-P3/data_hard/IMG/right_2017_04_28_18_33_01_364.jpg,-0.03759398,1,0,14.06681
/home/esteve/self-driving-ND/CarND-Behavioral-Cloning-P3/data_hard/IMG/center_2017_04_28_18_33_01_455.jpg,/home/esteve/self-driving-ND/CarND-Behavioral-Cloning-P3/data_hard/IMG/left_2017_04_28_18_33_01_455.jpg,/home/esteve/self-driving-ND/CarND-Behavioral-Cloning-P3/data_hard/IMG/right_2017_04_28_18_33_01_455.jpg,-0.03759398,1,0,14.86746
/home/esteve/self-driving-ND/CarND-Behavioral-Cloning-P3/data_hard/IMG/center_2017_04_28_18_33_01_522.jpg,/home/esteve/self-driving-ND/CarND-Behavioral-Cloning-P3/data_hard/IMG/left_2017_04_28_18_33_01_522.jpg,/home/esteve/self-driving-ND/CarND-Behavioral-Cloning-P3/data_hard/IMG/right_2017_04_28_18_33_01_522.jpg,-0.03759398,0.7996333,0,15.34429
/home/esteve/self-driving-ND/CarND-Behavioral-Cloning-P3/data_hard/IMG/center_2017_04_28_18_33_01_608.jpg,/home/esteve/self-driving-ND/CarND-Behavioral-Cloning-P3/data_hard/IMG/left_2017_04_28_18_33_01_608.jpg,/home/esteve/self-driving-ND/CarND-Behavioral-Cloning-P3/data_hard/IMG/right_2017_04_28_18_33_01_608.jpg,-0.03759398,0.5423744,0,16.07317
/home/esteve/self-driving-ND/CarND-Behavioral-Cloning-P3/data_hard/IMG/center_2017_04_28_18_33_01_678.jpg,/home/esteve/self-driving-ND/CarND-Behavioral-Cloning-P3/data_hard/IMG/left_2017_04_28_18_33_01_678.jpg,/home/esteve/self-driving-ND/CarND-Behavioral-Cloning-P3/data_hard/IMG/right_2017_04_28_18_33_01_678.jpg,-0.03007519,0.3298361,0,16.17509
/home/esteve/self-driving-ND/CarND-Behavioral-Cloning-P3/data_hard/IMG/center_2017_04_28_18_33_01_760.jpg,/home/esteve/self-driving-ND/CarND-Behavioral-Cloning-P3/data_hard/IMG/left_2017_04_28_18_33_01_760.jpg,/home/esteve/self-driving-ND/CarND-Behavioral-Cloning-P3/data_hard/IMG/right_2017_04_28_18_33_01_760.jpg,-0.03007519,0.114871,0,16.20214
/home/esteve/self-driving-ND/CarND-Behavioral-Cloning-P3/data_hard/IMG/center_2017_04_28_18_33_01_821.jpg,/home/esteve/self-driving-ND/CarND-Behavioral-Cloning-P3/data_hard/IMG/left_2017_04_28_18_33_01_821.jpg,/home/esteve/self-driving-ND/CarND-Behavioral-Cloning-P3/data_hard/IMG/right_2017_04_28_18_33_01_821.jpg,-0.03007519,0,0,16.32847
/home/esteve/self-driving-ND/CarND-Behavioral-Cloning-P3/data_hard/IMG/center_2017_04_28_18_33_01_894.jpg,/home/esteve/self-driving-ND/CarND-Behavioral-Cloning-P3/data_hard/IMG/left_2017_04_28_18_33_01_894.jpg,/home/esteve/self-driving-ND/CarND-Behavioral-Cloning-P3/data_hard/IMG/right_2017_04_28_18_33_01_894.jpg,-0.04511278,0.2196085,0,16.27286
/home/esteve/self-driving-ND/CarND-Behavioral-Cloning-P3/data_hard/IMG/center_2017_04_28_18_33_01_964.jpg,/home/esteve/self-driving-ND/CarND-Behavioral-Cloning-P3/data_hard/IMG/left_2017_04_28_18_33_01_964.jpg,/home/esteve/self-driving-ND/CarND-Behavioral-Cloning-P3/data_hard/IMG/right_2017_04_28_18_33_01_964.jpg,-0.05263158,0.4289911,0,16.46365
/home/esteve/self-driving-ND/CarND-Behavioral-Cloning-P3/data_hard/IMG/center_2017_04_28_18_33_02_035.jpg,/home/esteve/self-driving-ND/CarND-Behavioral-Cloning-P3/data_hard/IMG/left_2017_04_28_18_33_02_035.jpg,/home/esteve/self-driving-ND/CarND-Behavioral-Cloning-P3/data_hard/IMG/right_2017_04_28_18_33_02_035.jpg,-0.06015037,0.6399958,0,16.63954
/home/esteve/self-driving-ND/CarND-Behavioral-Cloning-P3/data_hard/IMG/center_2017_04_28_18_33_02_123.jpg,/home/esteve/self-driving-ND/CarND-Behavioral-Cloning-P3/data_hard/IMG/left_2017_04_28_18_33_02_123.jpg,/home/esteve/self-driving-ND/CarND-Behavioral-Cloning-P3/data_hard/IMG/right_2017_04_28_18_33_02_123.jpg,-0.06015037,0.3752639,0,17.15646
/home/esteve/self-driving-ND/CarND-Behavioral-Cloning-P3/data_hard/IMG/center_2017_04_28_18_33_02_194.jpg,/home/esteve/self-driving-ND/CarND-Behavioral-Cloning-P3/data_hard/IMG/left_2017_04_28_18_33_02_194.jpg,/home/esteve/self-driving-ND/CarND-Behavioral-Cloning-P3/data_hard/IMG/right_2017_04_28_18_33_02_194.jpg,-0.06015037,0.1612651,0,17.14267
/home/esteve/self-driving-ND/CarND-Behavioral-Cloning-P3/data_hard/IMG/center_2017_04_28_18_33_02_263.jpg,/home/esteve/self-driving-ND/CarND-Behavioral-Cloning-P3/data_hard/IMG/left_2017_04_28_18_33_02_263.jpg,/home/esteve/self-driving-ND/CarND-Behavioral-Cloning-P3/data_hard/IMG/right_2017_04_28_18_33_02_263.jpg,-0.06015037,0,0,17.02527
/home/esteve/self-driving-ND/CarND-Behavioral-Cloning-P3/data_hard/IMG/center_2017_04_28_18_33_02_330.jpg,/home/esteve/self-driving-ND/CarND-Behavioral-Cloning-P3/data_hard/IMG/left_2017_04_28_18_33_02_330.jpg,/home/esteve/self-driving-ND/CarND-Behavioral-Cloning-P3/data_hard/IMG/right_2017_04_28_18_33_02_330.jpg,-0.06015037,0,0,17.09112
/home/esteve/self-driving-ND/CarND-Behavioral-Cloning-P3/data_hard/IMG/center_2017_04_28_18_33_02_397.jpg,/home/esteve/self-driving-ND/CarND-Behavioral-Cloning-P3/data_hard/IMG/left_2017_04_28_18_33_02_397.jpg,/home/esteve/self-driving-ND/CarND-Behavioral-Cloning-P3/data_hard/IMG/right_2017_04_28_18_33_02_397.jpg,-0.06015037,0,0,16.78484
/home/esteve/self-driving-ND/CarND-Behavioral-Cloning-P3/data_hard/IMG/center_2017_04_28_18_33_02_470.jpg,/home/esteve/self-driving-ND/CarND-Behavioral-Cloning-P3/data_hard/IMG/left_2017_04_28_18_33_02_470.jpg,/home/esteve/self-driving-ND/CarND-Behavioral-Cloning-P3/data_hard/IMG/right_2017_04_28_18_33_02_470.jpg,-0.06015037,0,0,16.64424
/home/esteve/self-driving-ND/CarND-Behavioral-Cloning-P3/data_hard/IMG/center_2017_04_28_18_33_02_538.jpg,/home/esteve/self-driving-ND/CarND-Behavioral-Cloning-P3/data_hard/IMG/left_2017_04_28_18_33_02_538.jpg,/home/esteve/self-driving-ND/CarND-Behavioral-Cloning-P3/data_hard/IMG/right_2017_04_28_18_33_02_538.jpg,-0.06015037,0,0,16.75874
/home/esteve/self-driving-ND/CarND-Behavioral-Cloning-P3/data_hard/IMG/center_2017_04_28_18_33_02_607.jpg,/home/esteve/self-driving-ND/CarND-Behavioral-Cloning-P3/data_hard/IMG/left_2017_04_28_18_33_02_607.jpg,/home/esteve/self-driving-ND/CarND-Behavioral-Cloning-P3/data_hard/IMG/right_2017_04_28_18_33_02_607.jpg,-0.06015037,0,0,16.62451
/home/esteve/self-driving-ND/CarND-Behavioral-Cloning-P3/data_hard/IMG/center_2017_04_28_18_33_02_676.jpg,/home/esteve/self-driving-ND/CarND-Behavioral-Cloning-P3/data_hard/IMG/left_2017_04_28_18_33_02_676.jpg,/home/esteve/self-driving-ND/CarND-Behavioral-Cloning-P3/data_hard/IMG/right_2017_04_28_18_33_02_676.jpg,-0.06015037,0,0,16.30165
/home/esteve/self-driving-ND/CarND-Behavioral-Cloning-P3/data_hard/IMG/center_2017_04_28_18_33_02_747.jpg,/home/esteve/self-driving-ND/CarND-Behavioral-Cloning-P3/data_hard/IMG/left_2017_04_28_18_33_02_747.jpg,/home/esteve/self-driving-ND/CarND-Behavioral-Cloning-P3/data_hard/IMG/right_2017_04_28_18_33_02_747.jpg,-0.06015037,0,0,16.16701
/home/esteve/self-driving-ND/CarND-Behavioral-Cloning-P3/data_hard/IMG/center_2017_04_28_18_33_02_818.jpg,/home/esteve/self-driving-ND/CarND-Behavioral-Cloning-P3/data_hard/IMG/left_2017_04_28_18_33_02_818.jpg,/home/esteve/self-driving-ND/CarND-Behavioral-Cloning-P3/data_hard/IMG/right_2017_04_28_18_33_02_818.jpg,-0.06015037,0,0,16.2932
/home/esteve/self-driving-ND/CarND-Behavioral-Cloning-P3/data_hard/IMG/center_2017_04_28_18_33_02_890.jpg,/home/esteve/self-driving-ND/CarND-Behavioral-Cloning-P3/data_hard/IMG/left_2017_04_28_18_33_02_890.jpg,/home/esteve/self-driving-ND/CarND-Behavioral-Cloning-P3/data_hard/IMG/right_2017_04_28_18_33_02_890.jpg,0.03759398,0,0,16.1608
/home/esteve/self-driving-ND/CarND-Behavioral-Cloning-P3/data_hard/IMG/center_2017_04_28_18_33_02_958.jpg,/home/esteve/self-driving-ND/CarND-Behavioral-Cloning-P3/data_hard/IMG/left_2017_04_28_18_33_02_958.jpg,/home/esteve/self-driving-ND/CarND-Behavioral-Cloning-P3/data_hard/IMG/right_2017_04_28_18_33_02_958.jpg,0.1428571,0,0,15.82212
/home/esteve/self-driving-ND/CarND-Behavioral-Cloning-P3/data_hard/IMG/center_2017_04_28_18_33_03_059.jpg,/home/esteve/self-driving-ND/CarND-Behavioral-Cloning-P3/data_hard/IMG/left_2017_04_28_18_33_03_059.jpg,/home/esteve/self-driving-ND/CarND-Behavioral-Cloning-P3/data_hard/IMG/right_2017_04_28_18_33_03_059.jpg,0.1503759,0,0,15.88361
/home/esteve/self-driving-ND/CarND-Behavioral-Cloning-P3/data_hard/IMG/center_2017_04_28_18_33_03_146.jpg,/home/esteve/self-driving-ND/CarND-Behavioral-Cloning-P3/data_hard/IMG/left_2017_04_28_18_33_03_146.jpg,/home/esteve/self-driving-ND/CarND-Behavioral-Cloning-P3/data_hard/IMG/right_2017_04_28_18_33_03_146.jpg,0.1428571,0.2007451,0,15.79686
/home/esteve/self-driving-ND/CarND-Behavioral-Cloning-P3/data_hard/IMG/center_2017_04_28_18_33_03_207.jpg,/home/esteve/self-driving-ND/CarND-Behavioral-Cloning-P3/data_hard/IMG/left_2017_04_28_18_33_03_207.jpg,/home/esteve/self-driving-ND/CarND-Behavioral-Cloning-P3/data_hard/IMG/right_2017_04_28_18_33_03_207.jpg,0.1428571,0.4105647,0,15.95439
/home/esteve/self-driving-ND/CarND-Behavioral-Cloning-P3/data_hard/IMG/center_2017_04_28_18_33_03_292.jpg,/home/esteve/self-driving-ND/CarND-Behavioral-Cloning-P3/data_hard/IMG/left_2017_04_28_18_33_03_292.jpg,/home/esteve/self-driving-ND/CarND-Behavioral-Cloning-P3/data_hard/IMG/right_2017_04_28_18_33_03_292.jpg,0.1353384,0.6636479,0,16.33882
/home/esteve/self-driving-ND/CarND-Behavioral-Cloning-P3/data_hard/IMG/center_2017_04_28_18_33_03_384.jpg,/home/esteve/self-driving-ND/CarND-Behavioral-Cloning-P3/data_hard/IMG/left_2017_04_28_18_33_03_384.jpg,/home/esteve/self-driving-ND/CarND-Behavioral-Cloning-P3/data_hard/IMG/right_2017_04_28_18_33_03_384.jpg,0.1353384,0.9389398,0,17.11986
/home/esteve/self-driving-ND/CarND-Behavioral-Cloning-P3/data_hard/IMG/center_2017_04_28_18_33_03_468.jpg,/home/esteve/self-driving-ND/CarND-Behavioral-Cloning-P3/data_hard/IMG/left_2017_04_28_18_33_03_468.jpg,/home/esteve/self-driving-ND/CarND-Behavioral-Cloning-P3/data_hard/IMG/right_2017_04_28_18_33_03_468.jpg,0.1203007,0.7945855,0,17.86178
/home/esteve/self-driving-ND/CarND-Behavioral-Cloning-P3/data_hard/IMG/center_2017_04_28_18_33_03_559.jpg,/home/esteve/self-driving-ND/CarND-Behavioral-Cloning-P3/data_hard/IMG/left_2017_04_28_18_33_03_559.jpg,/home/esteve/self-driving-ND/CarND-Behavioral-Cloning-P3/data_hard/IMG/right_2017_04_28_18_33_03_559.jpg,0.04511278,0.5226116,0,18.35305
/home/esteve/self-driving-ND/CarND-Behavioral-Cloning-P3/data_hard/IMG/center_2017_04_28_18_33_03_627.jpg,/home/esteve/self-driving-ND/CarND-Behavioral-Cloning-P3/data_hard/IMG/left_2017_04_28_18_33_03_627.jpg,/home/esteve/self-driving-ND/CarND-Behavioral-Cloning-P3/data_hard/IMG/right_2017_04_28_18_33_03_627.jpg,-0.01503759,0.3182967,0,18.57792
/home/esteve/self-driving-ND/CarND-Behavioral-Cloning-P3/data_hard/IMG/center_2017_04_28_18_33_03_710.jpg,/home/esteve/self-driving-ND/CarND-Behavioral-Cloning-P3/data_hard/IMG/left_2017_04_28_18_33_03_710.jpg,/home/esteve/self-driving-ND/CarND-Behavioral-Cloning-P3/data_hard/IMG/right_2017_04_28_18_33_03_710.jpg,-0.05263158,0.06733418,0,18.61949
/home/esteve/self-driving-ND/CarND-Behavioral-Cloning-P3/data_hard/IMG/center_2017_04_28_18_33_03_781.jpg,/home/esteve/self-driving-ND/CarND-Behavioral-Cloning-P3/data_hard/IMG/left_2017_04_28_18_33_03_781.jpg,/home/esteve/self-driving-ND/CarND-Behavioral-Cloning-P3/data_hard/IMG/right_2017_04_28_18_33_03_781.jpg,-0.06015037,0.2796257,0,18.643
/home/esteve/self-driving-ND/CarND-Behavioral-Cloning-P3/data_hard/IMG/center_2017_04_28_18_33_03_853.jpg,/home/esteve/self-driving-ND/CarND-Behavioral-Cloning-P3/data_hard/IMG/left_2017_04_28_18_33_03_853.jpg,/home/esteve/self-driving-ND/CarND-Behavioral-Cloning-P3/data_hard/IMG/right_2017_04_28_18_33_03_853.jpg,-0.07518797,0.4945192,0,18.86357
/home/esteve/self-driving-ND/CarND-Behavioral-Cloning-P3/data_hard/IMG/center_2017_04_28_18_33_03_944.jpg,/home/esteve/self-driving-ND/CarND-Behavioral-Cloning-P3/data_hard/IMG/left_2017_04_28_18_33_03_944.jpg,/home/esteve/self-driving-ND/CarND-Behavioral-Cloning-P3/data_hard/IMG/right_2017_04_28_18_33_03_944.jpg,-0.112782,0.3516498,0,19.21883
/home/esteve/self-driving-ND/CarND-Behavioral-Cloning-P3/data_hard/IMG/center_2017_04_28_18_33_04_030.jpg,/home/esteve/self-driving-ND/CarND-Behavioral-Cloning-P3/data_hard/IMG/left_2017_04_28_18_33_04_030.jpg,/home/esteve/self-driving-ND/CarND-Behavioral-Cloning-P3/data_hard/IMG/right_2017_04_28_18_33_04_030.jpg,-0.1503759,0.09057784,0,19.2807
/home/esteve/self-driving-ND/CarND-Behavioral-Cloning-P3/data_hard/IMG/center_2017_04_28_18_33_04_114.jpg,/home/esteve/self-driving-ND/CarND-Behavioral-Cloning-P3/data_hard/IMG/left_2017_04_28_18_33_04_114.jpg,/home/esteve/self-driving-ND/CarND-Behavioral-Cloning-P3/data_hard/IMG/right_2017_04_28_18_33_04_114.jpg,-0.1804511,0,0,19.13572
/home/esteve/self-driving-ND/CarND-Behavioral-Cloning-P3/data_hard/IMG/center_2017_04_28_18_33_04_183.jpg,/home/esteve/self-driving-ND/CarND-Behavioral-Cloning-P3/data_hard/IMG/left_2017_04_28_18_33_04_183.jpg,/home/esteve/self-driving-ND/CarND-Behavioral-Cloning-P3/data_hard/IMG/right_2017_04_28_18_33_04_183.jpg,-0.2105263,0,0,18.97525
/home/esteve/self-driving-ND/CarND-Behavioral-Cloning-P3/data_hard/IMG/center_2017_04_28_18_33_04_268.jpg,/home/esteve/self-driving-ND/CarND-Behavioral-Cloning-P3/data_hard/IMG/left_2017_04_28_18_33_04_268.jpg,/home/esteve/self-driving-ND/CarND-Behavioral-Cloning-P3/data_hard/IMG/right_2017_04_28_18_33_04_268.jpg,-0.2330827,0,0,18.81887
/home/esteve/self-driving-ND/CarND-Behavioral-Cloning-P3/data_hard/IMG/center_2017_04_28_18_33_04_351.jpg,/home/esteve/self-driving-ND/CarND-Behavioral-Cloning-P3/data_hard/IMG/left_2017_04_28_18_33_04_351.jpg,/home/esteve/self-driving-ND/CarND-Behavioral-Cloning-P3/data_hard/IMG/right_2017_04_28_18_33_04_351.jpg,-0.2406015,0,0,18.67153
/home/esteve/self-driving-ND/CarND-Behavioral-Cloning-P3/data_hard/IMG/center_2017_04_28_18_33_04_438.jpg,/home/esteve/self-driving-ND/CarND-Behavioral-Cloning-P3/data_hard/IMG/left_2017_04_28_18_33_04_438.jpg,/home/esteve/self-driving-ND/CarND-Behavioral-Cloning-P3/data_hard/IMG/right_2017_04_28_18_33_04_438.jpg,-0.2481203,0,0,18.55068
/home/esteve/self-driving-ND/CarND-Behavioral-Cloning-P3/data_hard/IMG/center_2017_04_28_18_33_04_523.jpg,/home/esteve/self-driving-ND/CarND-Behavioral-Cloning-P3/data_hard/IMG/left_2017_04_28_18_33_04_523.jpg,/home/esteve/self-driving-ND/CarND-Behavioral-Cloning-P3/data_hard/IMG/right_2017_04_28_18_33_04_523.jpg,-0.2556391,0,0,18.37524
/home/esteve/self-driving-ND/CarND-Behavioral-Cloning-P3/data_hard/IMG/center_2017_04_28_18_33_04_606.jpg,/home/esteve/self-driving-ND/CarND-Behavioral-Cloning-P3/data_hard/IMG/left_2017_04_28_18_33_04_606.jpg,/home/esteve/self-driving-ND/CarND-Behavioral-Cloning-P3/data_hard/IMG/right_2017_04_28_18_33_04_606.jpg,-0.2556391,0,0,18.2469
/home/esteve/self-driving-ND/CarND-Behavioral-Cloning-P3/data_hard/IMG/center_2017_04_28_18_33_04_695.jpg,/home/esteve/self-driving-ND/CarND-Behavioral-Cloning-P3/data_hard/IMG/left_2017_04_28_18_33_04_695.jpg,/home/esteve/self-driving-ND/CarND-Behavioral-Cloning-P3/data_hard/IMG/right_2017_04_28_18_33_04_695.jpg,-0.2556391,0,0,18.02461
/home/esteve/self-driving-ND/CarND-Behavioral-Cloning-P3/data_hard/IMG/center_2017_04_28_18_33_04_771.jpg,/home/esteve/self-driving-ND/CarND-Behavioral-Cloning-P3/data_hard/IMG/left_2017_04_28_18_33_04_771.jpg,/home/esteve/self-driving-ND/CarND-Behavioral-Cloning-P3/data_hard/IMG/right_2017_04_28_18_33_04_771.jpg,-0.2556391,0,0,17.91852
/home/esteve/self-driving-ND/CarND-Behavioral-Cloning-P3/data_hard/IMG/center_2017_04_28_18_33_04_858.jpg,/home/esteve/self-driving-ND/CarND-Behavioral-Cloning-P3/data_hard/IMG/left_2017_04_28_18_33_04_858.jpg,/home/esteve/self-driving-ND/CarND-Behavioral-Cloning-P3/data_hard/IMG/right_2017_04_28_18_33_04_858.jpg,-0.2556391,0,0,18.03769
/home/esteve/self-driving-ND/CarND-Behavioral-Cloning-P3/data_hard/IMG/center_2017_04_28_18_33_04_926.jpg,/home/esteve/self-driving-ND/CarND-Behavioral-Cloning-P3/data_hard/IMG/left_2017_04_28_18_33_04_926.jpg,/home/esteve/self-driving-ND/CarND-Behavioral-Cloning-P3/data_hard/IMG/right_2017_04_28_18_33_04_926.jpg,-0.2556391,0,0,17.95806
/home/esteve/self-driving-ND/CarND-Behavioral-Cloning-P3/data_hard/IMG/center_2017_04_28_18_33_05_010.jpg,/home/esteve/self-driving-ND/CarND-Behavioral-Cloning-P3/data_hard/IMG/left_2017_04_28_18_33_05_010.jpg,/home/esteve/self-driving-ND/CarND-Behavioral-Cloning-P3/data_hard/IMG/right_2017_04_28_18_33_05_010.jpg,-0.2556391,0.19695,0,18.00826
/home/esteve/self-driving-ND/CarND-Behavioral-Cloning-P3/data_hard/IMG/center_2017_04_28_18_33_05_100.jpg,/home/esteve/self-driving-ND/CarND-Behavioral-Cloning-P3/data_hard/IMG/left_2017_04_28_18_33_05_100.jpg,/home/esteve/self-driving-ND/CarND-Behavioral-Cloning-P3/data_hard/IMG/right_2017_04_28_18_33_05_100.jpg,-0.2556391,0.4654713,0,18.26167
/home/esteve/self-driving-ND/CarND-Behavioral-Cloning-P3/data_hard/IMG/center_2017_04_28_18_33_05_184.jpg,/home/esteve/self-driving-ND/CarND-Behavioral-Cloning-P3/data_hard/IMG/left_2017_04_28_18_33_05_184.jpg,/home/esteve/self-driving-ND/CarND-Behavioral-Cloning-P3/data_hard/IMG/right_2017_04_28_18_33_05_184.jpg,-0.2556391,0.3246424,0,19.0367
/home/esteve/self-driving-ND/CarND-Behavioral-Cloning-P3/data_hard/IMG/center_2017_04_28_18_33_05_270.jpg,/home/esteve/self-driving-ND/CarND-Behavioral-Cloning-P3/data_hard/IMG/left_2017_04_28_18_33_05_270.jpg,/home/esteve/self-driving-ND/CarND-Behavioral-Cloning-P3/data_hard/IMG/right_2017_04_28_18_33_05_270.jpg,-0.2556391,0.06720042,0,19.31218
/home/esteve/self-driving-ND/CarND-Behavioral-Cloning-P3/data_hard/IMG/center_2017_04_28_18_33_05_360.jpg,/home/esteve/self-driving-ND/CarND-Behavioral-Cloning-P3/data_hard/IMG/left_2017_04_28_18_33_05_360.jpg,/home/esteve/self-driving-ND/CarND-Behavioral-Cloning-P3/data_hard/IMG/right_2017_04_28_18_33_05_360.jpg,-0.2556391,0,0,19.33773
/home/esteve/self-driving-ND/CarND-Behavioral-Cloning-P3/data_hard/IMG/center_2017_04_28_18_33_05_443.jpg,/home/esteve/self-driving-ND/CarND-Behavioral-Cloning-P3/data_hard/IMG/left_2017_04_28_18_33_05_443.jpg,/home/esteve/self-driving-ND/CarND-Behavioral-Cloning-P3/data_hard/IMG/right_2017_04_28_18_33_05_443.jpg,-0.2556391,0.1957855,0,19.41041
/home/esteve/self-driving-ND/CarND-Behavioral-Cloning-P3/data_hard/IMG/center_2017_04_28_18_33_05_527.jpg,/home/esteve/self-driving-ND/CarND-Behavioral-Cloning-P3/data_hard/IMG/left_2017_04_28_18_33_05_527.jpg,/home/esteve/self-driving-ND/CarND-Behavioral-Cloning-P3/data_hard/IMG/right_2017_04_28_18_33_05_527.jpg,-0.2556391,0.4496069,0,19.80467
/home/esteve/self-driving-ND/CarND-Behavioral-Cloning-P3/data_hard/IMG/center_2017_04_28_18_33_05_617.jpg,/home/esteve/self-driving-ND/CarND-Behavioral-Cloning-P3/data_hard/IMG/left_2017_04_28_18_33_05_617.jpg,/home/esteve/self-driving-ND/CarND-Behavioral-Cloning-P3/data_hard/IMG/right_2017_04_28_18_33_05_617.jpg,-0.2556391,0.7180409,0,20.50964
/home/esteve/self-driving-ND/CarND-Behavioral-Cloning-P3/data_hard/IMG/center_2017_04_28_18_33_05_700.jpg,/home/esteve/self-driving-ND/CarND-Behavioral-Cloning-P3/data_hard/IMG/left_2017_04_28_18_33_05_700.jpg,/home/esteve/self-driving-ND/CarND-Behavioral-Cloning-P3/data_hard/IMG/right_2017_04_28_18_33_05_700.jpg,-0.2556391,0.9136677,0,21.49223
/home/esteve/self-driving-ND/CarND-Behavioral-Cloning-P3/data_hard/IMG/center_2017_04_28_18_33_05_769.jpg,/home/esteve/self-driving-ND/CarND-Behavioral-Cloning-P3/data_hard/IMG/left_2017_04_28_18_33_05_769.jpg,/home/esteve/self-driving-ND/CarND-Behavioral-Cloning-P3/data_hard/IMG/right_2017_04_28_18_33_05_769.jpg,-0.2556391,0.9358208,0,22.60602
/home/esteve/self-driving-ND/CarND-Behavioral-Cloning-P3/data_hard/IMG/center_2017_04_28_18_33_05_839.jpg,/home/esteve/self-driving-ND/CarND-Behavioral-Cloning-P3/data_hard/IMG/left_2017_04_28_18_33_05_839.jpg,/home/esteve/self-driving-ND/CarND-Behavioral-Cloning-P3/data_hard/IMG/right_2017_04_28_18_33_05_839.jpg,-0.2556391,0.72454,0,23.27122
/home/esteve/self-driving-ND/CarND-Behavioral-Cloning-P3/data_hard/IMG/center_2017_04_28_18_33_05_910.jpg,/home/esteve/self-driving-ND/CarND-Behavioral-Cloning-P3/data_hard/IMG/left_2017_04_28_18_33_05_910.jpg,/home/esteve/self-driving-ND/CarND-Behavioral-Cloning-P3/data_hard/IMG/right_2017_04_28_18_33_05_910.jpg,-0.2556391,0.5112193,0,24.01314
/home/esteve/self-driving-ND/CarND-Behavioral-Cloning-P3/data_hard/IMG/center_2017_04_28_18_33_05_994.jpg,/home/esteve/self-driving-ND/CarND-Behavioral-Cloning-P3/data_hard/IMG/left_2017_04_28_18_33_05_994.jpg,/home/esteve/self-driving-ND/CarND-Behavioral-Cloning-P3/data_hard/IMG/right_2017_04_28_18_33_05_994.jpg,-0.2556391,0.2589314,0,24.55544
/home/esteve/self-driving-ND/CarND-Behavioral-Cloning-P3/data_hard/IMG/center_2017_04_28_18_33_06_085.jpg,/home/esteve/self-driving-ND/CarND-Behavioral-Cloning-P3/data_hard/IMG/left_2017_04_28_18_33_06_085.jpg,/home/esteve/self-driving-ND/CarND-Behavioral-Cloning-P3/data_hard/IMG/right_2017_04_28_18_33_06_085.jpg,-0.2556391,0,0,24.83573
/home/esteve/self-driving-ND/CarND-Behavioral-Cloning-P3/data_hard/IMG/center_2017_04_28_18_33_06_168.jpg,/home/esteve/self-driving-ND/CarND-Behavioral-Cloning-P3/data_hard/IMG/left_2017_04_28_18_33_06_168.jpg,/home/esteve/self-driving-ND/CarND-Behavioral-Cloning-P3/data_hard/IMG/right_2017_04_28_18_33_06_168.jpg,-0.2631579,0,0,24.98162
/home/esteve/self-driving-ND/CarND-Behavioral-Cloning-P3/data_hard/IMG/center_2017_04_28_18_33_06_252.jpg,/home/esteve/self-driving-ND/CarND-Behavioral-Cloning-P3/data_hard/IMG/left_2017_04_28_18_33_06_252.jpg,/home/esteve/self-driving-ND/CarND-Behavioral-Cloning-P3/data_hard/IMG/right_2017_04_28_18_33_06_252.jpg,-0.2631579,0,0,25.14893
/home/esteve/self-driving-ND/CarND-Behavioral-Cloning-P3/data_hard/IMG/center_2017_04_28_18_33_06_342.jpg,/home/esteve/self-driving-ND/CarND-Behavioral-Cloning-P3/data_hard/IMG/left_2017_04_28_18_33_06_342.jpg,/home/esteve/self-driving-ND/CarND-Behavioral-Cloning-P3/data_hard/IMG/right_2017_04_28_18_33_06_342.jpg,-0.2631579,0,0,25.27501
/home/esteve/self-driving-ND/CarND-Behavioral-Cloning-P3/data_hard/IMG/center_2017_04_28_18_33_06_425.jpg,/home/esteve/self-driving-ND/CarND-Behavioral-Cloning-P3/data_hard/IMG/left_2017_04_28_18_33_06_425.jpg,/home/esteve/self-driving-ND/CarND-Behavioral-Cloning-P3/data_hard/IMG/right_2017_04_28_18_33_06_425.jpg,-0.2631579,0,0,25.46658
/home/esteve/self-driving-ND/CarND-Behavioral-Cloning-P3/data_hard/IMG/center_2017_04_28_18_33_06_511.jpg,/home/esteve/self-driving-ND/CarND-Behavioral-Cloning-P3/data_hard/IMG/left_2017_04_28_18_33_06_511.jpg,/home/esteve/self-driving-ND/CarND-Behavioral-Cloning-P3/data_hard/IMG/right_2017_04_28_18_33_06_511.jpg,-0.2706767,0,0,25.62836
/home/esteve/self-driving-ND/CarND-Behavioral-Cloning-P3/data_hard/IMG/center_2017_04_28_18_33_06_601.jpg,/home/esteve/self-driving-ND/CarND-Behavioral-Cloning-P3/data_hard/IMG/left_2017_04_28_18_33_06_601.jpg,/home/esteve/self-driving-ND/CarND-Behavioral-Cloning-P3/data_hard/IMG/right_2017_04_28_18_33_06_601.jpg,-0.2857143,0,0,25.73116
/home/esteve/self-driving-ND/CarND-Behavioral-Cloning-P3/data_hard/IMG/center_2017_04_28_18_33_06_686.jpg,/home/esteve/self-driving-ND/CarND-Behavioral-Cloning-P3/data_hard/IMG/left_2017_04_28_18_33_06_686.jpg,/home/esteve/self-driving-ND/CarND-Behavioral-Cloning-P3/data_hard/IMG/right_2017_04_28_18_33_06_686.jpg,-0.2932331,0,0,25.90697
/home/esteve/self-driving-ND/CarND-Behavioral-Cloning-P3/data_hard/IMG/center_2017_04_28_18_33_06_777.jpg,/home/esteve/self-driving-ND/CarND-Behavioral-Cloning-P3/data_hard/IMG/left_2017_04_28_18_33_06_777.jpg,/home/esteve/self-driving-ND/CarND-Behavioral-Cloning-P3/data_hard/IMG/right_2017_04_28_18_33_06_777.jpg,-0.2932331,0,0,26.01501
/home/esteve/self-driving-ND/CarND-Behavioral-Cloning-P3/data_hard/IMG/center_2017_04_28_18_33_06_864.jpg,/home/esteve/self-driving-ND/CarND-Behavioral-Cloning-P3/data_hard/IMG/left_2017_04_28_18_33_06_864.jpg,/home/esteve/self-driving-ND/CarND-Behavioral-Cloning-P3/data_hard/IMG/right_2017_04_28_18_33_06_864.jpg,-0.2932331,0,0,26.12613
/home/esteve/self-driving-ND/CarND-Behavioral-Cloning-P3/data_hard/IMG/center_2017_04_28_18_33_06_946.jpg,/home/esteve/self-driving-ND/CarND-Behavioral-Cloning-P3/data_hard/IMG/left_2017_04_28_18_33_06_946.jpg,/home/esteve/self-driving-ND/CarND-Behavioral-Cloning-P3/data_hard/IMG/right_2017_04_28_18_33_06_946.jpg,-0.2706767,0,0,26.25315
/home/esteve/self-driving-ND/CarND-Behavioral-Cloning-P3/data_hard/IMG/center_2017_04_28_18_33_07_031.jpg,/home/esteve/self-driving-ND/CarND-Behavioral-Cloning-P3/data_hard/IMG/left_2017_04_28_18_33_07_031.jpg,/home/esteve/self-driving-ND/CarND-Behavioral-Cloning-P3/data_hard/IMG/right_2017_04_28_18_33_07_031.jpg,-0.2030075,0,0,26.29904
/home/esteve/self-driving-ND/CarND-Behavioral-Cloning-P3/data_hard/IMG/center_2017_04_28_18_33_07_113.jpg,/home/esteve/self-driving-ND/CarND-Behavioral-Cloning-P3/data_hard/IMG/left_2017_04_28_18_33_07_113.jpg,/home/esteve/self-driving-ND/CarND-Behavioral-Cloning-P3/data_hard/IMG/right_2017_04_28_18_33_07_113.jpg,-0.1729323,0,0,26.35443
/home/esteve/self-driving-ND/CarND-Behavioral-Cloning-P3/data_hard/IMG/center_2017_04_28_18_33_07_198.jpg,/home/esteve/self-driving-ND/CarND-Behavioral-Cloning-P3/data_hard/IMG/left_2017_04_28_18_33_07_198.jpg,/home/esteve/self-driving-ND/CarND-Behavioral-Cloning-P3/data_hard/IMG/right_2017_04_28_18_33_07_198.jpg,-0.1729323,0,0,26.43283
/home/esteve/self-driving-ND/CarND-Behavioral-Cloning-P3/data_hard/IMG/center_2017_04_28_18_33_07_280.jpg,/home/esteve/self-driving-ND/CarND-Behavioral-Cloning-P3/data_hard/IMG/left_2017_04_28_18_33_07_280.jpg,/home/esteve/self-driving-ND/CarND-Behavioral-Cloning-P3/data_hard/IMG/right_2017_04_28_18_33_07_280.jpg,-0.1729323,0,0,26.38785
/home/esteve/self-driving-ND/CarND-Behavioral-Cloning-P3/data_hard/IMG/center_2017_04_28_18_33_07_361.jpg,/home/esteve/self-driving-ND/CarND-Behavioral-Cloning-P3/data_hard/IMG/left_2017_04_28_18_33_07_361.jpg,/home/esteve/self-driving-ND/CarND-Behavioral-Cloning-P3/data_hard/IMG/right_2017_04_28_18_33_07_361.jpg,-0.1729323,0,0,26.37281
/home/esteve/self-driving-ND/CarND-Behavioral-Cloning-P3/data_hard/IMG/center_2017_04_28_18_33_07_441.jpg,/home/esteve/self-driving-ND/CarND-Behavioral-Cloning-P3/data_hard/IMG/left_2017_04_28_18_33_07_441.jpg,/home/esteve/self-driving-ND/CarND-Behavioral-Cloning-P3/data_hard/IMG/right_2017_04_28_18_33_07_441.jpg,-0.1729323,0,0,26.37443
/home/esteve/self-driving-ND/CarND-Behavioral-Cloning-P3/data_hard/IMG/center_2017_04_28_18_33_07_526.jpg,/home/esteve/self-driving-ND/CarND-Behavioral-Cloning-P3/data_hard/IMG/left_2017_04_28_18_33_07_526.jpg,/home/esteve/self-driving-ND/CarND-Behavioral-Cloning-P3/data_hard/IMG/right_2017_04_28_18_33_07_526.jpg,-0.1729323,0,0,26.19672
/home/esteve/self-driving-ND/CarND-Behavioral-Cloning-P3/data_hard/IMG/center_2017_04_28_18_33_07_609.jpg,/home/esteve/self-driving-ND/CarND-Behavioral-Cloning-P3/data_hard/IMG/left_2017_04_28_18_33_07_609.jpg,/home/esteve/self-driving-ND/CarND-Behavioral-Cloning-P3/data_hard/IMG/right_2017_04_28_18_33_07_609.jpg,-0.1729323,0,0,26.09052
/home/esteve/self-driving-ND/CarND-Behavioral-Cloning-P3/data_hard/IMG/center_2017_04_28_18_33_07_695.jpg,/home/esteve/self-driving-ND/CarND-Behavioral-Cloning-P3/data_hard/IMG/left_2017_04_28_18_33_07_695.jpg,/home/esteve/self-driving-ND/CarND-Behavioral-Cloning-P3/data_hard/IMG/right_2017_04_28_18_33_07_695.jpg,-0.1052632,0,0,25.98027
/home/esteve/self-driving-ND/CarND-Behavioral-Cloning-P3/data_hard/IMG/center_2017_04_28_18_33_07_784.jpg,/home/esteve/self-driving-ND/CarND-Behavioral-Cloning-P3/data_hard/IMG/left_2017_04_28_18_33_07_784.jpg,/home/esteve/self-driving-ND/CarND-Behavioral-Cloning-P3/data_hard/IMG/right_2017_04_28_18_33_07_784.jpg,-0.01503759,0,0,25.74021
/home/esteve/self-driving-ND/CarND-Behavioral-Cloning-P3/data_hard/IMG/center_2017_04_28_18_33_07_851.jpg,/home/esteve/self-driving-ND/CarND-Behavioral-Cloning-P3/data_hard/IMG/left_2017_04_28_18_33_07_851.jpg,/home/esteve/self-driving-ND/CarND-Behavioral-Cloning-P3/data_hard/IMG/right_2017_04_28_18_33_07_851.jpg,-0.007518797,0,0,25.60546
/home/esteve/self-driving-ND/CarND-Behavioral-Cloning-P3/data_hard/IMG/center_2017_04_28_18_33_07_933.jpg,/home/esteve/self-driving-ND/CarND-Behavioral-Cloning-P3/data_hard/IMG/left_2017_04_28_18_33_07_933.jpg,/home/esteve/self-driving-ND/CarND-Behavioral-Cloning-P3/data_hard/IMG/right_2017_04_28_18_33_07_933.jpg,0.04511278,0,0,25.42448
/home/esteve/self-driving-ND/CarND-Behavioral-Cloning-P3/data_hard/IMG/center_2017_04_28_18_33_08_016.jpg,/home/esteve/self-driving-ND/CarND-Behavioral-Cloning-P3/data_hard/IMG/left_2017_04_28_18_33_08_016.jpg,/home/esteve/self-driving-ND/CarND-Behavioral-Cloning-P3/data_hard/IMG/right_2017_04_28_18_33_08_016.jpg,0.1203007,0,0,25.21464
/home/esteve/self-driving-ND/CarND-Behavioral-Cloning-P3/data_hard/IMG/center_2017_04_28_18_33_08_099.jpg,/home/esteve/self-driving-ND/CarND-Behavioral-Cloning-P3/data_hard/IMG/left_2017_04_28_18_33_08_099.jpg,/home/esteve/self-driving-ND/CarND-Behavioral-Cloning-P3/data_hard/IMG/right_2017_04_28_18_33_08_099.jpg,0.1729323,0,0,24.99801
/home/esteve/self-driving-ND/CarND-Behavioral-Cloning-P3/data_hard/IMG/center_2017_04_28_18_33_08_181.jpg,/home/esteve/self-driving-ND/CarND-Behavioral-Cloning-P3/data_hard/IMG/left_2017_04_28_18_33_08_181.jpg,/home/esteve/self-driving-ND/CarND-Behavioral-Cloning-P3/data_hard/IMG/right_2017_04_28_18_33_08_181.jpg,0.2556391,0,0,24.77132
/home/esteve/self-driving-ND/CarND-Behavioral-Cloning-P3/data_hard/IMG/center_2017_04_28_18_33_08_260.jpg,/home/esteve/self-driving-ND/CarND-Behavioral-Cloning-P3/data_hard/IMG/left_2017_04_28_18_33_08_260.jpg,/home/esteve/self-driving-ND/CarND-Behavioral-Cloning-P3/data_hard/IMG/right_2017_04_28_18_33_08_260.jpg,0.3759399,0,0,24.51554
/home/esteve/self-driving-ND/CarND-Behavioral-Cloning-P3/data_hard/IMG/center_2017_04_28_18_33_08_342.jpg,/home/esteve/self-driving-ND/CarND-Behavioral-Cloning-P3/data_hard/IMG/left_2017_04_28_18_33_08_342.jpg,/home/esteve/self-driving-ND/CarND-Behavioral-Cloning-P3/data_hard/IMG/right_2017_04_28_18_33_08_342.jpg,0.3909774,0,0,24.26793
/home/esteve/self-driving-ND/CarND-Behavioral-Cloning-P3/data_hard/IMG/center_2017_04_28_18_33_08_423.jpg,/home/esteve/self-driving-ND/CarND-Behavioral-Cloning-P3/data_hard/IMG/left_2017_04_28_18_33_08_423.jpg,/home/esteve/self-driving-ND/CarND-Behavioral-Cloning-P3/data_hard/IMG/right_2017_04_28_18_33_08_423.jpg,0.3759399,0,0,23.99573
/home/esteve/self-driving-ND/CarND-Behavioral-Cloning-P3/data_hard/IMG/center_2017_04_28_18_33_08_503.jpg,/home/esteve/self-driving-ND/CarND-Behavioral-Cloning-P3/data_hard/IMG/left_2017_04_28_18_33_08_503.jpg,/home/esteve/self-driving-ND/CarND-Behavioral-Cloning-P3/data_hard/IMG/right_2017_04_28_18_33_08_503.jpg,0.3007519,0,0,23.80452
/home/esteve/self-driving-ND/CarND-Behavioral-Cloning-P3/data_hard/IMG/center_2017_04_28_18_33_08_584.jpg,/home/esteve/self-driving-ND/CarND-Behavioral-Cloning-P3/data_hard/IMG/left_2017_04_28_18_33_08_584.jpg,/home/esteve/self-driving-ND/CarND-Behavioral-Cloning-P3/data_hard/IMG/right_2017_04_28_18_33_08_584.jpg,0.2556391,0,0,23.62142
/home/esteve/self-driving-ND/CarND-Behavioral-Cloning-P3/data_hard/IMG/center_2017_04_28_18_33_08_662.jpg,/home/esteve/self-driving-ND/CarND-Behavioral-Cloning-P3/data_hard/IMG/left_2017_04_28_18_33_08_662.jpg,/home/esteve/self-driving-ND/CarND-Behavioral-Cloning-P3/data_hard/IMG/right_2017_04_28_18_33_08_662.jpg,0.2406015,0,0,23.48383
/home/esteve/self-driving-ND/CarND-Behavioral-Cloning-P3/data_hard/IMG/center_2017_04_28_18_33_08_746.jpg,/home/esteve/self-driving-ND/CarND-Behavioral-Cloning-P3/data_hard/IMG/left_2017_04_28_18_33_08_746.jpg,/home/esteve/self-driving-ND/CarND-Behavioral-Cloning-P3/data_hard/IMG/right_2017_04_28_18_33_08_746.jpg,0.2105263,0,0,23.25548
/home/esteve/self-driving-ND/CarND-Behavioral-Cloning-P3/data_hard/IMG/center_2017_04_28_18_33_08_834.jpg,/home/esteve/self-driving-ND/CarND-Behavioral-Cloning-P3/data_hard/IMG/left_2017_04_28_18_33_08_834.jpg,/home/esteve/self-driving-ND/CarND-Behavioral-Cloning-P3/data_hard/IMG/right_2017_04_28_18_33_08_834.jpg,0.2406015,0,0,23.07052
/home/esteve/self-driving-ND/CarND-Behavioral-Cloning-P3/data_hard/IMG/center_2017_04_28_18_33_08_918.jpg,/home/esteve/self-driving-ND/CarND-Behavioral-Cloning-P3/data_hard/IMG/left_2017_04_28_18_33_08_918.jpg,/home/esteve/self-driving-ND/CarND-Behavioral-Cloning-P3/data_hard/IMG/right_2017_04_28_18_33_08_918.jpg,0.2932331,0,0,22.87331
/home/esteve/self-driving-ND/CarND-Behavioral-Cloning-P3/data_hard/IMG/center_2017_04_28_18_33_08_998.jpg,/home/esteve/self-driving-ND/CarND-Behavioral-Cloning-P3/data_hard/IMG/left_2017_04_28_18_33_08_998.jpg,/home/esteve/self-driving-ND/CarND-Behavioral-Cloning-P3/data_hard/IMG/right_2017_04_28_18_33_08_998.jpg,0.368421,0,0,22.66483
/home/esteve/self-driving-ND/CarND-Behavioral-Cloning-P3/data_hard/IMG/center_2017_04_28_18_33_09_078.jpg,/home/esteve/self-driving-ND/CarND-Behavioral-Cloning-P3/data_hard/IMG/left_2017_04_28_18_33_09_078.jpg,/home/esteve/self-driving-ND/CarND-Behavioral-Cloning-P3/data_hard/IMG/right_2017_04_28_18_33_09_078.jpg,0.4360902,0,0,22.43867
/home/esteve/self-driving-ND/CarND-Behavioral-Cloning-P3/data_hard/IMG/center_2017_04_28_18_33_09_159.jpg,/home/esteve/self-driving-ND/CarND-Behavioral-Cloning-P3/data_hard/IMG/left_2017_04_28_18_33_09_159.jpg,/home/esteve/self-driving-ND/CarND-Behavioral-Cloning-P3/data_hard/IMG/right_2017_04_28_18_33_09_159.jpg,0.4436091,0,0,22.22926
/home/esteve/self-driving-ND/CarND-Behavioral-Cloning-P3/data_hard/IMG/center_2017_04_28_18_33_09_237.jpg,/home/esteve/self-driving-ND/CarND-Behavioral-Cloning-P3/data_hard/IMG/left_2017_04_28_18_33_09_237.jpg,/home/esteve/self-driving-ND/CarND-Behavioral-Cloning-P3/data_hard/IMG/right_2017_04_28_18_33_09_237.jpg,0.4436091,0,0,22.03167
/home/esteve/self-driving-ND/CarND-Behavioral-Cloning-P3/data_hard/IMG/center_2017_04_28_18_33_09_317.jpg,/home/esteve/self-driving-ND/CarND-Behavioral-Cloning-P3/data_hard/IMG/left_2017_04_28_18_33_09_317.jpg,/home/esteve/self-driving-ND/CarND-Behavioral-Cloning-P3/data_hard/IMG/right_2017_04_28_18_33_09_317.jpg,0.4360902,0,0,21.84419
/home/esteve/self-driving-ND/CarND-Behavioral-Cloning-P3/data_hard/IMG/center_2017_04_28_18_33_09_398.jpg,/home/esteve/self-driving-ND/CarND-Behavioral-Cloning-P3/data_hard/IMG/left_2017_04_28_18_33_09_398.jpg,/home/esteve/self-driving-ND/CarND-Behavioral-Cloning-P3/data_hard/IMG/right_2017_04_28_18_33_09_398.jpg,0.4360902,0,0,21.66115
/home/esteve/self-driving-ND/CarND-Behavioral-Cloning-P3/data_hard/IMG/center_2017_04_28_18_33_09_477.jpg,/home/esteve/self-driving-ND/CarND-Behavioral-Cloning-P3/data_hard/IMG/left_2017_04_28_18_33_09_477.jpg,/home/esteve/self-driving-ND/CarND-Behavioral-Cloning-P3/data_hard/IMG/right_2017_04_28_18_33_09_477.jpg,0.4360902,0,0,21.48063
/home/esteve/self-driving-ND/CarND-Behavioral-Cloning-P3/data_hard/IMG/center_2017_04_28_18_33_09_556.jpg,/home/esteve/self-driving-ND/CarND-Behavioral-Cloning-P3/data_hard/IMG/left_2017_04_28_18_33_09_556.jpg,/home/esteve/self-driving-ND/CarND-Behavioral-Cloning-P3/data_hard/IMG/right_2017_04_28_18_33_09_556.jpg,0.4360902,0,0,21.30219
/home/esteve/self-driving-ND/CarND-Behavioral-Cloning-P3/data_hard/IMG/center_2017_04_28_18_33_09_637.jpg,/home/esteve/self-driving-ND/CarND-Behavioral-Cloning-P3/data_hard/IMG/left_2017_04_28_18_33_09_637.jpg,/home/esteve/self-driving-ND/CarND-Behavioral-Cloning-P3/data_hard/IMG/right_2017_04_28_18_33_09_637.jpg,0.4360902,0.2429338,0,21.24354
/home/esteve/self-driving-ND/CarND-Behavioral-Cloning-P3/data_hard/IMG/center_2017_04_28_18_33_09_718.jpg,/home/esteve/self-driving-ND/CarND-Behavioral-Cloning-P3/data_hard/IMG/left_2017_04_28_18_33_09_718.jpg,/home/esteve/self-driving-ND/CarND-Behavioral-Cloning-P3/data_hard/IMG/right_2017_04_28_18_33_09_718.jpg,0.4360902,0.486366,0,21.42142
/home/esteve/self-driving-ND/CarND-Behavioral-Cloning-P3/data_hard/IMG/center_2017_04_28_18_33_09_801.jpg,/home/esteve/self-driving-ND/CarND-Behavioral-Cloning-P3/data_hard/IMG/left_2017_04_28_18_33_09_801.jpg,/home/esteve/self-driving-ND/CarND-Behavioral-Cloning-P3/data_hard/IMG/right_2017_04_28_18_33_09_801.jpg,0.4360902,0.7341478,0,21.8324
/home/esteve/self-driving-ND/CarND-Behavioral-Cloning-P3/data_hard/IMG/center_2017_04_28_18_33_09_890.jpg,/home/esteve/self-driving-ND/CarND-Behavioral-Cloning-P3/data_hard/IMG/left_2017_04_28_18_33_09_890.jpg,/home/esteve/self-driving-ND/CarND-Behavioral-Cloning-P3/data_hard/IMG/right_2017_04_28_18_33_09_890.jpg,0.4360902,0.6061342,0,22.49668
/home/esteve/self-driving-ND/CarND-Behavioral-Cloning-P3/data_hard/IMG/center_2017_04_28_18_33_09_973.jpg,/home/esteve/self-driving-ND/CarND-Behavioral-Cloning-P3/data_hard/IMG/left_2017_04_28_18_33_09_973.jpg,/home/esteve/self-driving-ND/CarND-Behavioral-Cloning-P3/data_hard/IMG/right_2017_04_28_18_33_09_973.jpg,0.4360902,0.3579626,0,22.78402
/home/esteve/self-driving-ND/CarND-Behavioral-Cloning-P3/data_hard/IMG/center_2017_04_28_18_33_10_053.jpg,/home/esteve/self-driving-ND/CarND-Behavioral-Cloning-P3/data_hard/IMG/left_2017_04_28_18_33_10_053.jpg,/home/esteve/self-driving-ND/CarND-Behavioral-Cloning-P3/data_hard/IMG/right_2017_04_28_18_33_10_053.jpg,0.4360902,0.1163785,0,22.83105
/home/esteve/self-driving-ND/CarND-Behavioral-Cloning-P3/data_hard/IMG/center_2017_04_28_18_33_10_134.jpg,/home/esteve/self-driving-ND/CarND-Behavioral-Cloning-P3/data_hard/IMG/left_2017_04_28_18_33_10_134.jpg,/home/esteve/self-driving-ND/CarND-Behavioral-Cloning-P3/data_hard/IMG/right_2017_04_28_18_33_10_134.jpg,0.4285714,0,0,22.67439
/home/esteve/self-driving-ND/CarND-Behavioral-Cloning-P3/data_hard/IMG/center_2017_04_28_18_33_10_216.jpg,/home/esteve/self-driving-ND/CarND-Behavioral-Cloning-P3/data_hard/IMG/left_2017_04_28_18_33_10_216.jpg,/home/esteve/self-driving-ND/CarND-Behavioral-Cloning-P3/data_hard/IMG/right_2017_04_28_18_33_10_216.jpg,0.2781955,0,0,22.50393
/home/esteve/self-driving-ND/CarND-Behavioral-Cloning-P3/data_hard/IMG/center_2017_04_28_18_33_10_293.jpg,/home/esteve/self-driving-ND/CarND-Behavioral-Cloning-P3/data_hard/IMG/left_2017_04_28_18_33_10_293.jpg,/home/esteve/self-driving-ND/CarND-Behavioral-Cloning-P3/data_hard/IMG/right_2017_04_28_18_33_10_293.jpg,0.2406015,0,0,22.3382
/home/esteve/self-driving-ND/CarND-Behavioral-Cloning-P3/data_hard/IMG/center_2017_04_28_18_33_10_375.jpg,/home/esteve/self-driving-ND/CarND-Behavioral-Cloning-P3/data_hard/IMG/left_2017_04_28_18_33_10_375.jpg,/home/esteve/self-driving-ND/CarND-Behavioral-Cloning-P3/data_hard/IMG/right_2017_04_28_18_33_10_375.jpg,0.2481203,0,0,22.16707
/home/esteve/self-driving-ND/CarND-Behavioral-Cloning-P3/data_hard/IMG/center_2017_04_28_18_33_10_458.jpg,/home/esteve/self-driving-ND/CarND-Behavioral-Cloning-P3/data_hard/IMG/left_2017_04_28_18_33_10_458.jpg,/home/esteve/self-driving-ND/CarND-Behavioral-Cloning-P3/data_hard/IMG/right_2017_04_28_18_33_10_458.jpg,0.3383459,0,0,21.98089
/home/esteve/self-driving-ND/CarND-Behavioral-Cloning-P3/data_hard/IMG/center_2017_04_28_18_33_10_540.jpg,/home/esteve/self-driving-ND/CarND-Behavioral-Cloning-P3/data_hard/IMG/left_2017_04_28_18_33_10_540.jpg,/home/esteve/self-driving-ND/CarND-Behavioral-Cloning-P3/data_hard/IMG/right_2017_04_28_18_33_10_540.jpg,0.3458647,0,0,21.78895
/home/esteve/self-driving-ND/CarND-Behavioral-Cloning-P3/data_hard/IMG/center_2017_04_28_18_33_10_624.jpg,/home/esteve/self-driving-ND/CarND-Behavioral-Cloning-P3/data_hard/IMG/left_2017_04_28_18_33_10_624.jpg,/home/esteve/self-driving-ND/CarND-Behavioral-Cloning-P3/data_hard/IMG/right_2017_04_28_18_33_10_624.jpg,0.2631579,0,0,21.58
/home/esteve/self-driving-ND/CarND-Behavioral-Cloning-P3/data_hard/IMG/center_2017_04_28_18_33_10_710.jpg,/home/esteve/self-driving-ND/CarND-Behavioral-Cloning-P3/data_hard/IMG/left_2017_04_28_18_33_10_710.jpg,/home/esteve/self-driving-ND/CarND-Behavioral-Cloning-P3/data_hard/IMG/right_2017_04_28_18_33_10_710.jpg,0.1578947,0,0,21.41983
/home/esteve/self-driving-ND/CarND-Behavioral-Cloning-P3/data_hard/IMG/center_2017_04_28_18_33_10_797.jpg,/home/esteve/self-driving-ND/CarND-Behavioral-Cloning-P3/data_hard/IMG/left_2017_04_28_18_33_10_797.jpg,/home/esteve/self-driving-ND/CarND-Behavioral-Cloning-P3/data_hard/IMG/right_2017_04_28_18_33_10_797.jpg,0.06766918,0,0,21.26178
/home/esteve/self-driving-ND/CarND-Behavioral-Cloning-P3/data_hard/IMG/center_2017_04_28_18_33_10_871.jpg,/home/esteve/self-driving-ND/CarND-Behavioral-Cloning-P3/data_hard/IMG/left_2017_04_28_18_33_10_871.jpg,/home/esteve/self-driving-ND/CarND-Behavioral-Cloning-P3/data_hard/IMG/right_2017_04_28_18_33_10_871.jpg,-0.07518797,0,0,21.10709
/home/esteve/self-driving-ND/CarND-Behavioral-Cloning-P3/data_hard/IMG/center_2017_04_28_18_33_10_953.jpg,/home/esteve/self-driving-ND/CarND-Behavioral-Cloning-P3/data_hard/IMG/left_2017_04_28_18_33_10_953.jpg,/home/esteve/self-driving-ND/CarND-Behavioral-Cloning-P3/data_hard/IMG/right_2017_04_28_18_33_10_953.jpg,-0.2105263,0,0,20.92175
/home/esteve/self-driving-ND/CarND-Behavioral-Cloning-P3/data_hard/IMG/center_2017_04_28_18_33_11_034.jpg,/home/esteve/self-driving-ND/CarND-Behavioral-Cloning-P3/data_hard/IMG/left_2017_04_28_18_33_11_034.jpg,/home/esteve/self-driving-ND/CarND-Behavioral-Cloning-P3/data_hard/IMG/right_2017_04_28_18_33_11_034.jpg,-0.2781955,0,0,20.71467
/home/esteve/self-driving-ND/CarND-Behavioral-Cloning-P3/data_hard/IMG/center_2017_04_28_18_33_11_118.jpg,/home/esteve/self-driving-ND/CarND-Behavioral-Cloning-P3/data_hard/IMG/left_2017_04_28_18_33_11_118.jpg,/home/esteve/self-driving-ND/CarND-Behavioral-Cloning-P3/data_hard/IMG/right_2017_04_28_18_33_11_118.jpg,-0.3233083,0,0,20.52639
/home/esteve/self-driving-ND/CarND-Behavioral-Cloning-P3/data_hard/IMG/center_2017_04_28_18_33_11_200.jpg,/home/esteve/self-driving-ND/CarND-Behavioral-Cloning-P3/data_hard/IMG/left_2017_04_28_18_33_11_200.jpg,/home/esteve/self-driving-ND/CarND-Behavioral-Cloning-P3/data_hard/IMG/right_2017_04_28_18_33_11_200.jpg,-0.3233083,0,0,20.38462
/home/esteve/self-driving-ND/CarND-Behavioral-Cloning-P3/data_hard/IMG/center_2017_04_28_18_33_11_284.jpg,/home/esteve/self-driving-ND/CarND-Behavioral-Cloning-P3/data_hard/IMG/left_2017_04_28_18_33_11_284.jpg,/home/esteve/self-driving-ND/CarND-Behavioral-Cloning-P3/data_hard/IMG/right_2017_04_28_18_33_11_284.jpg,-0.2857143,0,0,19.8585
/home/esteve/self-driving-ND/CarND-Behavioral-Cloning-P3/data_hard/IMG/center_2017_04_28_18_33_11_365.jpg,/home/esteve/self-driving-ND/CarND-Behavioral-Cloning-P3/data_hard/IMG/left_2017_04_28_18_33_11_365.jpg,/home/esteve/self-driving-ND/CarND-Behavioral-Cloning-P3/data_hard/IMG/right_2017_04_28_18_33_11_365.jpg,-0.2030075,0,0,19.69291
/home/esteve/self-driving-ND/CarND-Behavioral-Cloning-P3/data_hard/IMG/center_2017_04_28_18_33_11_447.jpg,/home/esteve/self-driving-ND/CarND-Behavioral-Cloning-P3/data_hard/IMG/left_2017_04_28_18_33_11_447.jpg,/home/esteve/self-driving-ND/CarND-Behavioral-Cloning-P3/data_hard/IMG/right_2017_04_28_18_33_11_447.jpg,-0.1203007,0,0,19.73809
/home/esteve/self-driving-ND/CarND-Behavioral-Cloning-P3/data_hard/IMG/center_2017_04_28_18_33_11_528.jpg,/home/esteve/self-driving-ND/CarND-Behavioral-Cloning-P3/data_hard/IMG/left_2017_04_28_18_33_11_528.jpg,/home/esteve/self-driving-ND/CarND-Behavioral-Cloning-P3/data_hard/IMG/right_2017_04_28_18_33_11_528.jpg,0.03007519,0,0,19.61019
/home/esteve/self-driving-ND/CarND-Behavioral-Cloning-P3/data_hard/IMG/center_2017_04_28_18_33_11_608.jpg,/home/esteve/self-driving-ND/CarND-Behavioral-Cloning-P3/data_hard/IMG/left_2017_04_28_18_33_11_608.jpg,/home/esteve/self-driving-ND/CarND-Behavioral-Cloning-P3/data_hard/IMG/right_2017_04_28_18_33_11_608.jpg,0.1503759,0,0,19.43402
/home/esteve/self-driving-ND/CarND-Behavioral-Cloning-P3/data_hard/IMG/center_2017_04_28_18_33_11_688.jpg,/home/esteve/self-driving-ND/CarND-Behavioral-Cloning-P3/data_hard/IMG/left_2017_04_28_18_33_11_688.jpg,/home/esteve/self-driving-ND/CarND-Behavioral-Cloning-P3/data_hard/IMG/right_2017_04_28_18_33_11_688.jpg,0.2105263,0,0,19.22356
/home/esteve/self-driving-ND/CarND-Behavioral-Cloning-P3/data_hard/IMG/center_2017_04_28_18_33_11_770.jpg,/home/esteve/self-driving-ND/CarND-Behavioral-Cloning-P3/data_hard/IMG/left_2017_04_28_18_33_11_770.jpg,/home/esteve/self-driving-ND/CarND-Behavioral-Cloning-P3/data_hard/IMG/right_2017_04_28_18_33_11_770.jpg,0.2105263,0,0,19.30198
/home/esteve/self-driving-ND/CarND-Behavioral-Cloning-P3/data_hard/IMG/center_2017_04_28_18_33_11_837.jpg,/home/esteve/self-driving-ND/CarND-Behavioral-Cloning-P3/data_hard/IMG/left_2017_04_28_18_33_11_837.jpg,/home/esteve/self-driving-ND/CarND-Behavioral-Cloning-P3/data_hard/IMG/right_2017_04_28_18_33_11_837.jpg,0.2406015,0,0,19.35739
/home/esteve/self-driving-ND/CarND-Behavioral-Cloning-P3/data_hard/IMG/center_2017_04_28_18_33_11_923.jpg,/home/esteve/self-driving-ND/CarND-Behavioral-Cloning-P3/data_hard/IMG/left_2017_04_28_18_33_11_923.jpg,/home/esteve/self-driving-ND/CarND-Behavioral-Cloning-P3/data_hard/IMG/right_2017_04_28_18_33_11_923.jpg,0.3007519,0,0,19.42206
/home/esteve/self-driving-ND/CarND-Behavioral-Cloning-P3/data_hard/IMG/center_2017_04_28_18_33_12_005.jpg,/home/esteve/self-driving-ND/CarND-Behavioral-Cloning-P3/data_hard/IMG/left_2017_04_28_18_33_12_005.jpg,/home/esteve/self-driving-ND/CarND-Behavioral-Cloning-P3/data_hard/IMG/right_2017_04_28_18_33_12_005.jpg,0.3458647,0,0,19.39018
/home/esteve/self-driving-ND/CarND-Behavioral-Cloning-P3/data_hard/IMG/center_2017_04_28_18_33_12_081.jpg,/home/esteve/self-driving-ND/CarND-Behavioral-Cloning-P3/data_hard/IMG/left_2017_04_28_18_33_12_081.jpg,/home/esteve/self-driving-ND/CarND-Behavioral-Cloning-P3/data_hard/IMG/right_2017_04_28_18_33_12_081.jpg,0.3759399,0,0,19.35091
/home/esteve/self-driving-ND/CarND-Behavioral-Cloning-P3/data_hard/IMG/center_2017_04_28_18_33_12_165.jpg,/home/esteve/self-driving-ND/CarND-Behavioral-Cloning-P3/data_hard/IMG/left_2017_04_28_18_33_12_165.jpg,/home/esteve/self-driving-ND/CarND-Behavioral-Cloning-P3/data_hard/IMG/right_2017_04_28_18_33_12_165.jpg,0.4360902,0,0,19.38016
/home/esteve/self-driving-ND/CarND-Behavioral-Cloning-P3/data_hard/IMG/center_2017_04_28_18_33_12_251.jpg,/home/esteve/self-driving-ND/CarND-Behavioral-Cloning-P3/data_hard/IMG/left_2017_04_28_18_33_12_251.jpg,/home/esteve/self-driving-ND/CarND-Behavioral-Cloning-P3/data_hard/IMG/right_2017_04_28_18_33_12_251.jpg,0.556391,0,0,19.28912
/home/esteve/self-driving-ND/CarND-Behavioral-Cloning-P3/data_hard/IMG/center_2017_04_28_18_33_12_335.jpg,/home/esteve/self-driving-ND/CarND-Behavioral-Cloning-P3/data_hard/IMG/left_2017_04_28_18_33_12_335.jpg,/home/esteve/self-driving-ND/CarND-Behavioral-Cloning-P3/data_hard/IMG/right_2017_04_28_18_33_12_335.jpg,0.593985,0,0,19.43779
/home/esteve/self-driving-ND/CarND-Behavioral-Cloning-P3/data_hard/IMG/center_2017_04_28_18_33_12_411.jpg,/home/esteve/self-driving-ND/CarND-Behavioral-Cloning-P3/data_hard/IMG/left_2017_04_28_18_33_12_411.jpg,/home/esteve/self-driving-ND/CarND-Behavioral-Cloning-P3/data_hard/IMG/right_2017_04_28_18_33_12_411.jpg,0.6015037,0,0,19.55971
/home/esteve/self-driving-ND/CarND-Behavioral-Cloning-P3/data_hard/IMG/center_2017_04_28_18_33_12_493.jpg,/home/esteve/self-driving-ND/CarND-Behavioral-Cloning-P3/data_hard/IMG/left_2017_04_28_18_33_12_493.jpg,/home/esteve/self-driving-ND/CarND-Behavioral-Cloning-P3/data_hard/IMG/right_2017_04_28_18_33_12_493.jpg,0.6015037,0,0,19.6757
/home/esteve/self-driving-ND/CarND-Behavioral-Cloning-P3/data_hard/IMG/center_2017_04_28_18_33_12_575.jpg,/home/esteve/self-driving-ND/CarND-Behavioral-Cloning-P3/data_hard/IMG/left_2017_04_28_18_33_12_575.jpg,/home/esteve/self-driving-ND/CarND-Behavioral-Cloning-P3/data_hard/IMG/right_2017_04_28_18_33_12_575.jpg,0.6015037,0,0,19.86111
/home/esteve/self-driving-ND/CarND-Behavioral-Cloning-P3/data_hard/IMG/center_2017_04_28_18_33_12_661.jpg,/home/esteve/self-driving-ND/CarND-Behavioral-Cloning-P3/data_hard/IMG/left_2017_04_28_18_33_12_661.jpg,/home/esteve/self-driving-ND/CarND-Behavioral-Cloning-P3/data_hard/IMG/right_2017_04_28_18_33_12_661.jpg,0.6015037,0,0,19.98756
/home/esteve/self-driving-ND/CarND-Behavioral-Cloning-P3/data_hard/IMG/center_2017_04_28_18_33_12_756.jpg,/home/esteve/self-driving-ND/CarND-Behavioral-Cloning-P3/data_hard/IMG/left_2017_04_28_18_33_12_756.jpg,/home/esteve/self-driving-ND/CarND-Behavioral-Cloning-P3/data_hard/IMG/right_2017_04_28_18_33_12_756.jpg,0.6015037,0,0,20.45968
/home/esteve/self-driving-ND/CarND-Behavioral-Cloning-P3/data_hard/IMG/center_2017_04_28_18_33_12_840.jpg,/home/esteve/self-driving-ND/CarND-Behavioral-Cloning-P3/data_hard/IMG/left_2017_04_28_18_33_12_840.jpg,/home/esteve/self-driving-ND/CarND-Behavioral-Cloning-P3/data_hard/IMG/right_2017_04_28_18_33_12_840.jpg,0.6015037,0,0,20.72696
/home/esteve/self-driving-ND/CarND-Behavioral-Cloning-P3/data_hard/IMG/center_2017_04_28_18_33_12_925.jpg,/home/esteve/self-driving-ND/CarND-Behavioral-Cloning-P3/data_hard/IMG/left_2017_04_28_18_33_12_925.jpg,/home/esteve/self-driving-ND/CarND-Behavioral-Cloning-P3/data_hard/IMG/right_2017_04_28_18_33_12_925.jpg,0.6015037,0,0,20.5494
/home/esteve/self-driving-ND/CarND-Behavioral-Cloning-P3/data_hard/IMG/center_2017_04_28_18_33_13_025.jpg,/home/esteve/self-driving-ND/CarND-Behavioral-Cloning-P3/data_hard/IMG/left_2017_04_28_18_33_13_025.jpg,/home/esteve/self-driving-ND/CarND-Behavioral-Cloning-P3/data_hard/IMG/right_2017_04_28_18_33_13_025.jpg,0.556391,0.2286208,0,21.23087
/home/esteve/self-driving-ND/CarND-Behavioral-Cloning-P3/data_hard/IMG/center_2017_04_28_18_33_13_103.jpg,/home/esteve/self-driving-ND/CarND-Behavioral-Cloning-P3/data_hard/IMG/left_2017_04_28_18_33_13_103.jpg,/home/esteve/self-driving-ND/CarND-Behavioral-Cloning-P3/data_hard/IMG/right_2017_04_28_18_33_13_103.jpg,0.4586466,0.4618649,0,21.71204
/home/esteve/self-driving-ND/CarND-Behavioral-Cloning-P3/data_hard/IMG/center_2017_04_28_18_33_13_190.jpg,/home/esteve/self-driving-ND/CarND-Behavioral-Cloning-P3/data_hard/IMG/left_2017_04_28_18_33_13_190.jpg,/home/esteve/self-driving-ND/CarND-Behavioral-Cloning-P3/data_hard/IMG/right_2017_04_28_18_33_13_190.jpg,0.3759399,0.4583187,0,22.46741
/home/esteve/self-driving-ND/CarND-Behavioral-Cloning-P3/data_hard/IMG/center_2017_04_28_18_33_13_272.jpg,/home/esteve/self-driving-ND/CarND-Behavioral-Cloning-P3/data_hard/IMG/left_2017_04_28_18_33_13_272.jpg,/home/esteve/self-driving-ND/CarND-Behavioral-Cloning-P3/data_hard/IMG/right_2017_04_28_18_33_13_272.jpg,0.3458647,0.2099247,0,22.97697
/home/esteve/self-driving-ND/CarND-Behavioral-Cloning-P3/data_hard/IMG/center_2017_04_28_18_33_13_363.jpg,/home/esteve/self-driving-ND/CarND-Behavioral-Cloning-P3/data_hard/IMG/left_2017_04_28_18_33_13_363.jpg,/home/esteve/self-driving-ND/CarND-Behavioral-Cloning-P3/data_hard/IMG/right_2017_04_28_18_33_13_363.jpg,0.3383459,0,0,23.29542
/home/esteve/self-driving-ND/CarND-Behavioral-Cloning-P3/data_hard/IMG/center_2017_04_28_18_33_13_433.jpg,/home/esteve/self-driving-ND/CarND-Behavioral-Cloning-P3/data_hard/IMG/left_2017_04_28_18_33_13_433.jpg,/home/esteve/self-driving-ND/CarND-Behavioral-Cloning-P3/data_hard/IMG/right_2017_04_28_18_33_13_433.jpg,0.2781955,0.0872848,0,23.63023
/home/esteve/self-driving-ND/CarND-Behavioral-Cloning-P3/data_hard/IMG/center_2017_04_28_18_33_13_505.jpg,/home/esteve/self-driving-ND/CarND-Behavioral-Cloning-P3/data_hard/IMG/left_2017_04_28_18_33_13_505.jpg,/home/esteve/self-driving-ND/CarND-Behavioral-Cloning-P3/data_hard/IMG/right_2017_04_28_18_33_13_505.jpg,0.2406015,0.3017249,0,23.89371
/home/esteve/self-driving-ND/CarND-Behavioral-Cloning-P3/data_hard/IMG/center_2017_04_28_18_33_13_572.jpg,/home/esteve/self-driving-ND/CarND-Behavioral-Cloning-P3/data_hard/IMG/left_2017_04_28_18_33_13_572.jpg,/home/esteve/self-driving-ND/CarND-Behavioral-Cloning-P3/data_hard/IMG/right_2017_04_28_18_33_13_572.jpg,0.1804511,0.5044076,0,24.22581
/home/esteve/self-driving-ND/CarND-Behavioral-Cloning-P3/data_hard/IMG/center_2017_04_28_18_33_13_643.jpg,/home/esteve/self-driving-ND/CarND-Behavioral-Cloning-P3/data_hard/IMG/left_2017_04_28_18_33_13_643.jpg,/home/esteve/self-driving-ND/CarND-Behavioral-Cloning-P3/data_hard/IMG/right_2017_04_28_18_33_13_643.jpg,0.1654135,0.714612,0,25.08308
/home/esteve/self-driving-ND/CarND-Behavioral-Cloning-P3/data_hard/IMG/center_2017_04_28_18_33_13_737.jpg,/home/esteve/self-driving-ND/CarND-Behavioral-Cloning-P3/data_hard/IMG/left_2017_04_28_18_33_13_737.jpg,/home/esteve/self-driving-ND/CarND-Behavioral-Cloning-P3/data_hard/IMG/right_2017_04_28_18_33_13_737.jpg,0.1578947,0.6838524,0,25.9971
/home/esteve/self-driving-ND/CarND-Behavioral-Cloning-P3/data_hard/IMG/center_2017_04_28_18_33_13_816.jpg,/home/esteve/self-driving-ND/CarND-Behavioral-Cloning-P3/data_hard/IMG/left_2017_04_28_18_33_13_816.jpg,/home/esteve/self-driving-ND/CarND-Behavioral-Cloning-P3/data_hard/IMG/right_2017_04_28_18_33_13_816.jpg,0.1654135,0.4476027,0,26.67154
/home/esteve/self-driving-ND/CarND-Behavioral-Cloning-P3/data_hard/IMG/center_2017_04_28_18_33_13_887.jpg,/home/esteve/self-driving-ND/CarND-Behavioral-Cloning-P3/data_hard/IMG/left_2017_04_28_18_33_13_887.jpg,/home/esteve/self-driving-ND/CarND-Behavioral-Cloning-P3/data_hard/IMG/right_2017_04_28_18_33_13_887.jpg,0.2556391,0.2335947,0,27.00011
/home/esteve/self-driving-ND/CarND-Behavioral-Cloning-P3/data_hard/IMG/center_2017_04_28_18_33_13_958.jpg,/home/esteve/self-driving-ND/CarND-Behavioral-Cloning-P3/data_hard/IMG/left_2017_04_28_18_33_13_958.jpg,/home/esteve/self-driving-ND/CarND-Behavioral-Cloning-P3/data_hard/IMG/right_2017_04_28_18_33_13_958.jpg,0.3082707,0.02148557,0,27.2379
/home/esteve/self-driving-ND/CarND-Behavioral-Cloning-P3/data_hard/IMG/center_2017_04_28_18_33_14_041.jpg,/home/esteve/self-driving-ND/CarND-Behavioral-Cloning-P3/data_hard/IMG/left_2017_04_28_18_33_14_041.jpg,/home/esteve/self-driving-ND/CarND-Behavioral-Cloning-P3/data_hard/IMG/right_2017_04_28_18_33_14_041.jpg,0.3082707,0,0,27.29006
/home/esteve/self-driving-ND/CarND-Behavioral-Cloning-P3/data_hard/IMG/center_2017_04_28_18_33_14_131.jpg,/home/esteve/self-driving-ND/CarND-Behavioral-Cloning-P3/data_hard/IMG/left_2017_04_28_18_33_14_131.jpg,/home/esteve/self-driving-ND/CarND-Behavioral-Cloning-P3/data_hard/IMG/right_2017_04_28_18_33_14_131.jpg,0.3082707,0,0,27.12459
/home/esteve/self-driving-ND/CarND-Behavioral-Cloning-P3/data_hard/IMG/center_2017_04_28_18_33_14_215.jpg,/home/esteve/self-driving-ND/CarND-Behavioral-Cloning-P3/data_hard/IMG/left_2017_04_28_18_33_14_215.jpg,/home/esteve/self-driving-ND/CarND-Behavioral-Cloning-P3/data_hard/IMG/right_2017_04_28_18_33_14_215.jpg,0.3308271,0,0,26.91897
/home/esteve/self-driving-ND/CarND-Behavioral-Cloning-P3/data_hard/IMG/center_2017_04_28_18_33_14_298.jpg,/home/esteve/self-driving-ND/CarND-Behavioral-Cloning-P3/data_hard/IMG/left_2017_04_28_18_33_14_298.jpg,/home/esteve/self-driving-ND/CarND-Behavioral-Cloning-P3/data_hard/IMG/right_2017_04_28_18_33_14_298.jpg,0.3383459,0,0,26.84532
/home/esteve/self-driving-ND/CarND-Behavioral-Cloning-P3/data_hard/IMG/center_2017_04_28_18_33_14_377.jpg,/home/esteve/self-driving-ND/CarND-Behavioral-Cloning-P3/data_hard/IMG/left_2017_04_28_18_33_14_377.jpg,/home/esteve/self-driving-ND/CarND-Behavioral-Cloning-P3/data_hard/IMG/right_2017_04_28_18_33_14_377.jpg,0.3308271,0,0,26.56201
/home/esteve/self-driving-ND/CarND-Behavioral-Cloning-P3/data_hard/IMG/center_2017_04_28_18_33_14_462.jpg,/home/esteve/self-driving-ND/CarND-Behavioral-Cloning-P3/data_hard/IMG/left_2017_04_28_18_33_14_462.jpg,/home/esteve/self-driving-ND/CarND-Behavioral-Cloning-P3/data_hard/IMG/right_2017_04_28_18_33_14_462.jpg,0.2481203,0,0,26.43101
/home/esteve/self-driving-ND/CarND-Behavioral-Cloning-P3/data_hard/IMG/center_2017_04_28_18_33_14_542.jpg,/home/esteve/self-driving-ND/CarND-Behavioral-Cloning-P3/data_hard/IMG/left_2017_04_28_18_33_14_542.jpg,/home/esteve/self-driving-ND/CarND-Behavioral-Cloning-P3/data_hard/IMG/right_2017_04_28_18_33_14_542.jpg,0.1428571,0,0,26.32992
/home/esteve/self-driving-ND/CarND-Behavioral-Cloning-P3/data_hard/IMG/center_2017_04_28_18_33_14_622.jpg,/home/esteve/self-driving-ND/CarND-Behavioral-Cloning-P3/data_hard/IMG/left_2017_04_28_18_33_14_622.jpg,/home/esteve/self-driving-ND/CarND-Behavioral-Cloning-P3/data_hard/IMG/right_2017_04_28_18_33_14_622.jpg,0.08270676,0,0,26.11252
/home/esteve/self-driving-ND/CarND-Behavioral-Cloning-P3/data_hard/IMG/center_2017_04_28_18_33_14_706.jpg,/home/esteve/self-driving-ND/CarND-Behavioral-Cloning-P3/data_hard/IMG/left_2017_04_28_18_33_14_706.jpg,/home/esteve/self-driving-ND/CarND-Behavioral-Cloning-P3/data_hard/IMG/right_2017_04_28_18_33_14_706.jpg,0.05263158,0,0,25.90186
/home/esteve/self-driving-ND/CarND-Behavioral-Cloning-P3/data_hard/IMG/center_2017_04_28_18_33_14_793.jpg,/home/esteve/self-driving-ND/CarND-Behavioral-Cloning-P3/data_hard/IMG/left_2017_04_28_18_33_14_793.jpg,/home/esteve/self-driving-ND/CarND-Behavioral-Cloning-P3/data_hard/IMG/right_2017_04_28_18_33_14_793.jpg,0.05263158,0,0,25.69513
/home/esteve/self-driving-ND/CarND-Behavioral-Cloning-P3/data_hard/IMG/center_2017_04_28_18_33_14_863.jpg,/home/esteve/self-driving-ND/CarND-Behavioral-Cloning-P3/data_hard/IMG/left_2017_04_28_18_33_14_863.jpg,/home/esteve/self-driving-ND/CarND-Behavioral-Cloning-P3/data_hard/IMG/right_2017_04_28_18_33_14_863.jpg,-0.07518797,0,0,25.48431
/home/esteve/self-driving-ND/CarND-Behavioral-Cloning-P3/data_hard/IMG/center_2017_04_28_18_33_14_948.jpg,/home/esteve/self-driving-ND/CarND-Behavioral-Cloning-P3/data_hard/IMG/left_2017_04_28_18_33_14_948.jpg,/home/esteve/self-driving-ND/CarND-Behavioral-Cloning-P3/data_hard/IMG/right_2017_04_28_18_33_14_948.jpg,-0.1203007,0,0,25.26321
/home/esteve/self-driving-ND/CarND-Behavioral-Cloning-P3/data_hard/IMG/center_2017_04_28_18_33_15_035.jpg,/home/esteve/self-driving-ND/CarND-Behavioral-Cloning-P3/data_hard/IMG/left_2017_04_28_18_33_15_035.jpg,/home/esteve/self-driving-ND/CarND-Behavioral-Cloning-P3/data_hard/IMG/right_2017_04_28_18_33_15_035.jpg,-0.1203007,0,0,25.05136
/home/esteve/self-driving-ND/CarND-Behavioral-Cloning-P3/data_hard/IMG/center_2017_04_28_18_33_15_118.jpg,/home/esteve/self-driving-ND/CarND-Behavioral-Cloning-P3/data_hard/IMG/left_2017_04_28_18_33_15_118.jpg,/home/esteve/self-driving-ND/CarND-Behavioral-Cloning-P3/data_hard/IMG/right_2017_04_28_18_33_15_118.jpg,-0.02255639,0,0,24.84822
/home/esteve/self-driving-ND/CarND-Behavioral-Cloning-P3/data_hard/IMG/center_2017_04_28_18_33_15_199.jpg,/home/esteve/self-driving-ND/CarND-Behavioral-Cloning-P3/data_hard/IMG/left_2017_04_28_18_33_15_199.jpg,/home/esteve/self-driving-ND/CarND-Behavioral-Cloning-P3/data_hard/IMG/right_2017_04_28_18_33_15_199.jpg,0.112782,0,0,24.64896
/home/esteve/self-driving-ND/CarND-Behavioral-Cloning-P3/data_hard/IMG/center_2017_04_28_18_33_15_281.jpg,/home/esteve/self-driving-ND/CarND-Behavioral-Cloning-P3/data_hard/IMG/left_2017_04_28_18_33_15_281.jpg,/home/esteve/self-driving-ND/CarND-Behavioral-Cloning-P3/data_hard/IMG/right_2017_04_28_18_33_15_281.jpg,0.2030075,0,0,24.50284
/home/esteve/self-driving-ND/CarND-Behavioral-Cloning-P3/data_hard/IMG/center_2017_04_28_18_33_15_364.jpg,/home/esteve/self-driving-ND/CarND-Behavioral-Cloning-P3/data_hard/IMG/left_2017_04_28_18_33_15_364.jpg,/home/esteve/self-driving-ND/CarND-Behavioral-Cloning-P3/data_hard/IMG/right_2017_04_28_18_33_15_364.jpg,0.3759399,0,0,24.35296
/home/esteve/self-driving-ND/CarND-Behavioral-Cloning-P3/data_hard/IMG/center_2017_04_28_18_33_15_449.jpg,/home/esteve/self-driving-ND/CarND-Behavioral-Cloning-P3/data_hard/IMG/left_2017_04_28_18_33_15_449.jpg,/home/esteve/self-driving-ND/CarND-Behavioral-Cloning-P3/data_hard/IMG/right_2017_04_28_18_33_15_449.jpg,0.5112782,0,0,24.35402
/home/esteve/self-driving-ND/CarND-Behavioral-Cloning-P3/data_hard/IMG/center_2017_04_28_18_33_15_532.jpg,/home/esteve/self-driving-ND/CarND-Behavioral-Cloning-P3/data_hard/IMG/left_2017_04_28_18_33_15_532.jpg,/home/esteve/self-driving-ND/CarND-Behavioral-Cloning-P3/data_hard/IMG/right_2017_04_28_18_33_15_532.jpg,0.5639098,0,0,24.41019
/home/esteve/self-driving-ND/CarND-Behavioral-Cloning-P3/data_hard/IMG/center_2017_04_28_18_33_15_616.jpg,/home/esteve/self-driving-ND/CarND-Behavioral-Cloning-P3/data_hard/IMG/left_2017_04_28_18_33_15_616.jpg,/home/esteve/self-driving-ND/CarND-Behavioral-Cloning-P3/data_hard/IMG/right_2017_04_28_18_33_15_616.jpg,0.5639098,0,0,24.33343
/home/esteve/self-driving-ND/CarND-Behavioral-Cloning-P3/data_hard/IMG/center_2017_04_28_18_33_15_699.jpg,/home/esteve/self-driving-ND/CarND-Behavioral-Cloning-P3/data_hard/IMG/left_2017_04_28_18_33_15_699.jpg,/home/esteve/self-driving-ND/CarND-Behavioral-Cloning-P3/data_hard/IMG/right_2017_04_28_18_33_15_699.jpg,0.5639098,0,0,24.49376
/home/esteve/self-driving-ND/CarND-Behavioral-Cloning-P3/data_hard/IMG/center_2017_04_28_18_33_15_795.jpg,/home/esteve/self-driving-ND/CarND-Behavioral-Cloning-P3/data_hard/IMG/left_2017_04_28_18_33_15_795.jpg,/home/esteve/self-driving-ND/CarND-Behavioral-Cloning-P3/data_hard/IMG/right_2017_04_28_18_33_15_795.jpg,0.5639098,0,0,24.44801
/home/esteve/self-driving-ND/CarND-Behavioral-Cloning-P3/data_hard/IMG/center_2017_04_28_18_33_15_860.jpg,/home/esteve/self-driving-ND/CarND-Behavioral-Cloning-P3/data_hard/IMG/left_2017_04_28_18_33_15_860.jpg,/home/esteve/self-driving-ND/CarND-Behavioral-Cloning-P3/data_hard/IMG/right_2017_04_28_18_33_15_860.jpg,0.5639098,0,0,24.70382
/home/esteve/self-driving-ND/CarND-Behavioral-Cloning-P3/data_hard/IMG/center_2017_04_28_18_33_15_943.jpg,/home/esteve/self-driving-ND/CarND-Behavioral-Cloning-P3/data_hard/IMG/left_2017_04_28_18_33_15_943.jpg,/home/esteve/self-driving-ND/CarND-Behavioral-Cloning-P3/data_hard/IMG/right_2017_04_28_18_33_15_943.jpg,0.5639098,0,0,24.70633
/home/esteve/self-driving-ND/CarND-Behavioral-Cloning-P3/data_hard/IMG/center_2017_04_28_18_33_16_022.jpg,/home/esteve/self-driving-ND/CarND-Behavioral-Cloning-P3/data_hard/IMG/left_2017_04_28_18_33_16_022.jpg,/home/esteve/self-driving-ND/CarND-Behavioral-Cloning-P3/data_hard/IMG/right_2017_04_28_18_33_16_022.jpg,0.5639098,0,0,25.01438
/home/esteve/self-driving-ND/CarND-Behavioral-Cloning-P3/data_hard/IMG/center_2017_04_28_18_33_16_101.jpg,/home/esteve/self-driving-ND/CarND-Behavioral-Cloning-P3/data_hard/IMG/left_2017_04_28_18_33_16_101.jpg,/home/esteve/self-driving-ND/CarND-Behavioral-Cloning-P3/data_hard/IMG/right_2017_04_28_18_33_16_101.jpg,0.518797,0,0,25.36591
/home/esteve/self-driving-ND/CarND-Behavioral-Cloning-P3/data_hard/IMG/center_2017_04_28_18_33_16_178.jpg,/home/esteve/self-driving-ND/CarND-Behavioral-Cloning-P3/data_hard/IMG/left_2017_04_28_18_33_16_178.jpg,/home/esteve/self-driving-ND/CarND-Behavioral-Cloning-P3/data_hard/IMG/right_2017_04_28_18_33_16_178.jpg,0.3233083,0,0,25.62932
/home/esteve/self-driving-ND/CarND-Behavioral-Cloning-P3/data_hard/IMG/center_2017_04_28_18_33_16_257.jpg,/home/esteve/self-driving-ND/CarND-Behavioral-Cloning-P3/data_hard/IMG/left_2017_04_28_18_33_16_257.jpg,/home/esteve/self-driving-ND/CarND-Behavioral-Cloning-P3/data_hard/IMG/right_2017_04_28_18_33_16_257.jpg,0.1428571,0,0,25.86762
/home/esteve/self-driving-ND/CarND-Behavioral-Cloning-P3/data_hard/IMG/center_2017_04_28_18_33_16_338.jpg,/home/esteve/self-driving-ND/CarND-Behavioral-Cloning-P3/data_hard/IMG/left_2017_04_28_18_33_16_338.jpg,/home/esteve/self-driving-ND/CarND-Behavioral-Cloning-P3/data_hard/IMG/right_2017_04_28_18_33_16_338.jpg,0.007518797,0,0,26.08465
/home/esteve/self-driving-ND/CarND-Behavioral-Cloning-P3/data_hard/IMG/center_2017_04_28_18_33_16_415.jpg,/home/esteve/self-driving-ND/CarND-Behavioral-Cloning-P3/data_hard/IMG/left_2017_04_28_18_33_16_415.jpg,/home/esteve/self-driving-ND/CarND-Behavioral-Cloning-P3/data_hard/IMG/right_2017_04_28_18_33_16_415.jpg,-0.03759398,0,0,26.32332
/home/esteve/self-driving-ND/CarND-Behavioral-Cloning-P3/data_hard/IMG/center_2017_04_28_18_33_16_490.jpg,/home/esteve/self-driving-ND/CarND-Behavioral-Cloning-P3/data_hard/IMG/left_2017_04_28_18_33_16_490.jpg,/home/esteve/self-driving-ND/CarND-Behavioral-Cloning-P3/data_hard/IMG/right_2017_04_28_18_33_16_490.jpg,-0.1353384,0,0,26.44518
/home/esteve/self-driving-ND/CarND-Behavioral-Cloning-P3/data_hard/IMG/center_2017_04_28_18_33_16_567.jpg,/home/esteve/self-driving-ND/CarND-Behavioral-Cloning-P3/data_hard/IMG/left_2017_04_28_18_33_16_567.jpg,/home/esteve/self-driving-ND/CarND-Behavioral-Cloning-P3/data_hard/IMG/right_2017_04_28_18_33_16_567.jpg,-0.1879699,0,0,26.61969
/home/esteve/self-driving-ND/CarND-Behavioral-Cloning-P3/data_hard/IMG/center_2017_04_28_18_33_16_645.jpg,/home/esteve/self-driving-ND/CarND-Behavioral-Cloning-P3/data_hard/IMG/left_2017_04_28_18_33_16_645.jpg,/home/esteve/self-driving-ND/CarND-Behavioral-Cloning-P3/data_hard/IMG/right_2017_04_28_18_33_16_645.jpg,-0.2481203,0,0,26.73901
/home/esteve/self-driving-ND/CarND-Behavioral-Cloning-P3/data_hard/IMG/center_2017_04_28_18_33_16_722.jpg,/home/esteve/self-driving-ND/CarND-Behavioral-Cloning-P3/data_hard/IMG/left_2017_04_28_18_33_16_722.jpg,/home/esteve/self-driving-ND/CarND-Behavioral-Cloning-P3/data_hard/IMG/right_2017_04_28_18_33_16_722.jpg,-0.2706767,0,0,26.86693
/home/esteve/self-driving-ND/CarND-Behavioral-Cloning-P3/data_hard/IMG/center_2017_04_28_18_33_16_805.jpg,/home/esteve/self-driving-ND/CarND-Behavioral-Cloning-P3/data_hard/IMG/left_2017_04_28_18_33_16_805.jpg,/home/esteve/self-driving-ND/CarND-Behavioral-Cloning-P3/data_hard/IMG/right_2017_04_28_18_33_16_805.jpg,-0.3458647,0,0,26.85635
/home/esteve/self-driving-ND/CarND-Behavioral-Cloning-P3/data_hard/IMG/center_2017_04_28_18_33_16_890.jpg,/home/esteve/self-driving-ND/CarND-Behavioral-Cloning-P3/data_hard/IMG/left_2017_04_28_18_33_16_890.jpg,/home/esteve/self-driving-ND/CarND-Behavioral-Cloning-P3/data_hard/IMG/right_2017_04_28_18_33_16_890.jpg,-0.6165413,0,0,26.82076
/home/esteve/self-driving-ND/CarND-Behavioral-Cloning-P3/data_hard/IMG/center_2017_04_28_18_33_16_969.jpg,/home/esteve/self-driving-ND/CarND-Behavioral-Cloning-P3/data_hard/IMG/left_2017_04_28_18_33_16_969.jpg,/home/esteve/self-driving-ND/CarND-Behavioral-Cloning-P3/data_hard/IMG/right_2017_04_28_18_33_16_969.jpg,-0.7293233,0,0,26.38405
/home/esteve/self-driving-ND/CarND-Behavioral-Cloning-P3/data_hard/IMG/center_2017_04_28_18_33_17_047.jpg,/home/esteve/self-driving-ND/CarND-Behavioral-Cloning-P3/data_hard/IMG/left_2017_04_28_18_33_17_047.jpg,/home/esteve/self-driving-ND/CarND-Behavioral-Cloning-P3/data_hard/IMG/right_2017_04_28_18_33_17_047.jpg,-0.7894737,0,0,26.19431
/home/esteve/self-driving-ND/CarND-Behavioral-Cloning-P3/data_hard/IMG/center_2017_04_28_18_33_17_127.jpg,/home/esteve/self-driving-ND/CarND-Behavioral-Cloning-P3/data_hard/IMG/left_2017_04_28_18_33_17_127.jpg,/home/esteve/self-driving-ND/CarND-Behavioral-Cloning-P3/data_hard/IMG/right_2017_04_28_18_33_17_127.jpg,-0.7969925,0,0,26.17888
/home/esteve/self-driving-ND/CarND-Behavioral-Cloning-P3/data_hard/IMG/center_2017_04_28_18_33_17_210.jpg,/home/esteve/self-driving-ND/CarND-Behavioral-Cloning-P3/data_hard/IMG/left_2017_04_28_18_33_17_210.jpg,/home/esteve/self-driving-ND/CarND-Behavioral-Cloning-P3/data_hard/IMG/right_2017_04_28_18_33_17_210.jpg,-0.7969925,0,0,25.87389
/home/esteve/self-driving-ND/CarND-Behavioral-Cloning-P3/data_hard/IMG/center_2017_04_28_18_33_17_290.jpg,/home/esteve/self-driving-ND/CarND-Behavioral-Cloning-P3/data_hard/IMG/left_2017_04_28_18_33_17_290.jpg,/home/esteve/self-driving-ND/CarND-Behavioral-Cloning-P3/data_hard/IMG/right_2017_04_28_18_33_17_290.jpg,-0.7593985,0,0,25.68016
/home/esteve/self-driving-ND/CarND-Behavioral-Cloning-P3/data_hard/IMG/center_2017_04_28_18_33_17_372.jpg,/home/esteve/self-driving-ND/CarND-Behavioral-Cloning-P3/data_hard/IMG/left_2017_04_28_18_33_17_372.jpg,/home/esteve/self-driving-ND/CarND-Behavioral-Cloning-P3/data_hard/IMG/right_2017_04_28_18_33_17_372.jpg,-0.5037594,0,0,25.56494
/home/esteve/self-driving-ND/CarND-Behavioral-Cloning-P3/data_hard/IMG/center_2017_04_28_18_33_17_455.jpg,/home/esteve/self-driving-ND/CarND-Behavioral-Cloning-P3/data_hard/IMG/left_2017_04_28_18_33_17_455.jpg,/home/esteve/self-driving-ND/CarND-Behavioral-Cloning-P3/data_hard/IMG/right_2017_04_28_18_33_17_455.jpg,-0.3533835,0,0,25.43742
/home/esteve/self-driving-ND/CarND-Behavioral-Cloning-P3/data_hard/IMG/center_2017_04_28_18_33_17_539.jpg,/home/esteve/self-driving-ND/CarND-Behavioral-Cloning-P3/data_hard/IMG/left_2017_04_28_18_33_17_539.jpg,/home/esteve/self-driving-ND/CarND-Behavioral-Cloning-P3/data_hard/IMG/right_2017_04_28_18_33_17_539.jpg,-0.3383459,0,0,25.26958
/home/esteve/self-driving-ND/CarND-Behavioral-Cloning-P3/data_hard/IMG/center_2017_04_28_18_33_17_622.jpg,/home/esteve/self-driving-ND/CarND-Behavioral-Cloning-P3/data_hard/IMG/left_2017_04_28_18_33_17_622.jpg,/home/esteve/self-driving-ND/CarND-Behavioral-Cloning-P3/data_hard/IMG/right_2017_04_28_18_33_17_622.jpg,-0.3458647,0,0,25.08722
/home/esteve/self-driving-ND/CarND-Behavioral-Cloning-P3/data_hard/IMG/center_2017_04_28_18_33_17_703.jpg,/home/esteve/self-driving-ND/CarND-Behavioral-Cloning-P3/data_hard/IMG/left_2017_04_28_18_33_17_703.jpg,/home/esteve/self-driving-ND/CarND-Behavioral-Cloning-P3/data_hard/IMG/right_2017_04_28_18_33_17_703.jpg,-0.3609022,0,0,24.84064
/home/esteve/self-driving-ND/CarND-Behavioral-Cloning-P3/data_hard/IMG/center_2017_04_28_18_33_17_788.jpg,/home/esteve/self-driving-ND/CarND-Behavioral-Cloning-P3/data_hard/IMG/left_2017_04_28_18_33_17_788.jpg,/home/esteve/self-driving-ND/CarND-Behavioral-Cloning-P3/data_hard/IMG/right_2017_04_28_18_33_17_788.jpg,-0.3609022,0,0,24.63962
/home/esteve/self-driving-ND/CarND-Behavioral-Cloning-P3/data_hard/IMG/center_2017_04_28_18_33_17_855.jpg,/home/esteve/self-driving-ND/CarND-Behavioral-Cloning-P3/data_hard/IMG/left_2017_04_28_18_33_17_855.jpg,/home/esteve/self-driving-ND/CarND-Behavioral-Cloning-P3/data_hard/IMG/right_2017_04_28_18_33_17_855.jpg,-0.3609022,0,0,24.48862
/home/esteve/self-driving-ND/CarND-Behavioral-Cloning-P3/data_hard/IMG/center_2017_04_28_18_33_17_933.jpg,/home/esteve/self-driving-ND/CarND-Behavioral-Cloning-P3/data_hard/IMG/left_2017_04_28_18_33_17_933.jpg,/home/esteve/self-driving-ND/CarND-Behavioral-Cloning-P3/data_hard/IMG/right_2017_04_28_18_33_17_933.jpg,-0.2706767,0,0,24.2973
/home/esteve/self-driving-ND/CarND-Behavioral-Cloning-P3/data_hard/IMG/center_2017_04_28_18_33_18_014.jpg,/home/esteve/self-driving-ND/CarND-Behavioral-Cloning-P3/data_hard/IMG/left_2017_04_28_18_33_18_014.jpg,/home/esteve/self-driving-ND/CarND-Behavioral-Cloning-P3/data_hard/IMG/right_2017_04_28_18_33_18_014.jpg,-0.2030075,0,0,24.11489
/home/esteve/self-driving-ND/CarND-Behavioral-Cloning-P3/data_hard/IMG/center_2017_04_28_18_33_18_094.jpg,/home/esteve/self-driving-ND/CarND-Behavioral-Cloning-P3/data_hard/IMG/left_2017_04_28_18_33_18_094.jpg,/home/esteve/self-driving-ND/CarND-Behavioral-Cloning-P3/data_hard/IMG/right_2017_04_28_18_33_18_094.jpg,-0.1278196,0.1719632,0,23.98236
/home/esteve/self-driving-ND/CarND-Behavioral-Cloning-P3/data_hard/IMG/center_2017_04_28_18_33_18_174.jpg,/home/esteve/self-driving-ND/CarND-Behavioral-Cloning-P3/data_hard/IMG/left_2017_04_28_18_33_18_174.jpg,/home/esteve/self-driving-ND/CarND-Behavioral-Cloning-P3/data_hard/IMG/right_2017_04_28_18_33_18_174.jpg,0.04511278,0.4111025,0,24.06494
/home/esteve/self-driving-ND/CarND-Behavioral-Cloning-P3/data_hard/IMG/center_2017_04_28_18_33_18_254.jpg,/home/esteve/self-driving-ND/CarND-Behavioral-Cloning-P3/data_hard/IMG/left_2017_04_28_18_33_18_254.jpg,/home/esteve/self-driving-ND/CarND-Behavioral-Cloning-P3/data_hard/IMG/right_2017_04_28_18_33_18_254.jpg,0.1052632,0.6508083,0,24.36089
/home/esteve/self-driving-ND/CarND-Behavioral-Cloning-P3/data_hard/IMG/center_2017_04_28_18_33_18_332.jpg,/home/esteve/self-driving-ND/CarND-Behavioral-Cloning-P3/data_hard/IMG/left_2017_04_28_18_33_18_332.jpg,/home/esteve/self-driving-ND/CarND-Behavioral-Cloning-P3/data_hard/IMG/right_2017_04_28_18_33_18_332.jpg,0.1052632,0.8852284,0,24.89613
/home/esteve/self-driving-ND/CarND-Behavioral-Cloning-P3/data_hard/IMG/center_2017_04_28_18_33_18_411.jpg,/home/esteve/self-driving-ND/CarND-Behavioral-Cloning-P3/data_hard/IMG/left_2017_04_28_18_33_18_411.jpg,/home/esteve/self-driving-ND/CarND-Behavioral-Cloning-P3/data_hard/IMG/right_2017_04_28_18_33_18_411.jpg,0.1052632,0.7678213,0,25.54088
/home/esteve/self-driving-ND/CarND-Behavioral-Cloning-P3/data_hard/IMG/center_2017_04_28_18_33_18_493.jpg,/home/esteve/self-driving-ND/CarND-Behavioral-Cloning-P3/data_hard/IMG/left_2017_04_28_18_33_18_493.jpg,/home/esteve/self-driving-ND/CarND-Behavioral-Cloning-P3/data_hard/IMG/right_2017_04_28_18_33_18_493.jpg,0.02255639,0.5214579,0,25.9643
/home/esteve/self-driving-ND/CarND-Behavioral-Cloning-P3/data_hard/IMG/center_2017_04_28_18_33_18_574.jpg,/home/esteve/self-driving-ND/CarND-Behavioral-Cloning-P3/data_hard/IMG/left_2017_04_28_18_33_18_574.jpg,/home/esteve/self-driving-ND/CarND-Behavioral-Cloning-P3/data_hard/IMG/right_2017_04_28_18_33_18_574.jpg,-0.03007519,0.279454,0,26.14733
/home/esteve/self-driving-ND/CarND-Behavioral-Cloning-P3/data_hard/IMG/center_2017_04_28_18_33_18_652.jpg,/home/esteve/self-driving-ND/CarND-Behavioral-Cloning-P3/data_hard/IMG/left_2017_04_28_18_33_18_652.jpg,/home/esteve/self-driving-ND/CarND-Behavioral-Cloning-P3/data_hard/IMG/right_2017_04_28_18_33_18_652.jpg,-0.03007519,0.04290676,0,26.09878
/home/esteve/self-driving-ND/CarND-Behavioral-Cloning-P3/data_hard/IMG/center_2017_04_28_18_33_18_737.jpg,/home/esteve/self-driving-ND/CarND-Behavioral-Cloning-P3/data_hard/IMG/left_2017_04_28_18_33_18_737.jpg,/home/esteve/self-driving-ND/CarND-Behavioral-Cloning-P3/data_hard/IMG/right_2017_04_28_18_33_18_737.jpg,-0.03007519,0,0,25.89288
/home/esteve/self-driving-ND/CarND-Behavioral-Cloning-P3/data_hard/IMG/center_2017_04_28_18_33_18_817.jpg,/home/esteve/self-driving-ND/CarND-Behavioral-Cloning-P3/data_hard/IMG/left_2017_04_28_18_33_18_817.jpg,/home/esteve/self-driving-ND/CarND-Behavioral-Cloning-P3/data_hard/IMG/right_2017_04_28_18_33_18_817.jpg,0.1203007,0.1382883,0,25.70957
/home/esteve/self-driving-ND/CarND-Behavioral-Cloning-P3/data_hard/IMG/center_2017_04_28_18_33_18_900.jpg,/home/esteve/self-driving-ND/CarND-Behavioral-Cloning-P3/data_hard/IMG/left_2017_04_28_18_33_18_900.jpg,/home/esteve/self-driving-ND/CarND-Behavioral-Cloning-P3/data_hard/IMG/right_2017_04_28_18_33_18_900.jpg,0.2481203,0.3355443,0,25.69082
/home/esteve/self-driving-ND/CarND-Behavioral-Cloning-P3/data_hard/IMG/center_2017_04_28_18_33_18_983.jpg,/home/esteve/self-driving-ND/CarND-Behavioral-Cloning-P3/data_hard/IMG/left_2017_04_28_18_33_18_983.jpg,/home/esteve/self-driving-ND/CarND-Behavioral-Cloning-P3/data_hard/IMG/right_2017_04_28_18_33_18_983.jpg,0.3759399,0.5004294,0,25.90667
/home/esteve/self-driving-ND/CarND-Behavioral-Cloning-P3/data_hard/IMG/center_2017_04_28_18_33_19_058.jpg,/home/esteve/self-driving-ND/CarND-Behavioral-Cloning-P3/data_hard/IMG/left_2017_04_28_18_33_19_058.jpg,/home/esteve/self-driving-ND/CarND-Behavioral-Cloning-P3/data_hard/IMG/right_2017_04_28_18_33_19_058.jpg,0.4135338,0.2739837,0,26.00769
/home/esteve/self-driving-ND/CarND-Behavioral-Cloning-P3/data_hard/IMG/center_2017_04_28_18_33_19_136.jpg,/home/esteve/self-driving-ND/CarND-Behavioral-Cloning-P3/data_hard/IMG/left_2017_04_28_18_33_19_136.jpg,/home/esteve/self-driving-ND/CarND-Behavioral-Cloning-P3/data_hard/IMG/right_2017_04_28_18_33_19_136.jpg,0.4360902,0.04010653,0,25.90714
/home/esteve/self-driving-ND/CarND-Behavioral-Cloning-P3/data_hard/IMG/center_2017_04_28_18_33_19_215.jpg,/home/esteve/self-driving-ND/CarND-Behavioral-Cloning-P3/data_hard/IMG/left_2017_04_28_18_33_19_215.jpg,/home/esteve/self-driving-ND/CarND-Behavioral-Cloning-P3/data_hard/IMG/right_2017_04_28_18_33_19_215.jpg,0.4436091,0,0,25.66597
/home/esteve/self-driving-ND/CarND-Behavioral-Cloning-P3/data_hard/IMG/center_2017_04_28_18_33_19_294.jpg,/home/esteve/self-driving-ND/CarND-Behavioral-Cloning-P3/data_hard/IMG/left_2017_04_28_18_33_19_294.jpg,/home/esteve/self-driving-ND/CarND-Behavioral-Cloning-P3/data_hard/IMG/right_2017_04_28_18_33_19_294.jpg,0.4285714,0,0,25.43982
/home/esteve/self-driving-ND/CarND-Behavioral-Cloning-P3/data_hard/IMG/center_2017_04_28_18_33_19_372.jpg,/home/esteve/self-driving-ND/CarND-Behavioral-Cloning-P3/data_hard/IMG/left_2017_04_28_18_33_19_372.jpg,/home/esteve/self-driving-ND/CarND-Behavioral-Cloning-P3/data_hard/IMG/right_2017_04_28_18_33_19_372.jpg,0.368421,0,0,25.2304
/home/esteve/self-driving-ND/CarND-Behavioral-Cloning-P3/data_hard/IMG/center_2017_04_28_18_33_19_452.jpg,/home/esteve/self-driving-ND/CarND-Behavioral-Cloning-P3/data_hard/IMG/left_2017_04_28_18_33_19_452.jpg,/home/esteve/self-driving-ND/CarND-Behavioral-Cloning-P3/data_hard/IMG/right_2017_04_28_18_33_19_452.jpg,0.3082707,0,0,25.03973
/home/esteve/self-driving-ND/CarND-Behavioral-Cloning-P3/data_hard/IMG/center_2017_04_28_18_33_19_527.jpg,/home/esteve/self-driving-ND/CarND-Behavioral-Cloning-P3/data_hard/IMG/left_2017_04_28_18_33_19_527.jpg,/home/esteve/self-driving-ND/CarND-Behavioral-Cloning-P3/data_hard/IMG/right_2017_04_28_18_33_19_527.jpg,0.2781955,0,0,24.84995
/home/esteve/self-driving-ND/CarND-Behavioral-Cloning-P3/data_hard/IMG/center_2017_04_28_18_33_19_603.jpg,/home/esteve/self-driving-ND/CarND-Behavioral-Cloning-P3/data_hard/IMG/left_2017_04_28_18_33_19_603.jpg,/home/esteve/self-driving-ND/CarND-Behavioral-Cloning-P3/data_hard/IMG/right_2017_04_28_18_33_19_603.jpg,0.2781955,0,0,24.65606
/home/esteve/self-driving-ND/CarND-Behavioral-Cloning-P3/data_hard/IMG/center_2017_04_28_18_33_19_680.jpg,/home/esteve/self-driving-ND/CarND-Behavioral-Cloning-P3/data_hard/IMG/left_2017_04_28_18_33_19_680.jpg,/home/esteve/self-driving-ND/CarND-Behavioral-Cloning-P3/data_hard/IMG/right_2017_04_28_18_33_19_680.jpg,0.1654135,0,0,24.51446
/home/esteve/self-driving-ND/CarND-Behavioral-Cloning-P3/data_hard/IMG/center_2017_04_28_18_33_19_758.jpg,/home/esteve/self-driving-ND/CarND-Behavioral-Cloning-P3/data_hard/IMG/left_2017_04_28_18_33_19_758.jpg,/home/esteve/self-driving-ND/CarND-Behavioral-Cloning-P3/data_hard/IMG/right_2017_04_28_18_33_19_758.jpg,-0.03759398,0.1281753,0,24.35978
/home/esteve/self-driving-ND/CarND-Behavioral-Cloning-P3/data_hard/IMG/center_2017_04_28_18_33_19_839.jpg,/home/esteve/self-driving-ND/CarND-Behavioral-Cloning-P3/data_hard/IMG/left_2017_04_28_18_33_19_839.jpg,/home/esteve/self-driving-ND/CarND-Behavioral-Cloning-P3/data_hard/IMG/right_2017_04_28_18_33_19_839.jpg,-0.1278196,0.4186234,0,24.41013
/home/esteve/self-driving-ND/CarND-Behavioral-Cloning-P3/data_hard/IMG/center_2017_04_28_18_33_19_913.jpg,/home/esteve/self-driving-ND/CarND-Behavioral-Cloning-P3/data_hard/IMG/left_2017_04_28_18_33_19_913.jpg,/home/esteve/self-driving-ND/CarND-Behavioral-Cloning-P3/data_hard/IMG/right_2017_04_28_18_33_19_913.jpg,-0.1278196,0.638787,0,24.6961
/home/esteve/self-driving-ND/CarND-Behavioral-Cloning-P3/data_hard/IMG/center_2017_04_28_18_33_19_992.jpg,/home/esteve/self-driving-ND/CarND-Behavioral-Cloning-P3/data_hard/IMG/left_2017_04_28_18_33_19_992.jpg,/home/esteve/self-driving-ND/CarND-Behavioral-Cloning-P3/data_hard/IMG/right_2017_04_28_18_33_19_992.jpg,-0.1278196,0.5332403,0,25.11421
/home/esteve/self-driving-ND/CarND-Behavioral-Cloning-P3/data_hard/IMG/center_2017_04_28_18_33_20_067.jpg,/home/esteve/self-driving-ND/CarND-Behavioral-Cloning-P3/data_hard/IMG/left_2017_04_28_18_33_20_067.jpg,/home/esteve/self-driving-ND/CarND-Behavioral-Cloning-P3/data_hard/IMG/right_2017_04_28_18_33_20_067.jpg,-0.1278196,0.3071094,0,25.10839
/home/esteve/self-driving-ND/CarND-Behavioral-Cloning-P3/data_hard/IMG/center_2017_04_28_18_33_20_148.jpg,/home/esteve/self-driving-ND/CarND-Behavioral-Cloning-P3/data_hard/IMG/left_2017_04_28_18_33_20_148.jpg,/home/esteve/self-driving-ND/CarND-Behavioral-Cloning-P3/data_hard/IMG/right_2017_04_28_18_33_20_148.jpg,-0.1278196,0.0781374,0,24.83329
/home/esteve/self-driving-ND/CarND-Behavioral-Cloning-P3/data_hard/IMG/center_2017_04_28_18_33_20_224.jpg,/home/esteve/self-driving-ND/CarND-Behavioral-Cloning-P3/data_hard/IMG/left_2017_04_28_18_33_20_224.jpg,/home/esteve/self-driving-ND/CarND-Behavioral-Cloning-P3/data_hard/IMG/right_2017_04_28_18_33_20_224.jpg,-0.1278196,0.1254659,0,24.78839
/home/esteve/self-driving-ND/CarND-Behavioral-Cloning-P3/data_hard/IMG/center_2017_04_28_18_33_20_298.jpg,/home/esteve/self-driving-ND/CarND-Behavioral-Cloning-P3/data_hard/IMG/left_2017_04_28_18_33_20_298.jpg,/home/esteve/self-driving-ND/CarND-Behavioral-Cloning-P3/data_hard/IMG/right_2017_04_28_18_33_20_298.jpg,-0.2105263,0.3493645,0,24.80381
/home/esteve/self-driving-ND/CarND-Behavioral-Cloning-P3/data_hard/IMG/center_2017_04_28_18_33_20_375.jpg,/home/esteve/self-driving-ND/CarND-Behavioral-Cloning-P3/data_hard/IMG/left_2017_04_28_18_33_20_375.jpg,/home/esteve/self-driving-ND/CarND-Behavioral-Cloning-P3/data_hard/IMG/right_2017_04_28_18_33_20_375.jpg,-0.3308271,0.578727,0,23.97528
/home/esteve/self-driving-ND/CarND-Behavioral-Cloning-P3/data_hard/IMG/center_2017_04_28_18_33_20_451.jpg,/home/esteve/self-driving-ND/CarND-Behavioral-Cloning-P3/data_hard/IMG/left_2017_04_28_18_33_20_451.jpg,/home/esteve/self-driving-ND/CarND-Behavioral-Cloning-P3/data_hard/IMG/right_2017_04_28_18_33_20_451.jpg,-0.4135338,0.8087726,0,24.67466
/home/esteve/self-driving-ND/CarND-Behavioral-Cloning-P3/data_hard/IMG/center_2017_04_28_18_33_20_527.jpg,/home/esteve/self-driving-ND/CarND-Behavioral-Cloning-P3/data_hard/IMG/left_2017_04_28_18_33_20_527.jpg,/home/esteve/self-driving-ND/CarND-Behavioral-Cloning-P3/data_hard/IMG/right_2017_04_28_18_33_20_527.jpg,-0.4360902,0.6955383,0,24.79852
/home/esteve/self-driving-ND/CarND-Behavioral-Cloning-P3/data_hard/IMG/center_2017_04_28_18_33_20_603.jpg,/home/esteve/self-driving-ND/CarND-Behavioral-Cloning-P3/data_hard/IMG/left_2017_04_28_18_33_20_603.jpg,/home/esteve/self-driving-ND/CarND-Behavioral-Cloning-P3/data_hard/IMG/right_2017_04_28_18_33_20_603.jpg,-0.4360902,0.4677665,0,24.63604
/home/esteve/self-driving-ND/CarND-Behavioral-Cloning-P3/data_hard/IMG/center_2017_04_28_18_33_20_678.jpg,/home/esteve/self-driving-ND/CarND-Behavioral-Cloning-P3/data_hard/IMG/left_2017_04_28_18_33_20_678.jpg,/home/esteve/self-driving-ND/CarND-Behavioral-Cloning-P3/data_hard/IMG/right_2017_04_28_18_33_20_678.jpg,-0.4360902,0.2530439,0,24.6174
/home/esteve/self-driving-ND/CarND-Behavioral-Cloning-P3/data_hard/IMG/center_2017_04_28_18_33_20_755.jpg,/home/esteve/self-driving-ND/CarND-Behavioral-Cloning-P3/data_hard/IMG/left_2017_04_28_18_33_20_755.jpg,/home/esteve/self-driving-ND/CarND-Behavioral-Cloning-P3/data_hard/IMG/right_2017_04_28_18_33_20_755.jpg,-0.3909774,0.129354,0,23.96951
/home/esteve/self-driving-ND/CarND-Behavioral-Cloning-P3/data_hard/IMG/center_2017_04_28_18_33_20_823.jpg,/home/esteve/self-driving-ND/CarND-Behavioral-Cloning-P3/data_hard/IMG/left_2017_04_28_18_33_20_823.jpg,/home/esteve/self-driving-ND/CarND-Behavioral-Cloning-P3/data_hard/IMG/right_2017_04_28_18_33_20_823.jpg,-0.3007519,0.3462782,0,23.694
/home/esteve/self-driving-ND/CarND-Behavioral-Cloning-P3/data_hard/IMG/center_2017_04_28_18_33_20_900.jpg,/home/esteve/self-driving-ND/CarND-Behavioral-Cloning-P3/data_hard/IMG/left_2017_04_28_18_33_20_900.jpg,/home/esteve/self-driving-ND/CarND-Behavioral-Cloning-P3/data_hard/IMG/right_2017_04_28_18_33_20_900.jpg,-0.2556391,0.5238004,0,23.68898
/home/esteve/self-driving-ND/CarND-Behavioral-Cloning-P3/data_hard/IMG/center_2017_04_28_18_33_20_975.jpg,/home/esteve/self-driving-ND/CarND-Behavioral-Cloning-P3/data_hard/IMG/left_2017_04_28_18_33_20_975.jpg,/home/esteve/self-driving-ND/CarND-Behavioral-Cloning-P3/data_hard/IMG/right_2017_04_28_18_33_20_975.jpg,-0.2330827,0.7933352,0,23.67037
/home/esteve/self-driving-ND/CarND-Behavioral-Cloning-P3/data_hard/IMG/center_2017_04_28_18_33_21_044.jpg,/home/esteve/self-driving-ND/CarND-Behavioral-Cloning-P3/data_hard/IMG/left_2017_04_28_18_33_21_044.jpg,/home/esteve/self-driving-ND/CarND-Behavioral-Cloning-P3/data_hard/IMG/right_2017_04_28_18_33_21_044.jpg,-0.2255639,1,0,23.79096
/home/esteve/self-driving-ND/CarND-Behavioral-Cloning-P3/data_hard/IMG/center_2017_04_28_18_33_21_119.jpg,/home/esteve/self-driving-ND/CarND-Behavioral-Cloning-P3/data_hard/IMG/left_2017_04_28_18_33_21_119.jpg,/home/esteve/self-driving-ND/CarND-Behavioral-Cloning-P3/data_hard/IMG/right_2017_04_28_18_33_21_119.jpg,-0.1654135,1,0,24.16234
/home/esteve/self-driving-ND/CarND-Behavioral-Cloning-P3/data_hard/IMG/center_2017_04_28_18_33_21_188.jpg,/home/esteve/self-driving-ND/CarND-Behavioral-Cloning-P3/data_hard/IMG/left_2017_04_28_18_33_21_188.jpg,/home/esteve/self-driving-ND/CarND-Behavioral-Cloning-P3/data_hard/IMG/right_2017_04_28_18_33_21_188.jpg,-0.1203007,1,0,24.64951
/home/esteve/self-driving-ND/CarND-Behavioral-Cloning-P3/data_hard/IMG/center_2017_04_28_18_33_21_262.jpg,/home/esteve/self-driving-ND/CarND-Behavioral-Cloning-P3/data_hard/IMG/left_2017_04_28_18_33_21_262.jpg,/home/esteve/self-driving-ND/CarND-Behavioral-Cloning-P3/data_hard/IMG/right_2017_04_28_18_33_21_262.jpg,-0.09774436,1,0,24.73039
/home/esteve/self-driving-ND/CarND-Behavioral-Cloning-P3/data_hard/IMG/center_2017_04_28_18_33_21_330.jpg,/home/esteve/self-driving-ND/CarND-Behavioral-Cloning-P3/data_hard/IMG/left_2017_04_28_18_33_21_330.jpg,/home/esteve/self-driving-ND/CarND-Behavioral-Cloning-P3/data_hard/IMG/right_2017_04_28_18_33_21_330.jpg,-0.03759398,1,0,25.06694
/home/esteve/self-driving-ND/CarND-Behavioral-Cloning-P3/data_hard/IMG/center_2017_04_28_18_33_21_400.jpg,/home/esteve/self-driving-ND/CarND-Behavioral-Cloning-P3/data_hard/IMG/left_2017_04_28_18_33_21_400.jpg,/home/esteve/self-driving-ND/CarND-Behavioral-Cloning-P3/data_hard/IMG/right_2017_04_28_18_33_21_400.jpg,0.01503759,0.836911,0,25.31742
/home/esteve/self-driving-ND/CarND-Behavioral-Cloning-P3/data_hard/IMG/center_2017_04_28_18_33_21_472.jpg,/home/esteve/self-driving-ND/CarND-Behavioral-Cloning-P3/data_hard/IMG/left_2017_04_28_18_33_21_472.jpg,/home/esteve/self-driving-ND/CarND-Behavioral-Cloning-P3/data_hard/IMG/right_2017_04_28_18_33_21_472.jpg,0.1203007,0.5757697,0,25.28596
/home/esteve/self-driving-ND/CarND-Behavioral-Cloning-P3/data_hard/IMG/center_2017_04_28_18_33_21_542.jpg,/home/esteve/self-driving-ND/CarND-Behavioral-Cloning-P3/data_hard/IMG/left_2017_04_28_18_33_21_542.jpg,/home/esteve/self-driving-ND/CarND-Behavioral-Cloning-P3/data_hard/IMG/right_2017_04_28_18_33_21_542.jpg,0.2932331,0.364084,0,24.99997
/home/esteve/self-driving-ND/CarND-Behavioral-Cloning-P3/data_hard/IMG/center_2017_04_28_18_33_21_617.jpg,/home/esteve/self-driving-ND/CarND-Behavioral-Cloning-P3/data_hard/IMG/left_2017_04_28_18_33_21_617.jpg,/home/esteve/self-driving-ND/CarND-Behavioral-Cloning-P3/data_hard/IMG/right_2017_04_28_18_33_21_617.jpg,0.3759399,0.1403885,0,24.48208
/home/esteve/self-driving-ND/CarND-Behavioral-Cloning-P3/data_hard/IMG/center_2017_04_28_18_33_21_700.jpg,/home/esteve/self-driving-ND/CarND-Behavioral-Cloning-P3/data_hard/IMG/left_2017_04_28_18_33_21_700.jpg,/home/esteve/self-driving-ND/CarND-Behavioral-Cloning-P3/data_hard/IMG/right_2017_04_28_18_33_21_700.jpg,0.4210526,0,0,23.69757
/home/esteve/self-driving-ND/CarND-Behavioral-Cloning-P3/data_hard/IMG/center_2017_04_28_18_33_21_778.jpg,/home/esteve/self-driving-ND/CarND-Behavioral-Cloning-P3/data_hard/IMG/left_2017_04_28_18_33_21_778.jpg,/home/esteve/self-driving-ND/CarND-Behavioral-Cloning-P3/data_hard/IMG/right_2017_04_28_18_33_21_778.jpg,0.481203,0,0,22.98822
/home/esteve/self-driving-ND/CarND-Behavioral-Cloning-P3/data_hard/IMG/center_2017_04_28_18_33_21_853.jpg,/home/esteve/self-driving-ND/CarND-Behavioral-Cloning-P3/data_hard/IMG/left_2017_04_28_18_33_21_853.jpg,/home/esteve/self-driving-ND/CarND-Behavioral-Cloning-P3/data_hard/IMG/right_2017_04_28_18_33_21_853.jpg,0.518797,0,0,22.12011
/home/esteve/self-driving-ND/CarND-Behavioral-Cloning-P3/data_hard/IMG/center_2017_04_28_18_33_21_922.jpg,/home/esteve/self-driving-ND/CarND-Behavioral-Cloning-P3/data_hard/IMG/left_2017_04_28_18_33_21_922.jpg,/home/esteve/self-driving-ND/CarND-Behavioral-Cloning-P3/data_hard/IMG/right_2017_04_28_18_33_21_922.jpg,0.5338346,0,0,21.52085
/home/esteve/self-driving-ND/CarND-Behavioral-Cloning-P3/data_hard/IMG/center_2017_04_28_18_33_21_994.jpg,/home/esteve/self-driving-ND/CarND-Behavioral-Cloning-P3/data_hard/IMG/left_2017_04_28_18_33_21_994.jpg,/home/esteve/self-driving-ND/CarND-Behavioral-Cloning-P3/data_hard/IMG/right_2017_04_28_18_33_21_994.jpg,0.5338346,0,0,21.02102
/home/esteve/self-driving-ND/CarND-Behavioral-Cloning-P3/data_hard/IMG/center_2017_04_28_18_33_22_067.jpg,/home/esteve/self-driving-ND/CarND-Behavioral-Cloning-P3/data_hard/IMG/left_2017_04_28_18_33_22_067.jpg,/home/esteve/self-driving-ND/CarND-Behavioral-Cloning-P3/data_hard/IMG/right_2017_04_28_18_33_22_067.jpg,0.5338346,0,0,20.49806
/home/esteve/self-driving-ND/CarND-Behavioral-Cloning-P3/data_hard/IMG/center_2017_04_28_18_33_22_135.jpg,/home/esteve/self-driving-ND/CarND-Behavioral-Cloning-P3/data_hard/IMG/left_2017_04_28_18_33_22_135.jpg,/home/esteve/self-driving-ND/CarND-Behavioral-Cloning-P3/data_hard/IMG/right_2017_04_28_18_33_22_135.jpg,0.5338346,0,0,20.19183
/home/esteve/self-driving-ND/CarND-Behavioral-Cloning-P3/data_hard/IMG/center_2017_04_28_18_33_22_210.jpg,/home/esteve/self-driving-ND/CarND-Behavioral-Cloning-P3/data_hard/IMG/left_2017_04_28_18_33_22_210.jpg,/home/esteve/self-driving-ND/CarND-Behavioral-Cloning-P3/data_hard/IMG/right_2017_04_28_18_33_22_210.jpg,0.5338346,0,0,19.61403
/home/esteve/self-driving-ND/CarND-Behavioral-Cloning-P3/data_hard/IMG/center_2017_04_28_18_33_22_283.jpg,/home/esteve/self-driving-ND/CarND-Behavioral-Cloning-P3/data_hard/IMG/left_2017_04_28_18_33_22_283.jpg,/home/esteve/self-driving-ND/CarND-Behavioral-Cloning-P3/data_hard/IMG/right_2017_04_28_18_33_22_283.jpg,0.5714286,0,0,18.99207
/home/esteve/self-driving-ND/CarND-Behavioral-Cloning-P3/data_hard/IMG/center_2017_04_28_18_33_22_357.jpg,/home/esteve/self-driving-ND/CarND-Behavioral-Cloning-P3/data_hard/IMG/left_2017_04_28_18_33_22_357.jpg,/home/esteve/self-driving-ND/CarND-Behavioral-Cloning-P3/data_hard/IMG/right_2017_04_28_18_33_22_357.jpg,0.5864662,0,0,18.78559
/home/esteve/self-driving-ND/CarND-Behavioral-Cloning-P3/data_hard/IMG/center_2017_04_28_18_33_22_427.jpg,/home/esteve/self-driving-ND/CarND-Behavioral-Cloning-P3/data_hard/IMG/left_2017_04_28_18_33_22_427.jpg,/home/esteve/self-driving-ND/CarND-Behavioral-Cloning-P3/data_hard/IMG/right_2017_04_28_18_33_22_427.jpg,0.6090226,0,0,18.5224
/home/esteve/self-driving-ND/CarND-Behavioral-Cloning-P3/data_hard/IMG/center_2017_04_28_18_33_22_500.jpg,/home/esteve/self-driving-ND/CarND-Behavioral-Cloning-P3/data_hard/IMG/left_2017_04_28_18_33_22_500.jpg,/home/esteve/self-driving-ND/CarND-Behavioral-Cloning-P3/data_hard/IMG/right_2017_04_28_18_33_22_500.jpg,0.6466165,0,0,17.85392
/home/esteve/self-driving-ND/CarND-Behavioral-Cloning-P3/data_hard/IMG/center_2017_04_28_18_33_22_577.jpg,/home/esteve/self-driving-ND/CarND-Behavioral-Cloning-P3/data_hard/IMG/left_2017_04_28_18_33_22_577.jpg,/home/esteve/self-driving-ND/CarND-Behavioral-Cloning-P3/data_hard/IMG/right_2017_04_28_18_33_22_577.jpg,0.6917293,0,0,17.14534
/home/esteve/self-driving-ND/CarND-Behavioral-Cloning-P3/data_hard/IMG/center_2017_04_28_18_33_22_650.jpg,/home/esteve/self-driving-ND/CarND-Behavioral-Cloning-P3/data_hard/IMG/left_2017_04_28_18_33_22_650.jpg,/home/esteve/self-driving-ND/CarND-Behavioral-Cloning-P3/data_hard/IMG/right_2017_04_28_18_33_22_650.jpg,0.7067669,0.1542807,0,16.98062
/home/esteve/self-driving-ND/CarND-Behavioral-Cloning-P3/data_hard/IMG/center_2017_04_28_18_33_22_722.jpg,/home/esteve/self-driving-ND/CarND-Behavioral-Cloning-P3/data_hard/IMG/left_2017_04_28_18_33_22_722.jpg,/home/esteve/self-driving-ND/CarND-Behavioral-Cloning-P3/data_hard/IMG/right_2017_04_28_18_33_22_722.jpg,0.7067669,0.3811741,0,16.76317
/home/esteve/self-driving-ND/CarND-Behavioral-Cloning-P3/data_hard/IMG/center_2017_04_28_18_33_22_793.jpg,/home/esteve/self-driving-ND/CarND-Behavioral-Cloning-P3/data_hard/IMG/left_2017_04_28_18_33_22_793.jpg,/home/esteve/self-driving-ND/CarND-Behavioral-Cloning-P3/data_hard/IMG/right_2017_04_28_18_33_22_793.jpg,0.7067669,0.594507,0,16.31757
/home/esteve/self-driving-ND/CarND-Behavioral-Cloning-P3/data_hard/IMG/center_2017_04_28_18_33_22_876.jpg,/home/esteve/self-driving-ND/CarND-Behavioral-Cloning-P3/data_hard/IMG/left_2017_04_28_18_33_22_876.jpg,/home/esteve/self-driving-ND/CarND-Behavioral-Cloning-P3/data_hard/IMG/right_2017_04_28_18_33_22_876.jpg,0.7067669,0.8311172,0,16.22596
/home/esteve/self-driving-ND/CarND-Behavioral-Cloning-P3/data_hard/IMG/center_2017_04_28_18_33_22_953.jpg,/home/esteve/self-driving-ND/CarND-Behavioral-Cloning-P3/data_hard/IMG/left_2017_04_28_18_33_22_953.jpg,/home/esteve/self-driving-ND/CarND-Behavioral-Cloning-P3/data_hard/IMG/right_2017_04_28_18_33_22_953.jpg,0.7067669,1,0,16.69998
/home/esteve/self-driving-ND/CarND-Behavioral-Cloning-P3/data_hard/IMG/center_2017_04_28_18_33_23_018.jpg,/home/esteve/self-driving-ND/CarND-Behavioral-Cloning-P3/data_hard/IMG/left_2017_04_28_18_33_23_018.jpg,/home/esteve/self-driving-ND/CarND-Behavioral-Cloning-P3/data_hard/IMG/right_2017_04_28_18_33_23_018.jpg,0.7067669,1,0,16.93013
/home/esteve/self-driving-ND/CarND-Behavioral-Cloning-P3/data_hard/IMG/center_2017_04_28_18_33_23_095.jpg,/home/esteve/self-driving-ND/CarND-Behavioral-Cloning-P3/data_hard/IMG/left_2017_04_28_18_33_23_095.jpg,/home/esteve/self-driving-ND/CarND-Behavioral-Cloning-P3/data_hard/IMG/right_2017_04_28_18_33_23_095.jpg,0.7067669,1,0,17.12857
/home/esteve/self-driving-ND/CarND-Behavioral-Cloning-P3/data_hard/IMG/center_2017_04_28_18_33_23_166.jpg,/home/esteve/self-driving-ND/CarND-Behavioral-Cloning-P3/data_hard/IMG/left_2017_04_28_18_33_23_166.jpg,/home/esteve/self-driving-ND/CarND-Behavioral-Cloning-P3/data_hard/IMG/right_2017_04_28_18_33_23_166.jpg,0.7067669,1,0,17.3469
/home/esteve/self-driving-ND/CarND-Behavioral-Cloning-P3/data_hard/IMG/center_2017_04_28_18_33_23_240.jpg,/home/esteve/self-driving-ND/CarND-Behavioral-Cloning-P3/data_hard/IMG/left_2017_04_28_18_33_23_240.jpg,/home/esteve/self-driving-ND/CarND-Behavioral-Cloning-P3/data_hard/IMG/right_2017_04_28_18_33_23_240.jpg,0.6842105,1,0,17.5706
/home/esteve/self-driving-ND/CarND-Behavioral-Cloning-P3/data_hard/IMG/center_2017_04_28_18_33_23_316.jpg,/home/esteve/self-driving-ND/CarND-Behavioral-Cloning-P3/data_hard/IMG/left_2017_04_28_18_33_23_316.jpg,/home/esteve/self-driving-ND/CarND-Behavioral-Cloning-P3/data_hard/IMG/right_2017_04_28_18_33_23_316.jpg,0.593985,0.7344041,0,18.21399
/home/esteve/self-driving-ND/CarND-Behavioral-Cloning-P3/data_hard/IMG/center_2017_04_28_18_33_23_385.jpg,/home/esteve/self-driving-ND/CarND-Behavioral-Cloning-P3/data_hard/IMG/left_2017_04_28_18_33_23_385.jpg,/home/esteve/self-driving-ND/CarND-Behavioral-Cloning-P3/data_hard/IMG/right_2017_04_28_18_33_23_385.jpg,0.4586466,0.5168648,0,18.14939
/home/esteve/self-driving-ND/CarND-Behavioral-Cloning-P3/data_hard/IMG/center_2017_04_28_18_33_23_461.jpg,/home/esteve/self-driving-ND/CarND-Behavioral-Cloning-P3/data_hard/IMG/left_2017_04_28_18_33_23_461.jpg,/home/esteve/self-driving-ND/CarND-Behavioral-Cloning-P3/data_hard/IMG/right_2017_04_28_18_33_23_461.jpg,0.3609022,0.2883399,0,18.04811
/home/esteve/self-driving-ND/CarND-Behavioral-Cloning-P3/data_hard/IMG/center_2017_04_28_18_33_23_535.jpg,/home/esteve/self-driving-ND/CarND-Behavioral-Cloning-P3/data_hard/IMG/left_2017_04_28_18_33_23_535.jpg,/home/esteve/self-driving-ND/CarND-Behavioral-Cloning-P3/data_hard/IMG/right_2017_04_28_18_33_23_535.jpg,0.3533835,0.06878495,0,17.58655
/home/esteve/self-driving-ND/CarND-Behavioral-Cloning-P3/data_hard/IMG/center_2017_04_28_18_33_23_613.jpg,/home/esteve/self-driving-ND/CarND-Behavioral-Cloning-P3/data_hard/IMG/left_2017_04_28_18_33_23_613.jpg,/home/esteve/self-driving-ND/CarND-Behavioral-Cloning-P3/data_hard/IMG/right_2017_04_28_18_33_23_613.jpg,0.3233083,0.05616331,0,16.99178
/home/esteve/self-driving-ND/CarND-Behavioral-Cloning-P3/data_hard/IMG/center_2017_04_28_18_33_23_685.jpg,/home/esteve/self-driving-ND/CarND-Behavioral-Cloning-P3/data_hard/IMG/left_2017_04_28_18_33_23_685.jpg,/home/esteve/self-driving-ND/CarND-Behavioral-Cloning-P3/data_hard/IMG/right_2017_04_28_18_33_23_685.jpg,0.2406015,0.2738793,0,16.44289
/home/esteve/self-driving-ND/CarND-Behavioral-Cloning-P3/data_hard/IMG/center_2017_04_28_18_33_23_767.jpg,/home/esteve/self-driving-ND/CarND-Behavioral-Cloning-P3/data_hard/IMG/left_2017_04_28_18_33_23_767.jpg,/home/esteve/self-driving-ND/CarND-Behavioral-Cloning-P3/data_hard/IMG/right_2017_04_28_18_33_23_767.jpg,0.1278196,0.5048311,0,16.32644
/home/esteve/self-driving-ND/CarND-Behavioral-Cloning-P3/data_hard/IMG/center_2017_04_28_18_33_23_850.jpg,/home/esteve/self-driving-ND/CarND-Behavioral-Cloning-P3/data_hard/IMG/left_2017_04_28_18_33_23_850.jpg,/home/esteve/self-driving-ND/CarND-Behavioral-Cloning-P3/data_hard/IMG/right_2017_04_28_18_33_23_850.jpg,-0.01503759,0.752517,0,16.45551
/home/esteve/self-driving-ND/CarND-Behavioral-Cloning-P3/data_hard/IMG/center_2017_04_28_18_33_23_921.jpg,/home/esteve/self-driving-ND/CarND-Behavioral-Cloning-P3/data_hard/IMG/left_2017_04_28_18_33_23_921.jpg,/home/esteve/self-driving-ND/CarND-Behavioral-Cloning-P3/data_hard/IMG/right_2017_04_28_18_33_23_921.jpg,-0.1729323,0.97965,0,16.74541
/home/esteve/self-driving-ND/CarND-Behavioral-Cloning-P3/data_hard/IMG/center_2017_04_28_18_33_23_995.jpg,/home/esteve/self-driving-ND/CarND-Behavioral-Cloning-P3/data_hard/IMG/left_2017_04_28_18_33_23_995.jpg,/home/esteve/self-driving-ND/CarND-Behavioral-Cloning-P3/data_hard/IMG/right_2017_04_28_18_33_23_995.jpg,-0.2932331,1,0,17.03441
/home/esteve/self-driving-ND/CarND-Behavioral-Cloning-P3/data_hard/IMG/center_2017_04_28_18_33_24_073.jpg,/home/esteve/self-driving-ND/CarND-Behavioral-Cloning-P3/data_hard/IMG/left_2017_04_28_18_33_24_073.jpg,/home/esteve/self-driving-ND/CarND-Behavioral-Cloning-P3/data_hard/IMG/right_2017_04_28_18_33_24_073.jpg,-0.3984962,0.8213284,0,17.36936
/home/esteve/self-driving-ND/CarND-Behavioral-Cloning-P3/data_hard/IMG/center_2017_04_28_18_33_24_146.jpg,/home/esteve/self-driving-ND/CarND-Behavioral-Cloning-P3/data_hard/IMG/left_2017_04_28_18_33_24_146.jpg,/home/esteve/self-driving-ND/CarND-Behavioral-Cloning-P3/data_hard/IMG/right_2017_04_28_18_33_24_146.jpg,-0.4360902,0.6039758,0,17.53341
/home/esteve/self-driving-ND/CarND-Behavioral-Cloning-P3/data_hard/IMG/center_2017_04_28_18_33_24_220.jpg,/home/esteve/self-driving-ND/CarND-Behavioral-Cloning-P3/data_hard/IMG/left_2017_04_28_18_33_24_220.jpg,/home/esteve/self-driving-ND/CarND-Behavioral-Cloning-P3/data_hard/IMG/right_2017_04_28_18_33_24_220.jpg,-0.4436091,0.4256289,0,17.14683
/home/esteve/self-driving-ND/CarND-Behavioral-Cloning-P3/data_hard/IMG/center_2017_04_28_18_33_24_294.jpg,/home/esteve/self-driving-ND/CarND-Behavioral-Cloning-P3/data_hard/IMG/left_2017_04_28_18_33_24_294.jpg,/home/esteve/self-driving-ND/CarND-Behavioral-Cloning-P3/data_hard/IMG/right_2017_04_28_18_33_24_294.jpg,-0.4436091,0.3822215,0,16.86262
/home/esteve/self-driving-ND/CarND-Behavioral-Cloning-P3/data_hard/IMG/center_2017_04_28_18_33_24_371.jpg,/home/esteve/self-driving-ND/CarND-Behavioral-Cloning-P3/data_hard/IMG/left_2017_04_28_18_33_24_371.jpg,/home/esteve/self-driving-ND/CarND-Behavioral-Cloning-P3/data_hard/IMG/right_2017_04_28_18_33_24_371.jpg,-0.4436091,0.6028056,0,16.6133
/home/esteve/self-driving-ND/CarND-Behavioral-Cloning-P3/data_hard/IMG/center_2017_04_28_18_33_24_445.jpg,/home/esteve/self-driving-ND/CarND-Behavioral-Cloning-P3/data_hard/IMG/left_2017_04_28_18_33_24_445.jpg,/home/esteve/self-driving-ND/CarND-Behavioral-Cloning-P3/data_hard/IMG/right_2017_04_28_18_33_24_445.jpg,-0.4436091,0.8355513,0,16.65051
/home/esteve/self-driving-ND/CarND-Behavioral-Cloning-P3/data_hard/IMG/center_2017_04_28_18_33_24_519.jpg,/home/esteve/self-driving-ND/CarND-Behavioral-Cloning-P3/data_hard/IMG/left_2017_04_28_18_33_24_519.jpg,/home/esteve/self-driving-ND/CarND-Behavioral-Cloning-P3/data_hard/IMG/right_2017_04_28_18_33_24_519.jpg,-0.4436091,1,0,17.01372
/home/esteve/self-driving-ND/CarND-Behavioral-Cloning-P3/data_hard/IMG/center_2017_04_28_18_33_24_592.jpg,/home/esteve/self-driving-ND/CarND-Behavioral-Cloning-P3/data_hard/IMG/left_2017_04_28_18_33_24_592.jpg,/home/esteve/self-driving-ND/CarND-Behavioral-Cloning-P3/data_hard/IMG/right_2017_04_28_18_33_24_592.jpg,-0.4436091,1,0,17.33371
/home/esteve/self-driving-ND/CarND-Behavioral-Cloning-P3/data_hard/IMG/center_2017_04_28_18_33_24_661.jpg,/home/esteve/self-driving-ND/CarND-Behavioral-Cloning-P3/data_hard/IMG/left_2017_04_28_18_33_24_661.jpg,/home/esteve/self-driving-ND/CarND-Behavioral-Cloning-P3/data_hard/IMG/right_2017_04_28_18_33_24_661.jpg,-0.4436091,0.889528,0,17.66258
/home/esteve/self-driving-ND/CarND-Behavioral-Cloning-P3/data_hard/IMG/center_2017_04_28_18_33_24_740.jpg,/home/esteve/self-driving-ND/CarND-Behavioral-Cloning-P3/data_hard/IMG/left_2017_04_28_18_33_24_740.jpg,/home/esteve/self-driving-ND/CarND-Behavioral-Cloning-P3/data_hard/IMG/right_2017_04_28_18_33_24_740.jpg,-0.4436091,0.6144006,0,18.06684
/home/esteve/self-driving-ND/CarND-Behavioral-Cloning-P3/data_hard/IMG/center_2017_04_28_18_33_24_816.jpg,/home/esteve/self-driving-ND/CarND-Behavioral-Cloning-P3/data_hard/IMG/left_2017_04_28_18_33_24_816.jpg,/home/esteve/self-driving-ND/CarND-Behavioral-Cloning-P3/data_hard/IMG/right_2017_04_28_18_33_24_816.jpg,-0.4436091,0.3726335,0,18.19868
/home/esteve/self-driving-ND/CarND-Behavioral-Cloning-P3/data_hard/IMG/center_2017_04_28_18_33_24_893.jpg,/home/esteve/self-driving-ND/CarND-Behavioral-Cloning-P3/data_hard/IMG/left_2017_04_28_18_33_24_893.jpg,/home/esteve/self-driving-ND/CarND-Behavioral-Cloning-P3/data_hard/IMG/right_2017_04_28_18_33_24_893.jpg,-0.4586466,0.3796837,0,17.93169
/home/esteve/self-driving-ND/CarND-Behavioral-Cloning-P3/data_hard/IMG/center_2017_04_28_18_33_24_962.jpg,/home/esteve/self-driving-ND/CarND-Behavioral-Cloning-P3/data_hard/IMG/left_2017_04_28_18_33_24_962.jpg,/home/esteve/self-driving-ND/CarND-Behavioral-Cloning-P3/data_hard/IMG/right_2017_04_28_18_33_24_962.jpg,-0.4887218,0.587467,0,17.84744
/home/esteve/self-driving-ND/CarND-Behavioral-Cloning-P3/data_hard/IMG/center_2017_04_28_18_33_25_039.jpg,/home/esteve/self-driving-ND/CarND-Behavioral-Cloning-P3/data_hard/IMG/left_2017_04_28_18_33_25_039.jpg,/home/esteve/self-driving-ND/CarND-Behavioral-Cloning-P3/data_hard/IMG/right_2017_04_28_18_33_25_039.jpg,-0.5037594,0.8106453,0,18.00013
/home/esteve/self-driving-ND/CarND-Behavioral-Cloning-P3/data_hard/IMG/center_2017_04_28_18_33_25_108.jpg,/home/esteve/self-driving-ND/CarND-Behavioral-Cloning-P3/data_hard/IMG/left_2017_04_28_18_33_25_108.jpg,/home/esteve/self-driving-ND/CarND-Behavioral-Cloning-P3/data_hard/IMG/right_2017_04_28_18_33_25_108.jpg,-0.5037594,1,0,18.41405
/home/esteve/self-driving-ND/CarND-Behavioral-Cloning-P3/data_hard/IMG/center_2017_04_28_18_33_25_180.jpg,/home/esteve/self-driving-ND/CarND-Behavioral-Cloning-P3/data_hard/IMG/left_2017_04_28_18_33_25_180.jpg,/home/esteve/self-driving-ND/CarND-Behavioral-Cloning-P3/data_hard/IMG/right_2017_04_28_18_33_25_180.jpg,-0.4962406,0.8933139,0,19.22583
/home/esteve/self-driving-ND/CarND-Behavioral-Cloning-P3/data_hard/IMG/center_2017_04_28_18_33_25_248.jpg,/home/esteve/self-driving-ND/CarND-Behavioral-Cloning-P3/data_hard/IMG/left_2017_04_28_18_33_25_248.jpg,/home/esteve/self-driving-ND/CarND-Behavioral-Cloning-P3/data_hard/IMG/right_2017_04_28_18_33_25_248.jpg,-0.4661654,0.68086,0,19.67938
/home/esteve/self-driving-ND/CarND-Behavioral-Cloning-P3/data_hard/IMG/center_2017_04_28_18_33_25_317.jpg,/home/esteve/self-driving-ND/CarND-Behavioral-Cloning-P3/data_hard/IMG/left_2017_04_28_18_33_25_317.jpg,/home/esteve/self-driving-ND/CarND-Behavioral-Cloning-P3/data_hard/IMG/right_2017_04_28_18_33_25_317.jpg,-0.3759399,0.4716191,0,19.73322
/home/esteve/self-driving-ND/CarND-Behavioral-Cloning-P3/data_hard/IMG/center_2017_04_28_18_33_25_387.jpg,/home/esteve/self-driving-ND/CarND-Behavioral-Cloning-P3/data_hard/IMG/left_2017_04_28_18_33_25_387.jpg,/home/esteve/self-driving-ND/CarND-Behavioral-Cloning-P3/data_hard/IMG/right_2017_04_28_18_33_25_387.jpg,-0.3458647,0.469615,0,20.09215
/home/esteve/self-driving-ND/CarND-Behavioral-Cloning-P3/data_hard/IMG/center_2017_04_28_18_33_25_456.jpg,/home/esteve/self-driving-ND/CarND-Behavioral-Cloning-P3/data_hard/IMG/left_2017_04_28_18_33_25_456.jpg,/home/esteve/self-driving-ND/CarND-Behavioral-Cloning-P3/data_hard/IMG/right_2017_04_28_18_33_25_456.jpg,-0.3458647,0.6763239,0,20.39499
/home/esteve/self-driving-ND/CarND-Behavioral-Cloning-P3/data_hard/IMG/center_2017_04_28_18_33_25_526.jpg,/home/esteve/self-driving-ND/CarND-Behavioral-Cloning-P3/data_hard/IMG/left_2017_04_28_18_33_25_526.jpg,/home/esteve/self-driving-ND/CarND-Behavioral-Cloning-P3/data_hard/IMG/right_2017_04_28_18_33_25_526.jpg,-0.2781955,0.88831,0,20.94899
/home/esteve/self-driving-ND/CarND-Behavioral-Cloning-P3/data_hard/IMG/center_2017_04_28_18_33_25_597.jpg,/home/esteve/self-driving-ND/CarND-Behavioral-Cloning-P3/data_hard/IMG/left_2017_04_28_18_33_25_597.jpg,/home/esteve/self-driving-ND/CarND-Behavioral-Cloning-P3/data_hard/IMG/right_2017_04_28_18_33_25_597.jpg,-0.01503759,1,0,21.50236
/home/esteve/self-driving-ND/CarND-Behavioral-Cloning-P3/data_hard/IMG/center_2017_04_28_18_33_25_668.jpg,/home/esteve/self-driving-ND/CarND-Behavioral-Cloning-P3/data_hard/IMG/left_2017_04_28_18_33_25_668.jpg,/home/esteve/self-driving-ND/CarND-Behavioral-Cloning-P3/data_hard/IMG/right_2017_04_28_18_33_25_668.jpg,0.02255639,1,0,22.21996
/home/esteve/self-driving-ND/CarND-Behavioral-Cloning-P3/data_hard/IMG/center_2017_04_28_18_33_25_739.jpg,/home/esteve/self-driving-ND/CarND-Behavioral-Cloning-P3/data_hard/IMG/left_2017_04_28_18_33_25_739.jpg,/home/esteve/self-driving-ND/CarND-Behavioral-Cloning-P3/data_hard/IMG/right_2017_04_28_18_33_25_739.jpg,0.03759398,1,0,22.8391
/home/esteve/self-driving-ND/CarND-Behavioral-Cloning-P3/data_hard/IMG/center_2017_04_28_18_33_25_814.jpg,/home/esteve/self-driving-ND/CarND-Behavioral-Cloning-P3/data_hard/IMG/left_2017_04_28_18_33_25_814.jpg,/home/esteve/self-driving-ND/CarND-Behavioral-Cloning-P3/data_hard/IMG/right_2017_04_28_18_33_25_814.jpg,0.03759398,0.8784337,0,23.59717
/home/esteve/self-driving-ND/CarND-Behavioral-Cloning-P3/data_hard/IMG/center_2017_04_28_18_33_25_886.jpg,/home/esteve/self-driving-ND/CarND-Behavioral-Cloning-P3/data_hard/IMG/left_2017_04_28_18_33_25_886.jpg,/home/esteve/self-driving-ND/CarND-Behavioral-Cloning-P3/data_hard/IMG/right_2017_04_28_18_33_25_886.jpg,0.03759398,0.6652596,0,24.15956
/home/esteve/self-driving-ND/CarND-Behavioral-Cloning-P3/data_hard/IMG/center_2017_04_28_18_33_25_956.jpg,/home/esteve/self-driving-ND/CarND-Behavioral-Cloning-P3/data_hard/IMG/left_2017_04_28_18_33_25_956.jpg,/home/esteve/self-driving-ND/CarND-Behavioral-Cloning-P3/data_hard/IMG/right_2017_04_28_18_33_25_956.jpg,0.03759398,0.4541018,0,24.44374
/home/esteve/self-driving-ND/CarND-Behavioral-Cloning-P3/data_hard/IMG/center_2017_04_28_18_33_26_026.jpg,/home/esteve/self-driving-ND/CarND-Behavioral-Cloning-P3/data_hard/IMG/left_2017_04_28_18_33_26_026.jpg,/home/esteve/self-driving-ND/CarND-Behavioral-Cloning-P3/data_hard/IMG/right_2017_04_28_18_33_26_026.jpg,0.04511278,0.2449925,0,24.58639
/home/esteve/self-driving-ND/CarND-Behavioral-Cloning-P3/data_hard/IMG/center_2017_04_28_18_33_26_099.jpg,/home/esteve/self-driving-ND/CarND-Behavioral-Cloning-P3/data_hard/IMG/left_2017_04_28_18_33_26_099.jpg,/home/esteve/self-driving-ND/CarND-Behavioral-Cloning-P3/data_hard/IMG/right_2017_04_28_18_33_26_099.jpg,0.04511278,0.02494836,0,24.53891
/home/esteve/self-driving-ND/CarND-Behavioral-Cloning-P3/data_hard/IMG/center_2017_04_28_18_33_26_183.jpg,/home/esteve/self-driving-ND/CarND-Behavioral-Cloning-P3/data_hard/IMG/left_2017_04_28_18_33_26_183.jpg,/home/esteve/self-driving-ND/CarND-Behavioral-Cloning-P3/data_hard/IMG/right_2017_04_28_18_33_26_183.jpg,0.04511278,0.2771583,0,24.4656
/home/esteve/self-driving-ND/CarND-Behavioral-Cloning-P3/data_hard/IMG/center_2017_04_28_18_33_26_253.jpg,/home/esteve/self-driving-ND/CarND-Behavioral-Cloning-P3/data_hard/IMG/left_2017_04_28_18_33_26_253.jpg,/home/esteve/self-driving-ND/CarND-Behavioral-Cloning-P3/data_hard/IMG/right_2017_04_28_18_33_26_253.jpg,0.04511278,0.4853277,0,24.59978
/home/esteve/self-driving-ND/CarND-Behavioral-Cloning-P3/data_hard/IMG/center_2017_04_28_18_33_26_326.jpg,/home/esteve/self-driving-ND/CarND-Behavioral-Cloning-P3/data_hard/IMG/left_2017_04_28_18_33_26_326.jpg,/home/esteve/self-driving-ND/CarND-Behavioral-Cloning-P3/data_hard/IMG/right_2017_04_28_18_33_26_326.jpg,0.04511278,0.7067852,0,24.99047
/home/esteve/self-driving-ND/CarND-Behavioral-Cloning-P3/data_hard/IMG/center_2017_04_28_18_33_26_393.jpg,/home/esteve/self-driving-ND/CarND-Behavioral-Cloning-P3/data_hard/IMG/left_2017_04_28_18_33_26_393.jpg,/home/esteve/self-driving-ND/CarND-Behavioral-Cloning-P3/data_hard/IMG/right_2017_04_28_18_33_26_393.jpg,0.06766918,0.9072871,0,25.22324
/home/esteve/self-driving-ND/CarND-Behavioral-Cloning-P3/data_hard/IMG/center_2017_04_28_18_33_26_461.jpg,/home/esteve/self-driving-ND/CarND-Behavioral-Cloning-P3/data_hard/IMG/left_2017_04_28_18_33_26_461.jpg,/home/esteve/self-driving-ND/CarND-Behavioral-Cloning-P3/data_hard/IMG/right_2017_04_28_18_33_26_461.jpg,0.1879699,1,0,25.79634
/home/esteve/self-driving-ND/CarND-Behavioral-Cloning-P3/data_hard/IMG/center_2017_04_28_18_33_26_530.jpg,/home/esteve/self-driving-ND/CarND-Behavioral-Cloning-P3/data_hard/IMG/left_2017_04_28_18_33_26_530.jpg,/home/esteve/self-driving-ND/CarND-Behavioral-Cloning-P3/data_hard/IMG/right_2017_04_28_18_33_26_530.jpg,0.2180451,1,0,26.18583
/home/esteve/self-driving-ND/CarND-Behavioral-Cloning-P3/data_hard/IMG/center_2017_04_28_18_33_26_596.jpg,/home/esteve/self-driving-ND/CarND-Behavioral-Cloning-P3/data_hard/IMG/left_2017_04_28_18_33_26_596.jpg,/home/esteve/self-driving-ND/CarND-Behavioral-Cloning-P3/data_hard/IMG/right_2017_04_28_18_33_26_596.jpg,0.2180451,0.945931,0,26.67684
/home/esteve/self-driving-ND/CarND-Behavioral-Cloning-P3/data_hard/IMG/center_2017_04_28_18_33_26_665.jpg,/home/esteve/self-driving-ND/CarND-Behavioral-Cloning-P3/data_hard/IMG/left_2017_04_28_18_33_26_665.jpg,/home/esteve/self-driving-ND/CarND-Behavioral-Cloning-P3/data_hard/IMG/right_2017_04_28_18_33_26_665.jpg,0.3383459,0.7014909,0,26.92807
/home/esteve/self-driving-ND/CarND-Behavioral-Cloning-P3/data_hard/IMG/center_2017_04_28_18_33_26_733.jpg,/home/esteve/self-driving-ND/CarND-Behavioral-Cloning-P3/data_hard/IMG/left_2017_04_28_18_33_26_733.jpg,/home/esteve/self-driving-ND/CarND-Behavioral-Cloning-P3/data_hard/IMG/right_2017_04_28_18_33_26_733.jpg,0.5413534,0.4979978,0,27.04118
/home/esteve/self-driving-ND/CarND-Behavioral-Cloning-P3/data_hard/IMG/center_2017_04_28_18_33_26_803.jpg,/home/esteve/self-driving-ND/CarND-Behavioral-Cloning-P3/data_hard/IMG/left_2017_04_28_18_33_26_803.jpg,/home/esteve/self-driving-ND/CarND-Behavioral-Cloning-P3/data_hard/IMG/right_2017_04_28_18_33_26_803.jpg,0.5639098,0.2870495,0,26.82351
/home/esteve/self-driving-ND/CarND-Behavioral-Cloning-P3/data_hard/IMG/center_2017_04_28_18_33_26_880.jpg,/home/esteve/self-driving-ND/CarND-Behavioral-Cloning-P3/data_hard/IMG/left_2017_04_28_18_33_26_880.jpg,/home/esteve/self-driving-ND/CarND-Behavioral-Cloning-P3/data_hard/IMG/right_2017_04_28_18_33_26_880.jpg,0.5639098,0.1091225,0,26.44955
/home/esteve/self-driving-ND/CarND-Behavioral-Cloning-P3/data_hard/IMG/center_2017_04_28_18_33_26_954.jpg,/home/esteve/self-driving-ND/CarND-Behavioral-Cloning-P3/data_hard/IMG/left_2017_04_28_18_33_26_954.jpg,/home/esteve/self-driving-ND/CarND-Behavioral-Cloning-P3/data_hard/IMG/right_2017_04_28_18_33_26_954.jpg,0.5639098,0,0,25.75632
/home/esteve/self-driving-ND/CarND-Behavioral-Cloning-P3/data_hard/IMG/center_2017_04_28_18_33_27_022.jpg,/home/esteve/self-driving-ND/CarND-Behavioral-Cloning-P3/data_hard/IMG/left_2017_04_28_18_33_27_022.jpg,/home/esteve/self-driving-ND/CarND-Behavioral-Cloning-P3/data_hard/IMG/right_2017_04_28_18_33_27_022.jpg,0.5639098,0,0,25.30921
/home/esteve/self-driving-ND/CarND-Behavioral-Cloning-P3/data_hard/IMG/center_2017_04_28_18_33_27_093.jpg,/home/esteve/self-driving-ND/CarND-Behavioral-Cloning-P3/data_hard/IMG/left_2017_04_28_18_33_27_093.jpg,/home/esteve/self-driving-ND/CarND-Behavioral-Cloning-P3/data_hard/IMG/right_2017_04_28_18_33_27_093.jpg,0.5639098,0.1060174,0,24.82169
/home/esteve/self-driving-ND/CarND-Behavioral-Cloning-P3/data_hard/IMG/center_2017_04_28_18_33_27_171.jpg,/home/esteve/self-driving-ND/CarND-Behavioral-Cloning-P3/data_hard/IMG/left_2017_04_28_18_33_27_171.jpg,/home/esteve/self-driving-ND/CarND-Behavioral-Cloning-P3/data_hard/IMG/right_2017_04_28_18_33_27_171.jpg,0.406015,0.3393152,0,24.42781
/home/esteve/self-driving-ND/CarND-Behavioral-Cloning-P3/data_hard/IMG/center_2017_04_28_18_33_27_254.jpg,/home/esteve/self-driving-ND/CarND-Behavioral-Cloning-P3/data_hard/IMG/left_2017_04_28_18_33_27_254.jpg,/home/esteve/self-driving-ND/CarND-Behavioral-Cloning-P3/data_hard/IMG/right_2017_04_28_18_33_27_254.jpg,0.3233083,0.588129,0,24.3173
/home/esteve/self-driving-ND/CarND-Behavioral-Cloning-P3/data_hard/IMG/center_2017_04_28_18_33_27_329.jpg,/home/esteve/self-driving-ND/CarND-Behavioral-Cloning-P3/data_hard/IMG/left_2017_04_28_18_33_27_329.jpg,/home/esteve/self-driving-ND/CarND-Behavioral-Cloning-P3/data_hard/IMG/right_2017_04_28_18_33_27_329.jpg,0.2255639,0.8146563,0,24.27011
/home/esteve/self-driving-ND/CarND-Behavioral-Cloning-P3/data_hard/IMG/center_2017_04_28_18_33_27_398.jpg,/home/esteve/self-driving-ND/CarND-Behavioral-Cloning-P3/data_hard/IMG/left_2017_04_28_18_33_27_398.jpg,/home/esteve/self-driving-ND/CarND-Behavioral-Cloning-P3/data_hard/IMG/right_2017_04_28_18_33_27_398.jpg,0.1353384,1,0,24.5167
/home/esteve/self-driving-ND/CarND-Behavioral-Cloning-P3/data_hard/IMG/center_2017_04_28_18_33_27_475.jpg,/home/esteve/self-driving-ND/CarND-Behavioral-Cloning-P3/data_hard/IMG/left_2017_04_28_18_33_27_475.jpg,/home/esteve/self-driving-ND/CarND-Behavioral-Cloning-P3/data_hard/IMG/right_2017_04_28_18_33_27_475.jpg,0.04511278,0.9352479,0,24.90611
/home/esteve/self-driving-ND/CarND-Behavioral-Cloning-P3/data_hard/IMG/center_2017_04_28_18_33_27_545.jpg,/home/esteve/self-driving-ND/CarND-Behavioral-Cloning-P3/data_hard/IMG/left_2017_04_28_18_33_27_545.jpg,/home/esteve/self-driving-ND/CarND-Behavioral-Cloning-P3/data_hard/IMG/right_2017_04_28_18_33_27_545.jpg,0.04511278,0.7253561,0,24.95447
/home/esteve/self-driving-ND/CarND-Behavioral-Cloning-P3/data_hard/IMG/center_2017_04_28_18_33_27_621.jpg,/home/esteve/self-driving-ND/CarND-Behavioral-Cloning-P3/data_hard/IMG/left_2017_04_28_18_33_27_621.jpg,/home/esteve/self-driving-ND/CarND-Behavioral-Cloning-P3/data_hard/IMG/right_2017_04_28_18_33_27_621.jpg,0.04511278,0.4949529,0,25.06857
/home/esteve/self-driving-ND/CarND-Behavioral-Cloning-P3/data_hard/IMG/center_2017_04_28_18_33_27_692.jpg,/home/esteve/self-driving-ND/CarND-Behavioral-Cloning-P3/data_hard/IMG/left_2017_04_28_18_33_27_692.jpg,/home/esteve/self-driving-ND/CarND-Behavioral-Cloning-P3/data_hard/IMG/right_2017_04_28_18_33_27_692.jpg,0.04511278,0.2845118,0,24.83297
/home/esteve/self-driving-ND/CarND-Behavioral-Cloning-P3/data_hard/IMG/center_2017_04_28_18_33_27_773.jpg,/home/esteve/self-driving-ND/CarND-Behavioral-Cloning-P3/data_hard/IMG/left_2017_04_28_18_33_27_773.jpg,/home/esteve/self-driving-ND/CarND-Behavioral-Cloning-P3/data_hard/IMG/right_2017_04_28_18_33_27_773.jpg,0.3007519,0.5279734,0,24.51804
/home/esteve/self-driving-ND/CarND-Behavioral-Cloning-P3/data_hard/IMG/center_2017_04_28_18_33_27_850.jpg,/home/esteve/self-driving-ND/CarND-Behavioral-Cloning-P3/data_hard/IMG/left_2017_04_28_18_33_27_850.jpg,/home/esteve/self-driving-ND/CarND-Behavioral-Cloning-P3/data_hard/IMG/right_2017_04_28_18_33_27_850.jpg,0.406015,0.7603292,0,24.3179
/home/esteve/self-driving-ND/CarND-Behavioral-Cloning-P3/data_hard/IMG/center_2017_04_28_18_33_27_930.jpg,/home/esteve/self-driving-ND/CarND-Behavioral-Cloning-P3/data_hard/IMG/left_2017_04_28_18_33_27_930.jpg,/home/esteve/self-driving-ND/CarND-Behavioral-Cloning-P3/data_hard/IMG/right_2017_04_28_18_33_27_930.jpg,0.406015,0.9988956,0,24.5772
/home/esteve/self-driving-ND/CarND-Behavioral-Cloning-P3/data_hard/IMG/center_2017_04_28_18_33_28_004.jpg,/home/esteve/self-driving-ND/CarND-Behavioral-Cloning-P3/data_hard/IMG/left_2017_04_28_18_33_28_004.jpg,/home/esteve/self-driving-ND/CarND-Behavioral-Cloning-P3/data_hard/IMG/right_2017_04_28_18_33_28_004.jpg,0.406015,1,0,24.85658
/home/esteve/self-driving-ND/CarND-Behavioral-Cloning-P3/data_hard/IMG/center_2017_04_28_18_33_28_075.jpg,/home/esteve/self-driving-ND/CarND-Behavioral-Cloning-P3/data_hard/IMG/left_2017_04_28_18_33_28_075.jpg,/home/esteve/self-driving-ND/CarND-Behavioral-Cloning-P3/data_hard/IMG/right_2017_04_28_18_33_28_075.jpg,0.406015,1,0,25.06812
/home/esteve/self-driving-ND/CarND-Behavioral-Cloning-P3/data_hard/IMG/center_2017_04_28_18_33_28_156.jpg,/home/esteve/self-driving-ND/CarND-Behavioral-Cloning-P3/data_hard/IMG/left_2017_04_28_18_33_28_156.jpg,/home/esteve/self-driving-ND/CarND-Behavioral-Cloning-P3/data_hard/IMG/right_2017_04_28_18_33_28_156.jpg,0.406015,1,0,25.49287
/home/esteve/self-driving-ND/CarND-Behavioral-Cloning-P3/data_hard/IMG/center_2017_04_28_18_33_28_229.jpg,/home/esteve/self-driving-ND/CarND-Behavioral-Cloning-P3/data_hard/IMG/left_2017_04_28_18_33_28_229.jpg,/home/esteve/self-driving-ND/CarND-Behavioral-Cloning-P3/data_hard/IMG/right_2017_04_28_18_33_28_229.jpg,0.406015,0.8846228,0,25.76697
/home/esteve/self-driving-ND/CarND-Behavioral-Cloning-P3/data_hard/IMG/center_2017_04_28_18_33_28_314.jpg,/home/esteve/self-driving-ND/CarND-Behavioral-Cloning-P3/data_hard/IMG/left_2017_04_28_18_33_28_314.jpg,/home/esteve/self-driving-ND/CarND-Behavioral-Cloning-P3/data_hard/IMG/right_2017_04_28_18_33_28_314.jpg,0.3834586,0.6491199,0,26.14641
/home/esteve/self-driving-ND/CarND-Behavioral-Cloning-P3/data_hard/IMG/center_2017_04_28_18_33_28_387.jpg,/home/esteve/self-driving-ND/CarND-Behavioral-Cloning-P3/data_hard/IMG/left_2017_04_28_18_33_28_387.jpg,/home/esteve/self-driving-ND/CarND-Behavioral-Cloning-P3/data_hard/IMG/right_2017_04_28_18_33_28_387.jpg,0.3609022,0.4111958,0,26.19499
/home/esteve/self-driving-ND/CarND-Behavioral-Cloning-P3/data_hard/IMG/center_2017_04_28_18_33_28_469.jpg,/home/esteve/self-driving-ND/CarND-Behavioral-Cloning-P3/data_hard/IMG/left_2017_04_28_18_33_28_469.jpg,/home/esteve/self-driving-ND/CarND-Behavioral-Cloning-P3/data_hard/IMG/right_2017_04_28_18_33_28_469.jpg,0.3308271,0.1660776,0,25.94028
/home/esteve/self-driving-ND/CarND-Behavioral-Cloning-P3/data_hard/IMG/center_2017_04_28_18_33_28_552.jpg,/home/esteve/self-driving-ND/CarND-Behavioral-Cloning-P3/data_hard/IMG/left_2017_04_28_18_33_28_552.jpg,/home/esteve/self-driving-ND/CarND-Behavioral-Cloning-P3/data_hard/IMG/right_2017_04_28_18_33_28_552.jpg,0.3233083,0.06421566,0,25.70017
/home/esteve/self-driving-ND/CarND-Behavioral-Cloning-P3/data_hard/IMG/center_2017_04_28_18_33_28_634.jpg,/home/esteve/self-driving-ND/CarND-Behavioral-Cloning-P3/data_hard/IMG/left_2017_04_28_18_33_28_634.jpg,/home/esteve/self-driving-ND/CarND-Behavioral-Cloning-P3/data_hard/IMG/right_2017_04_28_18_33_28_634.jpg,0.3533835,0.3103416,0,25.48741
/home/esteve/self-driving-ND/CarND-Behavioral-Cloning-P3/data_hard/IMG/center_2017_04_28_18_33_28_719.jpg,/home/esteve/self-driving-ND/CarND-Behavioral-Cloning-P3/data_hard/IMG/left_2017_04_28_18_33_28_719.jpg,/home/esteve/self-driving-ND/CarND-Behavioral-Cloning-P3/data_hard/IMG/right_2017_04_28_18_33_28_719.jpg,0.4285714,0.5676126,0,25.47418
/home/esteve/self-driving-ND/CarND-Behavioral-Cloning-P3/data_hard/IMG/center_2017_04_28_18_33_28_800.jpg,/home/esteve/self-driving-ND/CarND-Behavioral-Cloning-P3/data_hard/IMG/left_2017_04_28_18_33_28_800.jpg,/home/esteve/self-driving-ND/CarND-Behavioral-Cloning-P3/data_hard/IMG/right_2017_04_28_18_33_28_800.jpg,0.4285714,0.811233,0,25.41181
/home/esteve/self-driving-ND/CarND-Behavioral-Cloning-P3/data_hard/IMG/center_2017_04_28_18_33_28_885.jpg,/home/esteve/self-driving-ND/CarND-Behavioral-Cloning-P3/data_hard/IMG/left_2017_04_28_18_33_28_885.jpg,/home/esteve/self-driving-ND/CarND-Behavioral-Cloning-P3/data_hard/IMG/right_2017_04_28_18_33_28_885.jpg,0.4285714,0.9397032,0,25.80173
/home/esteve/self-driving-ND/CarND-Behavioral-Cloning-P3/data_hard/IMG/center_2017_04_28_18_33_28_966.jpg,/home/esteve/self-driving-ND/CarND-Behavioral-Cloning-P3/data_hard/IMG/left_2017_04_28_18_33_28_966.jpg,/home/esteve/self-driving-ND/CarND-Behavioral-Cloning-P3/data_hard/IMG/right_2017_04_28_18_33_28_966.jpg,0.4285714,0.6975698,0,25.99902
/home/esteve/self-driving-ND/CarND-Behavioral-Cloning-P3/data_hard/IMG/center_2017_04_28_18_33_29_063.jpg,/home/esteve/self-driving-ND/CarND-Behavioral-Cloning-P3/data_hard/IMG/left_2017_04_28_18_33_29_063.jpg,/home/esteve/self-driving-ND/CarND-Behavioral-Cloning-P3/data_hard/IMG/right_2017_04_28_18_33_29_063.jpg,0.4736842,0.4260552,0,26.65474
/home/esteve/self-driving-ND/CarND-Behavioral-Cloning-P3/data_hard/IMG/center_2017_04_28_18_33_29_133.jpg,/home/esteve/self-driving-ND/CarND-Behavioral-Cloning-P3/data_hard/IMG/left_2017_04_28_18_33_29_133.jpg,/home/esteve/self-driving-ND/CarND-Behavioral-Cloning-P3/data_hard/IMG/right_2017_04_28_18_33_29_133.jpg,0.8421053,0.2125721,0,26.74221
/home/esteve/self-driving-ND/CarND-Behavioral-Cloning-P3/data_hard/IMG/center_2017_04_28_18_33_29_209.jpg,/home/esteve/self-driving-ND/CarND-Behavioral-Cloning-P3/data_hard/IMG/left_2017_04_28_18_33_29_209.jpg,/home/esteve/self-driving-ND/CarND-Behavioral-Cloning-P3/data_hard/IMG/right_2017_04_28_18_33_29_209.jpg,0.924812,0,0,26.64036
/home/esteve/self-driving-ND/CarND-Behavioral-Cloning-P3/data_hard/IMG/center_2017_04_28_18_33_29_289.jpg,/home/esteve/self-driving-ND/CarND-Behavioral-Cloning-P3/data_hard/IMG/left_2017_04_28_18_33_29_289.jpg,/home/esteve/self-driving-ND/CarND-Behavioral-Cloning-P3/data_hard/IMG/right_2017_04_28_18_33_29_289.jpg,0.9548872,0,0,26.63848
/home/esteve/self-driving-ND/CarND-Behavioral-Cloning-P3/data_hard/IMG/center_2017_04_28_18_33_29_369.jpg,/home/esteve/self-driving-ND/CarND-Behavioral-Cloning-P3/data_hard/IMG/left_2017_04_28_18_33_29_369.jpg,/home/esteve/self-driving-ND/CarND-Behavioral-Cloning-P3/data_hard/IMG/right_2017_04_28_18_33_29_369.jpg,0.962406,0,0,26.66991
/home/esteve/self-driving-ND/CarND-Behavioral-Cloning-P3/data_hard/IMG/center_2017_04_28_18_33_29_450.jpg,/home/esteve/self-driving-ND/CarND-Behavioral-Cloning-P3/data_hard/IMG/left_2017_04_28_18_33_29_450.jpg,/home/esteve/self-driving-ND/CarND-Behavioral-Cloning-P3/data_hard/IMG/right_2017_04_28_18_33_29_450.jpg,0.8646616,0,0,26.47313
/home/esteve/self-driving-ND/CarND-Behavioral-Cloning-P3/data_hard/IMG/center_2017_04_28_18_33_29_529.jpg,/home/esteve/self-driving-ND/CarND-Behavioral-Cloning-P3/data_hard/IMG/left_2017_04_28_18_33_29_529.jpg,/home/esteve/self-driving-ND/CarND-Behavioral-Cloning-P3/data_hard/IMG/right_2017_04_28_18_33_29_529.jpg,0.6390978,0,0,26.54276
/home/esteve/self-driving-ND/CarND-Behavioral-Cloning-P3/data_hard/IMG/center_2017_04_28_18_33_29_596.jpg,/home/esteve/self-driving-ND/CarND-Behavioral-Cloning-P3/data_hard/IMG/left_2017_04_28_18_33_29_596.jpg,/home/esteve/self-driving-ND/CarND-Behavioral-Cloning-P3/data_hard/IMG/right_2017_04_28_18_33_29_596.jpg,0.5413534,0,0,26.65411
/home/esteve/self-driving-ND/CarND-Behavioral-Cloning-P3/data_hard/IMG/center_2017_04_28_18_33_29_679.jpg,/home/esteve/self-driving-ND/CarND-Behavioral-Cloning-P3/data_hard/IMG/left_2017_04_28_18_33_29_679.jpg,/home/esteve/self-driving-ND/CarND-Behavioral-Cloning-P3/data_hard/IMG/right_2017_04_28_18_33_29_679.jpg,0.3759399,0,0,26.81794
/home/esteve/self-driving-ND/CarND-Behavioral-Cloning-P3/data_hard/IMG/center_2017_04_28_18_33_29_761.jpg,/home/esteve/self-driving-ND/CarND-Behavioral-Cloning-P3/data_hard/IMG/left_2017_04_28_18_33_29_761.jpg,/home/esteve/self-driving-ND/CarND-Behavioral-Cloning-P3/data_hard/IMG/right_2017_04_28_18_33_29_761.jpg,0.2706767,0,0,26.99614
/home/esteve/self-driving-ND/CarND-Behavioral-Cloning-P3/data_hard/IMG/center_2017_04_28_18_33_29_837.jpg,/home/esteve/self-driving-ND/CarND-Behavioral-Cloning-P3/data_hard/IMG/left_2017_04_28_18_33_29_837.jpg,/home/esteve/self-driving-ND/CarND-Behavioral-Cloning-P3/data_hard/IMG/right_2017_04_28_18_33_29_837.jpg,0.04511278,0,0,27.14422
/home/esteve/self-driving-ND/CarND-Behavioral-Cloning-P3/data_hard/IMG/center_2017_04_28_18_33_29_923.jpg,/home/esteve/self-driving-ND/CarND-Behavioral-Cloning-P3/data_hard/IMG/left_2017_04_28_18_33_29_923.jpg,/home/esteve/self-driving-ND/CarND-Behavioral-Cloning-P3/data_hard/IMG/right_2017_04_28_18_33_29_923.jpg,0,0,0,27.34797
/home/esteve/self-driving-ND/CarND-Behavioral-Cloning-P3/data_hard/IMG/center_2017_04_28_18_33_30_007.jpg,/home/esteve/self-driving-ND/CarND-Behavioral-Cloning-P3/data_hard/IMG/left_2017_04_28_18_33_30_007.jpg,/home/esteve/self-driving-ND/CarND-Behavioral-Cloning-P3/data_hard/IMG/right_2017_04_28_18_33_30_007.jpg,0,0,0,27.52203
/home/esteve/self-driving-ND/CarND-Behavioral-Cloning-P3/data_hard/IMG/center_2017_04_28_18_33_30_096.jpg,/home/esteve/self-driving-ND/CarND-Behavioral-Cloning-P3/data_hard/IMG/left_2017_04_28_18_33_30_096.jpg,/home/esteve/self-driving-ND/CarND-Behavioral-Cloning-P3/data_hard/IMG/right_2017_04_28_18_33_30_096.jpg,0.007518797,0,0,27.68866
/home/esteve/self-driving-ND/CarND-Behavioral-Cloning-P3/data_hard/IMG/center_2017_04_28_18_33_30_180.jpg,/home/esteve/self-driving-ND/CarND-Behavioral-Cloning-P3/data_hard/IMG/left_2017_04_28_18_33_30_180.jpg,/home/esteve/self-driving-ND/CarND-Behavioral-Cloning-P3/data_hard/IMG/right_2017_04_28_18_33_30_180.jpg,0.007518797,0,0,27.87404
/home/esteve/self-driving-ND/CarND-Behavioral-Cloning-P3/data_hard/IMG/center_2017_04_28_18_33_30_270.jpg,/home/esteve/self-driving-ND/CarND-Behavioral-Cloning-P3/data_hard/IMG/left_2017_04_28_18_33_30_270.jpg,/home/esteve/self-driving-ND/CarND-Behavioral-Cloning-P3/data_hard/IMG/right_2017_04_28_18_33_30_270.jpg,0.007518797,0,0,28.08271
/home/esteve/self-driving-ND/CarND-Behavioral-Cloning-P3/data_hard/IMG/center_2017_04_28_18_33_30_356.jpg,/home/esteve/self-driving-ND/CarND-Behavioral-Cloning-P3/data_hard/IMG/left_2017_04_28_18_33_30_356.jpg,/home/esteve/self-driving-ND/CarND-Behavioral-Cloning-P3/data_hard/IMG/right_2017_04_28_18_33_30_356.jpg,0.07518797,0,0,28.2463
/home/esteve/self-driving-ND/CarND-Behavioral-Cloning-P3/data_hard/IMG/center_2017_04_28_18_33_30_441.jpg,/home/esteve/self-driving-ND/CarND-Behavioral-Cloning-P3/data_hard/IMG/left_2017_04_28_18_33_30_441.jpg,/home/esteve/self-driving-ND/CarND-Behavioral-Cloning-P3/data_hard/IMG/right_2017_04_28_18_33_30_441.jpg,1,0,0,28.01269
/home/esteve/self-driving-ND/CarND-Behavioral-Cloning-P3/data_hard/IMG/center_2017_04_28_18_33_30_526.jpg,/home/esteve/self-driving-ND/CarND-Behavioral-Cloning-P3/data_hard/IMG/left_2017_04_28_18_33_30_526.jpg,/home/esteve/self-driving-ND/CarND-Behavioral-Cloning-P3/data_hard/IMG/right_2017_04_28_18_33_30_526.jpg,1,0,0,27.57087
/home/esteve/self-driving-ND/CarND-Behavioral-Cloning-P3/data_hard/IMG/center_2017_04_28_18_33_30_609.jpg,/home/esteve/self-driving-ND/CarND-Behavioral-Cloning-P3/data_hard/IMG/left_2017_04_28_18_33_30_609.jpg,/home/esteve/self-driving-ND/CarND-Behavioral-Cloning-P3/data_hard/IMG/right_2017_04_28_18_33_30_609.jpg,1,0,0,27.10596
/home/esteve/self-driving-ND/CarND-Behavioral-Cloning-P3/data_hard/IMG/center_2017_04_28_18_33_30_697.jpg,/home/esteve/self-driving-ND/CarND-Behavioral-Cloning-P3/data_hard/IMG/left_2017_04_28_18_33_30_697.jpg,/home/esteve/self-driving-ND/CarND-Behavioral-Cloning-P3/data_hard/IMG/right_2017_04_28_18_33_30_697.jpg,0.8421053,0,0,27.00696
/home/esteve/self-driving-ND/CarND-Behavioral-Cloning-P3/data_hard/IMG/center_2017_04_28_18_33_30_770.jpg,/home/esteve/self-driving-ND/CarND-Behavioral-Cloning-P3/data_hard/IMG/left_2017_04_28_18_33_30_770.jpg,/home/esteve/self-driving-ND/CarND-Behavioral-Cloning-P3/data_hard/IMG/right_2017_04_28_18_33_30_770.jpg,0.2932331,0,0,27.01182
/home/esteve/self-driving-ND/CarND-Behavioral-Cloning-P3/data_hard/IMG/center_2017_04_28_18_33_30_839.jpg,/home/esteve/self-driving-ND/CarND-Behavioral-Cloning-P3/data_hard/IMG/left_2017_04_28_18_33_30_839.jpg,/home/esteve/self-driving-ND/CarND-Behavioral-Cloning-P3/data_hard/IMG/right_2017_04_28_18_33_30_839.jpg,-0.4436091,0,0,27.17876
/home/esteve/self-driving-ND/CarND-Behavioral-Cloning-P3/data_hard/IMG/center_2017_04_28_18_33_30_923.jpg,/home/esteve/self-driving-ND/CarND-Behavioral-Cloning-P3/data_hard/IMG/left_2017_04_28_18_33_30_923.jpg,/home/esteve/self-driving-ND/CarND-Behavioral-Cloning-P3/data_hard/IMG/right_2017_04_28_18_33_30_923.jpg,-0.518797,0,0,26.66219
/home/esteve/self-driving-ND/CarND-Behavioral-Cloning-P3/data_hard/IMG/center_2017_04_28_18_33_30_992.jpg,/home/esteve/self-driving-ND/CarND-Behavioral-Cloning-P3/data_hard/IMG/left_2017_04_28_18_33_30_992.jpg,/home/esteve/self-driving-ND/CarND-Behavioral-Cloning-P3/data_hard/IMG/right_2017_04_28_18_33_30_992.jpg,-0.6390978,0,0,24.28624
/home/esteve/self-driving-ND/CarND-Behavioral-Cloning-P3/data_hard/IMG/center_2017_04_28_18_33_31_074.jpg,/home/esteve/self-driving-ND/CarND-Behavioral-Cloning-P3/data_hard/IMG/left_2017_04_28_18_33_31_074.jpg,/home/esteve/self-driving-ND/CarND-Behavioral-Cloning-P3/data_hard/IMG/right_2017_04_28_18_33_31_074.jpg,-0.7969925,0,0,21.72648
/home/esteve/self-driving-ND/CarND-Behavioral-Cloning-P3/data_hard/IMG/center_2017_04_28_18_33_31_144.jpg,/home/esteve/self-driving-ND/CarND-Behavioral-Cloning-P3/data_hard/IMG/left_2017_04_28_18_33_31_144.jpg,/home/esteve/self-driving-ND/CarND-Behavioral-Cloning-P3/data_hard/IMG/right_2017_04_28_18_33_31_144.jpg,-0.9097744,0,0,20.07133
/home/esteve/self-driving-ND/CarND-Behavioral-Cloning-P3/data_hard/IMG/center_2017_04_28_18_33_31_245.jpg,/home/esteve/self-driving-ND/CarND-Behavioral-Cloning-P3/data_hard/IMG/left_2017_04_28_18_33_31_245.jpg,/home/esteve/self-driving-ND/CarND-Behavioral-Cloning-P3/data_hard/IMG/right_2017_04_28_18_33_31_245.jpg,-0.9924812,0,0,19.14667
/home/esteve/self-driving-ND/CarND-Behavioral-Cloning-P3/data_hard/IMG/center_2017_04_28_18_33_31_305.jpg,/home/esteve/self-driving-ND/CarND-Behavioral-Cloning-P3/data_hard/IMG/left_2017_04_28_18_33_31_305.jpg,/home/esteve/self-driving-ND/CarND-Behavioral-Cloning-P3/data_hard/IMG/right_2017_04_28_18_33_31_305.jpg,-0.9924812,0,0,18.91578
/home/esteve/self-driving-ND/CarND-Behavioral-Cloning-P3/data_hard/IMG/center_2017_04_28_18_33_31_391.jpg,/home/esteve/self-driving-ND/CarND-Behavioral-Cloning-P3/data_hard/IMG/left_2017_04_28_18_33_31_391.jpg,/home/esteve/self-driving-ND/CarND-Behavioral-Cloning-P3/data_hard/IMG/right_2017_04_28_18_33_31_391.jpg,-0.9323308,0,0,18.64362
/home/esteve/self-driving-ND/CarND-Behavioral-Cloning-P3/data_hard/IMG/center_2017_04_28_18_33_31_468.jpg,/home/esteve/self-driving-ND/CarND-Behavioral-Cloning-P3/data_hard/IMG/left_2017_04_28_18_33_31_468.jpg,/home/esteve/self-driving-ND/CarND-Behavioral-Cloning-P3/data_hard/IMG/right_2017_04_28_18_33_31_468.jpg,-0.8721805,0,0,18.16136
/home/esteve/self-driving-ND/CarND-Behavioral-Cloning-P3/data_hard/IMG/center_2017_04_28_18_33_31_553.jpg,/home/esteve/self-driving-ND/CarND-Behavioral-Cloning-P3/data_hard/IMG/left_2017_04_28_18_33_31_553.jpg,/home/esteve/self-driving-ND/CarND-Behavioral-Cloning-P3/data_hard/IMG/right_2017_04_28_18_33_31_553.jpg,-0.8270676,0,0,17.7537
/home/esteve/self-driving-ND/CarND-Behavioral-Cloning-P3/data_hard/IMG/center_2017_04_28_18_33_31_619.jpg,/home/esteve/self-driving-ND/CarND-Behavioral-Cloning-P3/data_hard/IMG/left_2017_04_28_18_33_31_619.jpg,/home/esteve/self-driving-ND/CarND-Behavioral-Cloning-P3/data_hard/IMG/right_2017_04_28_18_33_31_619.jpg,-0.8120301,0,0,17.10741
/home/esteve/self-driving-ND/CarND-Behavioral-Cloning-P3/data_hard/IMG/center_2017_04_28_18_33_31_704.jpg,/home/esteve/self-driving-ND/CarND-Behavioral-Cloning-P3/data_hard/IMG/left_2017_04_28_18_33_31_704.jpg,/home/esteve/self-driving-ND/CarND-Behavioral-Cloning-P3/data_hard/IMG/right_2017_04_28_18_33_31_704.jpg,-0.6240602,0.07508111,0,17.10268
/home/esteve/self-driving-ND/CarND-Behavioral-Cloning-P3/data_hard/IMG/center_2017_04_28_18_33_31_773.jpg,/home/esteve/self-driving-ND/CarND-Behavioral-Cloning-P3/data_hard/IMG/left_2017_04_28_18_33_31_773.jpg,/home/esteve/self-driving-ND/CarND-Behavioral-Cloning-P3/data_hard/IMG/right_2017_04_28_18_33_31_773.jpg,-0.4135338,0.2835689,0,16.67944
/home/esteve/self-driving-ND/CarND-Behavioral-Cloning-P3/data_hard/IMG/center_2017_04_28_18_33_31_846.jpg,/home/esteve/self-driving-ND/CarND-Behavioral-Cloning-P3/data_hard/IMG/left_2017_04_28_18_33_31_846.jpg,/home/esteve/self-driving-ND/CarND-Behavioral-Cloning-P3/data_hard/IMG/right_2017_04_28_18_33_31_846.jpg,-0.1203007,0.500757,0,16.77052
/home/esteve/self-driving-ND/CarND-Behavioral-Cloning-P3/data_hard/IMG/center_2017_04_28_18_33_31_913.jpg,/home/esteve/self-driving-ND/CarND-Behavioral-Cloning-P3/data_hard/IMG/left_2017_04_28_18_33_31_913.jpg,/home/esteve/self-driving-ND/CarND-Behavioral-Cloning-P3/data_hard/IMG/right_2017_04_28_18_33_31_913.jpg,-0.06015037,0.7031193,0,16.6891
/home/esteve/self-driving-ND/CarND-Behavioral-Cloning-P3/data_hard/IMG/center_2017_04_28_18_33_32_000.jpg,/home/esteve/self-driving-ND/CarND-Behavioral-Cloning-P3/data_hard/IMG/left_2017_04_28_18_33_32_000.jpg,/home/esteve/self-driving-ND/CarND-Behavioral-Cloning-P3/data_hard/IMG/right_2017_04_28_18_33_32_000.jpg,-0.06015037,0.4578903,0,16.87119
/home/esteve/self-driving-ND/CarND-Behavioral-Cloning-P3/data_hard/IMG/center_2017_04_28_18_33_32_080.jpg,/home/esteve/self-driving-ND/CarND-Behavioral-Cloning-P3/data_hard/IMG/left_2017_04_28_18_33_32_080.jpg,/home/esteve/self-driving-ND/CarND-Behavioral-Cloning-P3/data_hard/IMG/right_2017_04_28_18_33_32_080.jpg,-0.01503759,0.2033916,0,16.68055
/home/esteve/self-driving-ND/CarND-Behavioral-Cloning-P3/data_hard/IMG/center_2017_04_28_18_33_32_146.jpg,/home/esteve/self-driving-ND/CarND-Behavioral-Cloning-P3/data_hard/IMG/left_2017_04_28_18_33_32_146.jpg,/home/esteve/self-driving-ND/CarND-Behavioral-Cloning-P3/data_hard/IMG/right_2017_04_28_18_33_32_146.jpg,0.06766918,0.002595663,0,16.2034
/home/esteve/self-driving-ND/CarND-Behavioral-Cloning-P3/data_hard/IMG/center_2017_04_28_18_33_32_233.jpg,/home/esteve/self-driving-ND/CarND-Behavioral-Cloning-P3/data_hard/IMG/left_2017_04_28_18_33_32_233.jpg,/home/esteve/self-driving-ND/CarND-Behavioral-Cloning-P3/data_hard/IMG/right_2017_04_28_18_33_32_233.jpg,0.1428571,0.2632899,0,15.93895
/home/esteve/self-driving-ND/CarND-Behavioral-Cloning-P3/data_hard/IMG/center_2017_04_28_18_33_32_320.jpg,/home/esteve/self-driving-ND/CarND-Behavioral-Cloning-P3/data_hard/IMG/left_2017_04_28_18_33_32_320.jpg,/home/esteve/self-driving-ND/CarND-Behavioral-Cloning-P3/data_hard/IMG/right_2017_04_28_18_33_32_320.jpg,0.1428571,0.2379134,0,15.74217
/home/esteve/self-driving-ND/CarND-Behavioral-Cloning-P3/data_hard/IMG/center_2017_04_28_18_33_32_403.jpg,/home/esteve/self-driving-ND/CarND-Behavioral-Cloning-P3/data_hard/IMG/left_2017_04_28_18_33_32_403.jpg,/home/esteve/self-driving-ND/CarND-Behavioral-Cloning-P3/data_hard/IMG/right_2017_04_28_18_33_32_403.jpg,0.1428571,0.006178379,0,15.56394
/home/esteve/self-driving-ND/CarND-Behavioral-Cloning-P3/data_hard/IMG/center_2017_04_28_18_33_32_491.jpg,/home/esteve/self-driving-ND/CarND-Behavioral-Cloning-P3/data_hard/IMG/left_2017_04_28_18_33_32_491.jpg,/home/esteve/self-driving-ND/CarND-Behavioral-Cloning-P3/data_hard/IMG/right_2017_04_28_18_33_32_491.jpg,0.1428571,0.07915235,0,14.75007
/home/esteve/self-driving-ND/CarND-Behavioral-Cloning-P3/data_hard/IMG/center_2017_04_28_18_33_32_570.jpg,/home/esteve/self-driving-ND/CarND-Behavioral-Cloning-P3/data_hard/IMG/left_2017_04_28_18_33_32_570.jpg,/home/esteve/self-driving-ND/CarND-Behavioral-Cloning-P3/data_hard/IMG/right_2017_04_28_18_33_32_570.jpg,0.1578947,0.328944,0,14.34464
/home/esteve/self-driving-ND/CarND-Behavioral-Cloning-P3/data_hard/IMG/center_2017_04_28_18_33_32_661.jpg,/home/esteve/self-driving-ND/CarND-Behavioral-Cloning-P3/data_hard/IMG/left_2017_04_28_18_33_32_661.jpg,/home/esteve/self-driving-ND/CarND-Behavioral-Cloning-P3/data_hard/IMG/right_2017_04_28_18_33_32_661.jpg,0.1654135,0.5853989,0,14.22913
/home/esteve/self-driving-ND/CarND-Behavioral-Cloning-P3/data_hard/IMG/center_2017_04_28_18_33_32_746.jpg,/home/esteve/self-driving-ND/CarND-Behavioral-Cloning-P3/data_hard/IMG/left_2017_04_28_18_33_32_746.jpg,/home/esteve/self-driving-ND/CarND-Behavioral-Cloning-P3/data_hard/IMG/right_2017_04_28_18_33_32_746.jpg,0.1654135,0.8558521,0,14.41481
/home/esteve/self-driving-ND/CarND-Behavioral-Cloning-P3/data_hard/IMG/center_2017_04_28_18_33_32_823.jpg,/home/esteve/self-driving-ND/CarND-Behavioral-Cloning-P3/data_hard/IMG/left_2017_04_28_18_33_32_823.jpg,/home/esteve/self-driving-ND/CarND-Behavioral-Cloning-P3/data_hard/IMG/right_2017_04_28_18_33_32_823.jpg,0.1654135,0.9186659,0,14.72668
/home/esteve/self-driving-ND/CarND-Behavioral-Cloning-P3/data_hard/IMG/center_2017_04_28_18_33_32_901.jpg,/home/esteve/self-driving-ND/CarND-Behavioral-Cloning-P3/data_hard/IMG/left_2017_04_28_18_33_32_901.jpg,/home/esteve/self-driving-ND/CarND-Behavioral-Cloning-P3/data_hard/IMG/right_2017_04_28_18_33_32_901.jpg,0.1428571,0.6638217,0,14.71468
/home/esteve/self-driving-ND/CarND-Behavioral-Cloning-P3/data_hard/IMG/center_2017_04_28_18_33_32_994.jpg,/home/esteve/self-driving-ND/CarND-Behavioral-Cloning-P3/data_hard/IMG/left_2017_04_28_18_33_32_994.jpg,/home/esteve/self-driving-ND/CarND-Behavioral-Cloning-P3/data_hard/IMG/right_2017_04_28_18_33_32_994.jpg,0.1353384,0.5282307,0,14.63792
/home/esteve/self-driving-ND/CarND-Behavioral-Cloning-P3/data_hard/IMG/center_2017_04_28_18_33_33_086.jpg,/home/esteve/self-driving-ND/CarND-Behavioral-Cloning-P3/data_hard/IMG/left_2017_04_28_18_33_33_086.jpg,/home/esteve/self-driving-ND/CarND-Behavioral-Cloning-P3/data_hard/IMG/right_2017_04_28_18_33_33_086.jpg,0.1353384,0.7988219,0,14.89181
/home/esteve/self-driving-ND/CarND-Behavioral-Cloning-P3/data_hard/IMG/center_2017_04_28_18_33_33_160.jpg,/home/esteve/self-driving-ND/CarND-Behavioral-Cloning-P3/data_hard/IMG/left_2017_04_28_18_33_33_160.jpg,/home/esteve/self-driving-ND/CarND-Behavioral-Cloning-P3/data_hard/IMG/right_2017_04_28_18_33_33_160.jpg,0.1353384,1,0,15.03418
/home/esteve/self-driving-ND/CarND-Behavioral-Cloning-P3/data_hard/IMG/center_2017_04_28_18_33_33_253.jpg,/home/esteve/self-driving-ND/CarND-Behavioral-Cloning-P3/data_hard/IMG/left_2017_04_28_18_33_33_253.jpg,/home/esteve/self-driving-ND/CarND-Behavioral-Cloning-P3/data_hard/IMG/right_2017_04_28_18_33_33_253.jpg,0.1353384,1,0,15.70811
/home/esteve/self-driving-ND/CarND-Behavioral-Cloning-P3/data_hard/IMG/center_2017_04_28_18_33_33_332.jpg,/home/esteve/self-driving-ND/CarND-Behavioral-Cloning-P3/data_hard/IMG/left_2017_04_28_18_33_33_332.jpg,/home/esteve/self-driving-ND/CarND-Behavioral-Cloning-P3/data_hard/IMG/right_2017_04_28_18_33_33_332.jpg,0.1353384,1,0,16.18184
/home/esteve/self-driving-ND/CarND-Behavioral-Cloning-P3/data_hard/IMG/center_2017_04_28_18_33_33_415.jpg,/home/esteve/self-driving-ND/CarND-Behavioral-Cloning-P3/data_hard/IMG/left_2017_04_28_18_33_33_415.jpg,/home/esteve/self-driving-ND/CarND-Behavioral-Cloning-P3/data_hard/IMG/right_2017_04_28_18_33_33_415.jpg,0.1353384,1,0,16.42694
/home/esteve/self-driving-ND/CarND-Behavioral-Cloning-P3/data_hard/IMG/center_2017_04_28_18_33_33_496.jpg,/home/esteve/self-driving-ND/CarND-Behavioral-Cloning-P3/data_hard/IMG/left_2017_04_28_18_33_33_496.jpg,/home/esteve/self-driving-ND/CarND-Behavioral-Cloning-P3/data_hard/IMG/right_2017_04_28_18_33_33_496.jpg,0.1353384,0.9463,0,16.79191
/home/esteve/self-driving-ND/CarND-Behavioral-Cloning-P3/data_hard/IMG/center_2017_04_28_18_33_33_579.jpg,/home/esteve/self-driving-ND/CarND-Behavioral-Cloning-P3/data_hard/IMG/left_2017_04_28_18_33_33_579.jpg,/home/esteve/self-driving-ND/CarND-Behavioral-Cloning-P3/data_hard/IMG/right_2017_04_28_18_33_33_579.jpg,0.1353384,0.6964812,0,16.85353
/home/esteve/self-driving-ND/CarND-Behavioral-Cloning-P3/data_hard/IMG/center_2017_04_28_18_33_33_670.jpg,/home/esteve/self-driving-ND/CarND-Behavioral-Cloning-P3/data_hard/IMG/left_2017_04_28_18_33_33_670.jpg,/home/esteve/self-driving-ND/CarND-Behavioral-Cloning-P3/data_hard/IMG/right_2017_04_28_18_33_33_670.jpg,0.1353384,0.4447391,0,16.70051
/home/esteve/self-driving-ND/CarND-Behavioral-Cloning-P3/data_hard/IMG/center_2017_04_28_18_33_33_730.jpg,/home/esteve/self-driving-ND/CarND-Behavioral-Cloning-P3/data_hard/IMG/left_2017_04_28_18_33_33_730.jpg,/home/esteve/self-driving-ND/CarND-Behavioral-Cloning-P3/data_hard/IMG/right_2017_04_28_18_33_33_730.jpg,0.2105263,0.6462431,0,16.38325
/home/esteve/self-driving-ND/CarND-Behavioral-Cloning-P3/data_hard/IMG/center_2017_04_28_18_33_33_798.jpg,/home/esteve/self-driving-ND/CarND-Behavioral-Cloning-P3/data_hard/IMG/left_2017_04_28_18_33_33_798.jpg,/home/esteve/self-driving-ND/CarND-Behavioral-Cloning-P3/data_hard/IMG/right_2017_04_28_18_33_33_798.jpg,0.2330827,0.8515065,0,16.22161
/home/esteve/self-driving-ND/CarND-Behavioral-Cloning-P3/data_hard/IMG/center_2017_04_28_18_33_33_877.jpg,/home/esteve/self-driving-ND/CarND-Behavioral-Cloning-P3/data_hard/IMG/left_2017_04_28_18_33_33_877.jpg,/home/esteve/self-driving-ND/CarND-Behavioral-Cloning-P3/data_hard/IMG/right_2017_04_28_18_33_33_877.jpg,0.2330827,1,0,16.60337
/home/esteve/self-driving-ND/CarND-Behavioral-Cloning-P3/data_hard/IMG/center_2017_04_28_18_33_33_944.jpg,/home/esteve/self-driving-ND/CarND-Behavioral-Cloning-P3/data_hard/IMG/left_2017_04_28_18_33_33_944.jpg,/home/esteve/self-driving-ND/CarND-Behavioral-Cloning-P3/data_hard/IMG/right_2017_04_28_18_33_33_944.jpg,0.2330827,0.9226422,0,16.2577
/home/esteve/self-driving-ND/CarND-Behavioral-Cloning-P3/data_hard/IMG/center_2017_04_28_18_33_34_012.jpg,/home/esteve/self-driving-ND/CarND-Behavioral-Cloning-P3/data_hard/IMG/left_2017_04_28_18_33_34_012.jpg,/home/esteve/self-driving-ND/CarND-Behavioral-Cloning-P3/data_hard/IMG/right_2017_04_28_18_33_34_012.jpg,0.2330827,0.7198844,0,16.92627
/home/esteve/self-driving-ND/CarND-Behavioral-Cloning-P3/data_hard/IMG/center_2017_04_28_18_33_34_099.jpg,/home/esteve/self-driving-ND/CarND-Behavioral-Cloning-P3/data_hard/IMG/left_2017_04_28_18_33_34_099.jpg,/home/esteve/self-driving-ND/CarND-Behavioral-Cloning-P3/data_hard/IMG/right_2017_04_28_18_33_34_099.jpg,0.2330827,0.5949314,0,16.78475
/home/esteve/self-driving-ND/CarND-Behavioral-Cloning-P3/data_hard/IMG/center_2017_04_28_18_33_34_176.jpg,/home/esteve/self-driving-ND/CarND-Behavioral-Cloning-P3/data_hard/IMG/left_2017_04_28_18_33_34_176.jpg,/home/esteve/self-driving-ND/CarND-Behavioral-Cloning-P3/data_hard/IMG/right_2017_04_28_18_33_34_176.jpg,0.2330827,0.8488507,0,16.58756
/home/esteve/self-driving-ND/CarND-Behavioral-Cloning-P3/data_hard/IMG/center_2017_04_28_18_33_34_250.jpg,/home/esteve/self-driving-ND/CarND-Behavioral-Cloning-P3/data_hard/IMG/left_2017_04_28_18_33_34_250.jpg,/home/esteve/self-driving-ND/CarND-Behavioral-Cloning-P3/data_hard/IMG/right_2017_04_28_18_33_34_250.jpg,0.2406015,1,0,16.80909
/home/esteve/self-driving-ND/CarND-Behavioral-Cloning-P3/data_hard/IMG/center_2017_04_28_18_33_34_320.jpg,/home/esteve/self-driving-ND/CarND-Behavioral-Cloning-P3/data_hard/IMG/left_2017_04_28_18_33_34_320.jpg,/home/esteve/self-driving-ND/CarND-Behavioral-Cloning-P3/data_hard/IMG/right_2017_04_28_18_33_34_320.jpg,0.2481203,1,0,17.37123
/home/esteve/self-driving-ND/CarND-Behavioral-Cloning-P3/data_hard/IMG/center_2017_04_28_18_33_34_403.jpg,/home/esteve/self-driving-ND/CarND-Behavioral-Cloning-P3/data_hard/IMG/left_2017_04_28_18_33_34_403.jpg,/home/esteve/self-driving-ND/CarND-Behavioral-Cloning-P3/data_hard/IMG/right_2017_04_28_18_33_34_403.jpg,0.2481203,1,0,18.08033
/home/esteve/self-driving-ND/CarND-Behavioral-Cloning-P3/data_hard/IMG/center_2017_04_28_18_33_34_471.jpg,/home/esteve/self-driving-ND/CarND-Behavioral-Cloning-P3/data_hard/IMG/left_2017_04_28_18_33_34_471.jpg,/home/esteve/self-driving-ND/CarND-Behavioral-Cloning-P3/data_hard/IMG/right_2017_04_28_18_33_34_471.jpg,0.2932331,1,0,18.72753
/home/esteve/self-driving-ND/CarND-Behavioral-Cloning-P3/data_hard/IMG/center_2017_04_28_18_33_34_560.jpg,/home/esteve/self-driving-ND/CarND-Behavioral-Cloning-P3/data_hard/IMG/left_2017_04_28_18_33_34_560.jpg,/home/esteve/self-driving-ND/CarND-Behavioral-Cloning-P3/data_hard/IMG/right_2017_04_28_18_33_34_560.jpg,0.3007519,0.8705201,0,19.12779
/home/esteve/self-driving-ND/CarND-Behavioral-Cloning-P3/data_hard/IMG/center_2017_04_28_18_33_34_644.jpg,/home/esteve/self-driving-ND/CarND-Behavioral-Cloning-P3/data_hard/IMG/left_2017_04_28_18_33_34_644.jpg,/home/esteve/self-driving-ND/CarND-Behavioral-Cloning-P3/data_hard/IMG/right_2017_04_28_18_33_34_644.jpg,0.3007519,0.6193659,0,20.00286
/home/esteve/self-driving-ND/CarND-Behavioral-Cloning-P3/data_hard/IMG/center_2017_04_28_18_33_34_732.jpg,/home/esteve/self-driving-ND/CarND-Behavioral-Cloning-P3/data_hard/IMG/left_2017_04_28_18_33_34_732.jpg,/home/esteve/self-driving-ND/CarND-Behavioral-Cloning-P3/data_hard/IMG/right_2017_04_28_18_33_34_732.jpg,0.3007519,0.357475,0,20.37438
/home/esteve/self-driving-ND/CarND-Behavioral-Cloning-P3/data_hard/IMG/center_2017_04_28_18_33_34_795.jpg,/home/esteve/self-driving-ND/CarND-Behavioral-Cloning-P3/data_hard/IMG/left_2017_04_28_18_33_34_795.jpg,/home/esteve/self-driving-ND/CarND-Behavioral-Cloning-P3/data_hard/IMG/right_2017_04_28_18_33_34_795.jpg,0.3007519,0.1429327,0,20.67725
/home/esteve/self-driving-ND/CarND-Behavioral-Cloning-P3/data_hard/IMG/center_2017_04_28_18_33_34_868.jpg,/home/esteve/self-driving-ND/CarND-Behavioral-Cloning-P3/data_hard/IMG/left_2017_04_28_18_33_34_868.jpg,/home/esteve/self-driving-ND/CarND-Behavioral-Cloning-P3/data_hard/IMG/right_2017_04_28_18_33_34_868.jpg,0.3007519,0,0,20.38747
/home/esteve/self-driving-ND/CarND-Behavioral-Cloning-P3/data_hard/IMG/center_2017_04_28_18_33_34_957.jpg,/home/esteve/self-driving-ND/CarND-Behavioral-Cloning-P3/data_hard/IMG/left_2017_04_28_18_33_34_957.jpg,/home/esteve/self-driving-ND/CarND-Behavioral-Cloning-P3/data_hard/IMG/right_2017_04_28_18_33_34_957.jpg,0.3007519,0,0,20.13123
/home/esteve/self-driving-ND/CarND-Behavioral-Cloning-P3/data_hard/IMG/center_2017_04_28_18_33_35_041.jpg,/home/esteve/self-driving-ND/CarND-Behavioral-Cloning-P3/data_hard/IMG/left_2017_04_28_18_33_35_041.jpg,/home/esteve/self-driving-ND/CarND-Behavioral-Cloning-P3/data_hard/IMG/right_2017_04_28_18_33_35_041.jpg,0.2481203,0,0,19.85674
/home/esteve/self-driving-ND/CarND-Behavioral-Cloning-P3/data_hard/IMG/center_2017_04_28_18_33_35_111.jpg,/home/esteve/self-driving-ND/CarND-Behavioral-Cloning-P3/data_hard/IMG/left_2017_04_28_18_33_35_111.jpg,/home/esteve/self-driving-ND/CarND-Behavioral-Cloning-P3/data_hard/IMG/right_2017_04_28_18_33_35_111.jpg,0.112782,0.2659464,0,19.53555
/home/esteve/self-driving-ND/CarND-Behavioral-Cloning-P3/data_hard/IMG/center_2017_04_28_18_33_35_181.jpg,/home/esteve/self-driving-ND/CarND-Behavioral-Cloning-P3/data_hard/IMG/left_2017_04_28_18_33_35_181.jpg,/home/esteve/self-driving-ND/CarND-Behavioral-Cloning-P3/data_hard/IMG/right_2017_04_28_18_33_35_181.jpg,-0.007518797,0.4766364,0,19.25264
/home/esteve/self-driving-ND/CarND-Behavioral-Cloning-P3/data_hard/IMG/center_2017_04_28_18_33_35_250.jpg,/home/esteve/self-driving-ND/CarND-Behavioral-Cloning-P3/data_hard/IMG/left_2017_04_28_18_33_35_250.jpg,/home/esteve/self-driving-ND/CarND-Behavioral-Cloning-P3/data_hard/IMG/right_2017_04_28_18_33_35_250.jpg,-0.1654135,0.6834147,0,19.50705
/home/esteve/self-driving-ND/CarND-Behavioral-Cloning-P3/data_hard/IMG/center_2017_04_28_18_33_35_332.jpg,/home/esteve/self-driving-ND/CarND-Behavioral-Cloning-P3/data_hard/IMG/left_2017_04_28_18_33_35_332.jpg,/home/esteve/self-driving-ND/CarND-Behavioral-Cloning-P3/data_hard/IMG/right_2017_04_28_18_33_35_332.jpg,-0.3834586,0.8150375,0,19.76708
/home/esteve/self-driving-ND/CarND-Behavioral-Cloning-P3/data_hard/IMG/center_2017_04_28_18_33_35_422.jpg,/home/esteve/self-driving-ND/CarND-Behavioral-Cloning-P3/data_hard/IMG/left_2017_04_28_18_33_35_422.jpg,/home/esteve/self-driving-ND/CarND-Behavioral-Cloning-P3/data_hard/IMG/right_2017_04_28_18_33_35_422.jpg,-0.9323308,0.5456464,0,19.66511
/home/esteve/self-driving-ND/CarND-Behavioral-Cloning-P3/data_hard/IMG/center_2017_04_28_18_33_35_490.jpg,/home/esteve/self-driving-ND/CarND-Behavioral-Cloning-P3/data_hard/IMG/left_2017_04_28_18_33_35_490.jpg,/home/esteve/self-driving-ND/CarND-Behavioral-Cloning-P3/data_hard/IMG/right_2017_04_28_18_33_35_490.jpg,-1,0.3415325,0,19.384
/home/esteve/self-driving-ND/CarND-Behavioral-Cloning-P3/data_hard/IMG/center_2017_04_28_18_33_35_558.jpg,/home/esteve/self-driving-ND/CarND-Behavioral-Cloning-P3/data_hard/IMG/left_2017_04_28_18_33_35_558.jpg,/home/esteve/self-driving-ND/CarND-Behavioral-Cloning-P3/data_hard/IMG/right_2017_04_28_18_33_35_558.jpg,-1,0.1374364,0,19.13951
/home/esteve/self-driving-ND/CarND-Behavioral-Cloning-P3/data_hard/IMG/center_2017_04_28_18_33_35_646.jpg,/home/esteve/self-driving-ND/CarND-Behavioral-Cloning-P3/data_hard/IMG/left_2017_04_28_18_33_35_646.jpg,/home/esteve/self-driving-ND/CarND-Behavioral-Cloning-P3/data_hard/IMG/right_2017_04_28_18_33_35_646.jpg,-1,0,0,18.39796
/home/esteve/self-driving-ND/CarND-Behavioral-Cloning-P3/data_hard/IMG/center_2017_04_28_18_33_35_734.jpg,/home/esteve/self-driving-ND/CarND-Behavioral-Cloning-P3/data_hard/IMG/left_2017_04_28_18_33_35_734.jpg,/home/esteve/self-driving-ND/CarND-Behavioral-Cloning-P3/data_hard/IMG/right_2017_04_28_18_33_35_734.jpg,-1,0,0,17.75487
/home/esteve/self-driving-ND/CarND-Behavioral-Cloning-P3/data_hard/IMG/center_2017_04_28_18_33_35_814.jpg,/home/esteve/self-driving-ND/CarND-Behavioral-Cloning-P3/data_hard/IMG/left_2017_04_28_18_33_35_814.jpg,/home/esteve/self-driving-ND/CarND-Behavioral-Cloning-P3/data_hard/IMG/right_2017_04_28_18_33_35_814.jpg,-1,0,0,17.35248
/home/esteve/self-driving-ND/CarND-Behavioral-Cloning-P3/data_hard/IMG/center_2017_04_28_18_33_35_874.jpg,/home/esteve/self-driving-ND/CarND-Behavioral-Cloning-P3/data_hard/IMG/left_2017_04_28_18_33_35_874.jpg,/home/esteve/self-driving-ND/CarND-Behavioral-Cloning-P3/data_hard/IMG/right_2017_04_28_18_33_35_874.jpg,-1,0,0,16.92649
/home/esteve/self-driving-ND/CarND-Behavioral-Cloning-P3/data_hard/IMG/center_2017_04_28_18_33_35_942.jpg,/home/esteve/self-driving-ND/CarND-Behavioral-Cloning-P3/data_hard/IMG/left_2017_04_28_18_33_35_942.jpg,/home/esteve/self-driving-ND/CarND-Behavioral-Cloning-P3/data_hard/IMG/right_2017_04_28_18_33_35_942.jpg,-0.9097744,0,0,16.47812
/home/esteve/self-driving-ND/CarND-Behavioral-Cloning-P3/data_hard/IMG/center_2017_04_28_18_33_36_026.jpg,/home/esteve/self-driving-ND/CarND-Behavioral-Cloning-P3/data_hard/IMG/left_2017_04_28_18_33_36_026.jpg,/home/esteve/self-driving-ND/CarND-Behavioral-Cloning-P3/data_hard/IMG/right_2017_04_28_18_33_36_026.jpg,-0.7969925,0.250248,0,16.18343
/home/esteve/self-driving-ND/CarND-Behavioral-Cloning-P3/data_hard/IMG/center_2017_04_28_18_33_36_116.jpg,/home/esteve/self-driving-ND/CarND-Behavioral-Cloning-P3/data_hard/IMG/left_2017_04_28_18_33_36_116.jpg,/home/esteve/self-driving-ND/CarND-Behavioral-Cloning-P3/data_hard/IMG/right_2017_04_28_18_33_36_116.jpg,-0.556391,0.5018735,0,16.04528
/home/esteve/self-driving-ND/CarND-Behavioral-Cloning-P3/data_hard/IMG/center_2017_04_28_18_33_36_193.jpg,/home/esteve/self-driving-ND/CarND-Behavioral-Cloning-P3/data_hard/IMG/left_2017_04_28_18_33_36_193.jpg,/home/esteve/self-driving-ND/CarND-Behavioral-Cloning-P3/data_hard/IMG/right_2017_04_28_18_33_36_193.jpg,-0.1729323,0.4831023,0,16.29154
/home/esteve/self-driving-ND/CarND-Behavioral-Cloning-P3/data_hard/IMG/center_2017_04_28_18_33_36_277.jpg,/home/esteve/self-driving-ND/CarND-Behavioral-Cloning-P3/data_hard/IMG/left_2017_04_28_18_33_36_277.jpg,/home/esteve/self-driving-ND/CarND-Behavioral-Cloning-P3/data_hard/IMG/right_2017_04_28_18_33_36_277.jpg,0.1428571,0.2335503,0,16.13931
/home/esteve/self-driving-ND/CarND-Behavioral-Cloning-P3/data_hard/IMG/center_2017_04_28_18_33_36_359.jpg,/home/esteve/self-driving-ND/CarND-Behavioral-Cloning-P3/data_hard/IMG/left_2017_04_28_18_33_36_359.jpg,/home/esteve/self-driving-ND/CarND-Behavioral-Cloning-P3/data_hard/IMG/right_2017_04_28_18_33_36_359.jpg,0.4135338,0,0,15.59607
/home/esteve/self-driving-ND/CarND-Behavioral-Cloning-P3/data_hard/IMG/center_2017_04_28_18_33_36_449.jpg,/home/esteve/self-driving-ND/CarND-Behavioral-Cloning-P3/data_hard/IMG/left_2017_04_28_18_33_36_449.jpg,/home/esteve/self-driving-ND/CarND-Behavioral-Cloning-P3/data_hard/IMG/right_2017_04_28_18_33_36_449.jpg,0.406015,0,0,14.66577
/home/esteve/self-driving-ND/CarND-Behavioral-Cloning-P3/data_hard/IMG/center_2017_04_28_18_33_36_537.jpg,/home/esteve/self-driving-ND/CarND-Behavioral-Cloning-P3/data_hard/IMG/left_2017_04_28_18_33_36_537.jpg,/home/esteve/self-driving-ND/CarND-Behavioral-Cloning-P3/data_hard/IMG/right_2017_04_28_18_33_36_537.jpg,0.3082707,0,0,14.05801
/home/esteve/self-driving-ND/CarND-Behavioral-Cloning-P3/data_hard/IMG/center_2017_04_28_18_33_36_620.jpg,/home/esteve/self-driving-ND/CarND-Behavioral-Cloning-P3/data_hard/IMG/left_2017_04_28_18_33_36_620.jpg,/home/esteve/self-driving-ND/CarND-Behavioral-Cloning-P3/data_hard/IMG/right_2017_04_28_18_33_36_620.jpg,0.1353384,0.1917572,0,13.67965
/home/esteve/self-driving-ND/CarND-Behavioral-Cloning-P3/data_hard/IMG/center_2017_04_28_18_33_36_705.jpg,/home/esteve/self-driving-ND/CarND-Behavioral-Cloning-P3/data_hard/IMG/left_2017_04_28_18_33_36_705.jpg,/home/esteve/self-driving-ND/CarND-Behavioral-Cloning-P3/data_hard/IMG/right_2017_04_28_18_33_36_705.jpg,-0.05263158,0.4452331,0,13.60028
/home/esteve/self-driving-ND/CarND-Behavioral-Cloning-P3/data_hard/IMG/center_2017_04_28_18_33_36_775.jpg,/home/esteve/self-driving-ND/CarND-Behavioral-Cloning-P3/data_hard/IMG/left_2017_04_28_18_33_36_775.jpg,/home/esteve/self-driving-ND/CarND-Behavioral-Cloning-P3/data_hard/IMG/right_2017_04_28_18_33_36_775.jpg,-0.1729323,0.6555598,0,13.6405
/home/esteve/self-driving-ND/CarND-Behavioral-Cloning-P3/data_hard/IMG/center_2017_04_28_18_33_36_837.jpg,/home/esteve/self-driving-ND/CarND-Behavioral-Cloning-P3/data_hard/IMG/left_2017_04_28_18_33_36_837.jpg,/home/esteve/self-driving-ND/CarND-Behavioral-Cloning-P3/data_hard/IMG/right_2017_04_28_18_33_36_837.jpg,-0.2481203,0.8624132,0,13.98403
/home/esteve/self-driving-ND/CarND-Behavioral-Cloning-P3/data_hard/IMG/center_2017_04_28_18_33_36_920.jpg,/home/esteve/self-driving-ND/CarND-Behavioral-Cloning-P3/data_hard/IMG/left_2017_04_28_18_33_36_920.jpg,/home/esteve/self-driving-ND/CarND-Behavioral-Cloning-P3/data_hard/IMG/right_2017_04_28_18_33_36_920.jpg,-0.2631579,0.9330654,0,14.42989
/home/esteve/self-driving-ND/CarND-Behavioral-Cloning-P3/data_hard/IMG/center_2017_04_28_18_33_37_002.jpg,/home/esteve/self-driving-ND/CarND-Behavioral-Cloning-P3/data_hard/IMG/left_2017_04_28_18_33_37_002.jpg,/home/esteve/self-driving-ND/CarND-Behavioral-Cloning-P3/data_hard/IMG/right_2017_04_28_18_33_37_002.jpg,-0.2255639,0.6347966,0,14.53655
/home/esteve/self-driving-ND/CarND-Behavioral-Cloning-P3/data_hard/IMG/center_2017_04_28_18_33_37_088.jpg,/home/esteve/self-driving-ND/CarND-Behavioral-Cloning-P3/data_hard/IMG/left_2017_04_28_18_33_37_088.jpg,/home/esteve/self-driving-ND/CarND-Behavioral-Cloning-P3/data_hard/IMG/right_2017_04_28_18_33_37_088.jpg,-0.1879699,0.3909352,0,14.67505
/home/esteve/self-driving-ND/CarND-Behavioral-Cloning-P3/data_hard/IMG/center_2017_04_28_18_33_37_164.jpg,/home/esteve/self-driving-ND/CarND-Behavioral-Cloning-P3/data_hard/IMG/left_2017_04_28_18_33_37_164.jpg,/home/esteve/self-driving-ND/CarND-Behavioral-Cloning-P3/data_hard/IMG/right_2017_04_28_18_33_37_164.jpg,-0.1879699,0.6347873,0,14.74152
/home/esteve/self-driving-ND/CarND-Behavioral-Cloning-P3/data_hard/IMG/center_2017_04_28_18_33_37_245.jpg,/home/esteve/self-driving-ND/CarND-Behavioral-Cloning-P3/data_hard/IMG/left_2017_04_28_18_33_37_245.jpg,/home/esteve/self-driving-ND/CarND-Behavioral-Cloning-P3/data_hard/IMG/right_2017_04_28_18_33_37_245.jpg,-0.1879699,0.8769021,0,15.03431
/home/esteve/self-driving-ND/CarND-Behavioral-Cloning-P3/data_hard/IMG/center_2017_04_28_18_33_37_325.jpg,/home/esteve/self-driving-ND/CarND-Behavioral-Cloning-P3/data_hard/IMG/left_2017_04_28_18_33_37_325.jpg,/home/esteve/self-driving-ND/CarND-Behavioral-Cloning-P3/data_hard/IMG/right_2017_04_28_18_33_37_325.jpg,-0.1879699,1,0,15.5636
/home/esteve/self-driving-ND/CarND-Behavioral-Cloning-P3/data_hard/IMG/center_2017_04_28_18_33_37_406.jpg,/home/esteve/self-driving-ND/CarND-Behavioral-Cloning-P3/data_hard/IMG/left_2017_04_28_18_33_37_406.jpg,/home/esteve/self-driving-ND/CarND-Behavioral-Cloning-P3/data_hard/IMG/right_2017_04_28_18_33_37_406.jpg,-0.1879699,1,0,16.05069
/home/esteve/self-driving-ND/CarND-Behavioral-Cloning-P3/data_hard/IMG/center_2017_04_28_18_33_37_487.jpg,/home/esteve/self-driving-ND/CarND-Behavioral-Cloning-P3/data_hard/IMG/left_2017_04_28_18_33_37_487.jpg,/home/esteve/self-driving-ND/CarND-Behavioral-Cloning-P3/data_hard/IMG/right_2017_04_28_18_33_37_487.jpg,-0.1879699,1,0,16.53963
/home/esteve/self-driving-ND/CarND-Behavioral-Cloning-P3/data_hard/IMG/center_2017_04_28_18_33_37_572.jpg,/home/esteve/self-driving-ND/CarND-Behavioral-Cloning-P3/data_hard/IMG/left_2017_04_28_18_33_37_572.jpg,/home/esteve/self-driving-ND/CarND-Behavioral-Cloning-P3/data_hard/IMG/right_2017_04_28_18_33_37_572.jpg,-0.2180451,1,0,17.06327
/home/esteve/self-driving-ND/CarND-Behavioral-Cloning-P3/data_hard/IMG/center_2017_04_28_18_33_37_654.jpg,/home/esteve/self-driving-ND/CarND-Behavioral-Cloning-P3/data_hard/IMG/left_2017_04_28_18_33_37_654.jpg,/home/esteve/self-driving-ND/CarND-Behavioral-Cloning-P3/data_hard/IMG/right_2017_04_28_18_33_37_654.jpg,-0.2180451,1,0,17.5566
/home/esteve/self-driving-ND/CarND-Behavioral-Cloning-P3/data_hard/IMG/center_2017_04_28_18_33_37_735.jpg,/home/esteve/self-driving-ND/CarND-Behavioral-Cloning-P3/data_hard/IMG/left_2017_04_28_18_33_37_735.jpg,/home/esteve/self-driving-ND/CarND-Behavioral-Cloning-P3/data_hard/IMG/right_2017_04_28_18_33_37_735.jpg,-0.2180451,0.7553768,0,17.99383
/home/esteve/self-driving-ND/CarND-Behavioral-Cloning-P3/data_hard/IMG/center_2017_04_28_18_33_37_818.jpg,/home/esteve/self-driving-ND/CarND-Behavioral-Cloning-P3/data_hard/IMG/left_2017_04_28_18_33_37_818.jpg,/home/esteve/self-driving-ND/CarND-Behavioral-Cloning-P3/data_hard/IMG/right_2017_04_28_18_33_37_818.jpg,-0.2180451,0.5064371,0,18.19824
/home/esteve/self-driving-ND/CarND-Behavioral-Cloning-P3/data_hard/IMG/center_2017_04_28_18_33_37_886.jpg,/home/esteve/self-driving-ND/CarND-Behavioral-Cloning-P3/data_hard/IMG/left_2017_04_28_18_33_37_886.jpg,/home/esteve/self-driving-ND/CarND-Behavioral-Cloning-P3/data_hard/IMG/right_2017_04_28_18_33_37_886.jpg,-0.2180451,0.3044775,0,18.1548
/home/esteve/self-driving-ND/CarND-Behavioral-Cloning-P3/data_hard/IMG/center_2017_04_28_18_33_37_967.jpg,/home/esteve/self-driving-ND/CarND-Behavioral-Cloning-P3/data_hard/IMG/left_2017_04_28_18_33_37_967.jpg,/home/esteve/self-driving-ND/CarND-Behavioral-Cloning-P3/data_hard/IMG/right_2017_04_28_18_33_37_967.jpg,-0.2406015,0.5503037,0,18.14011
/home/esteve/self-driving-ND/CarND-Behavioral-Cloning-P3/data_hard/IMG/center_2017_04_28_18_33_38_056.jpg,/home/esteve/self-driving-ND/CarND-Behavioral-Cloning-P3/data_hard/IMG/left_2017_04_28_18_33_38_056.jpg,/home/esteve/self-driving-ND/CarND-Behavioral-Cloning-P3/data_hard/IMG/right_2017_04_28_18_33_38_056.jpg,-0.2857143,0.8153839,0,18.381
/home/esteve/self-driving-ND/CarND-Behavioral-Cloning-P3/data_hard/IMG/center_2017_04_28_18_33_38_143.jpg,/home/esteve/self-driving-ND/CarND-Behavioral-Cloning-P3/data_hard/IMG/left_2017_04_28_18_33_38_143.jpg,/home/esteve/self-driving-ND/CarND-Behavioral-Cloning-P3/data_hard/IMG/right_2017_04_28_18_33_38_143.jpg,-0.2932331,1,0,19.01663
/home/esteve/self-driving-ND/CarND-Behavioral-Cloning-P3/data_hard/IMG/center_2017_04_28_18_33_38_225.jpg,/home/esteve/self-driving-ND/CarND-Behavioral-Cloning-P3/data_hard/IMG/left_2017_04_28_18_33_38_225.jpg,/home/esteve/self-driving-ND/CarND-Behavioral-Cloning-P3/data_hard/IMG/right_2017_04_28_18_33_38_225.jpg,-0.2932331,0.8880253,0,19.56473
/home/esteve/self-driving-ND/CarND-Behavioral-Cloning-P3/data_hard/IMG/center_2017_04_28_18_33_38_309.jpg,/home/esteve/self-driving-ND/CarND-Behavioral-Cloning-P3/data_hard/IMG/left_2017_04_28_18_33_38_309.jpg,/home/esteve/self-driving-ND/CarND-Behavioral-Cloning-P3/data_hard/IMG/right_2017_04_28_18_33_38_309.jpg,-0.2932331,0.6353018,0,19.99743
/home/esteve/self-driving-ND/CarND-Behavioral-Cloning-P3/data_hard/IMG/center_2017_04_28_18_33_38_393.jpg,/home/esteve/self-driving-ND/CarND-Behavioral-Cloning-P3/data_hard/IMG/left_2017_04_28_18_33_38_393.jpg,/home/esteve/self-driving-ND/CarND-Behavioral-Cloning-P3/data_hard/IMG/right_2017_04_28_18_33_38_393.jpg,-0.2932331,0.6564612,0,20.24582
/home/esteve/self-driving-ND/CarND-Behavioral-Cloning-P3/data_hard/IMG/center_2017_04_28_18_33_38_475.jpg,/home/esteve/self-driving-ND/CarND-Behavioral-Cloning-P3/data_hard/IMG/left_2017_04_28_18_33_38_475.jpg,/home/esteve/self-driving-ND/CarND-Behavioral-Cloning-P3/data_hard/IMG/right_2017_04_28_18_33_38_475.jpg,-0.3082707,0.9031937,0,20.71561
/home/esteve/self-driving-ND/CarND-Behavioral-Cloning-P3/data_hard/IMG/center_2017_04_28_18_33_38_553.jpg,/home/esteve/self-driving-ND/CarND-Behavioral-Cloning-P3/data_hard/IMG/left_2017_04_28_18_33_38_553.jpg,/home/esteve/self-driving-ND/CarND-Behavioral-Cloning-P3/data_hard/IMG/right_2017_04_28_18_33_38_553.jpg,-0.3157895,1,0,21.36952
/home/esteve/self-driving-ND/CarND-Behavioral-Cloning-P3/data_hard/IMG/center_2017_04_28_18_33_38_638.jpg,/home/esteve/self-driving-ND/CarND-Behavioral-Cloning-P3/data_hard/IMG/left_2017_04_28_18_33_38_638.jpg,/home/esteve/self-driving-ND/CarND-Behavioral-Cloning-P3/data_hard/IMG/right_2017_04_28_18_33_38_638.jpg,-0.3157895,0.8084409,0,21.94578
/home/esteve/self-driving-ND/CarND-Behavioral-Cloning-P3/data_hard/IMG/center_2017_04_28_18_33_38_725.jpg,/home/esteve/self-driving-ND/CarND-Behavioral-Cloning-P3/data_hard/IMG/left_2017_04_28_18_33_38_725.jpg,/home/esteve/self-driving-ND/CarND-Behavioral-Cloning-P3/data_hard/IMG/right_2017_04_28_18_33_38_725.jpg,-0.3157895,0.547585,0,22.47256
/home/esteve/self-driving-ND/CarND-Behavioral-Cloning-P3/data_hard/IMG/center_2017_04_28_18_33_38_807.jpg,/home/esteve/self-driving-ND/CarND-Behavioral-Cloning-P3/data_hard/IMG/left_2017_04_28_18_33_38_807.jpg,/home/esteve/self-driving-ND/CarND-Behavioral-Cloning-P3/data_hard/IMG/right_2017_04_28_18_33_38_807.jpg,-0.3157895,0.416008,0,22.66825
/home/esteve/self-driving-ND/CarND-Behavioral-Cloning-P3/data_hard/IMG/center_2017_04_28_18_33_38_890.jpg,/home/esteve/self-driving-ND/CarND-Behavioral-Cloning-P3/data_hard/IMG/left_2017_04_28_18_33_38_890.jpg,/home/esteve/self-driving-ND/CarND-Behavioral-Cloning-P3/data_hard/IMG/right_2017_04_28_18_33_38_890.jpg,-0.2406015,0.6652989,0,22.96323
/home/esteve/self-driving-ND/CarND-Behavioral-Cloning-P3/data_hard/IMG/center_2017_04_28_18_33_38_970.jpg,/home/esteve/self-driving-ND/CarND-Behavioral-Cloning-P3/data_hard/IMG/left_2017_04_28_18_33_38_970.jpg,/home/esteve/self-driving-ND/CarND-Behavioral-Cloning-P3/data_hard/IMG/right_2017_04_28_18_33_38_970.jpg,-0.2030075,0.9046507,0,23.40923
/home/esteve/self-driving-ND/CarND-Behavioral-Cloning-P3/data_hard/IMG/center_2017_04_28_18_33_39_044.jpg,/home/esteve/self-driving-ND/CarND-Behavioral-Cloning-P3/data_hard/IMG/left_2017_04_28_18_33_39_044.jpg,/home/esteve/self-driving-ND/CarND-Behavioral-Cloning-P3/data_hard/IMG/right_2017_04_28_18_33_39_044.jpg,-0.1353384,1,0,24.27245
/home/esteve/self-driving-ND/CarND-Behavioral-Cloning-P3/data_hard/IMG/center_2017_04_28_18_33_39_122.jpg,/home/esteve/self-driving-ND/CarND-Behavioral-Cloning-P3/data_hard/IMG/left_2017_04_28_18_33_39_122.jpg,/home/esteve/self-driving-ND/CarND-Behavioral-Cloning-P3/data_hard/IMG/right_2017_04_28_18_33_39_122.jpg,-0.08270676,1,0,24.86536
/home/esteve/self-driving-ND/CarND-Behavioral-Cloning-P3/data_hard/IMG/center_2017_04_28_18_33_39_199.jpg,/home/esteve/self-driving-ND/CarND-Behavioral-Cloning-P3/data_hard/IMG/left_2017_04_28_18_33_39_199.jpg,/home/esteve/self-driving-ND/CarND-Behavioral-Cloning-P3/data_hard/IMG/right_2017_04_28_18_33_39_199.jpg,-0.06766918,0.7088773,0,25.50008
/home/esteve/self-driving-ND/CarND-Behavioral-Cloning-P3/data_hard/IMG/center_2017_04_28_18_33_39_277.jpg,/home/esteve/self-driving-ND/CarND-Behavioral-Cloning-P3/data_hard/IMG/left_2017_04_28_18_33_39_277.jpg,/home/esteve/self-driving-ND/CarND-Behavioral-Cloning-P3/data_hard/IMG/right_2017_04_28_18_33_39_277.jpg,-0.03759398,0.4746282,0,25.8782
/home/esteve/self-driving-ND/CarND-Behavioral-Cloning-P3/data_hard/IMG/center_2017_04_28_18_33_39_352.jpg,/home/esteve/self-driving-ND/CarND-Behavioral-Cloning-P3/data_hard/IMG/left_2017_04_28_18_33_39_352.jpg,/home/esteve/self-driving-ND/CarND-Behavioral-Cloning-P3/data_hard/IMG/right_2017_04_28_18_33_39_352.jpg,0,0.251683,0,26.02942
/home/esteve/self-driving-ND/CarND-Behavioral-Cloning-P3/data_hard/IMG/center_2017_04_28_18_33_39_428.jpg,/home/esteve/self-driving-ND/CarND-Behavioral-Cloning-P3/data_hard/IMG/left_2017_04_28_18_33_39_428.jpg,/home/esteve/self-driving-ND/CarND-Behavioral-Cloning-P3/data_hard/IMG/right_2017_04_28_18_33_39_428.jpg,0,0.0217061,0,25.95596
/home/esteve/self-driving-ND/CarND-Behavioral-Cloning-P3/data_hard/IMG/center_2017_04_28_18_33_39_507.jpg,/home/esteve/self-driving-ND/CarND-Behavioral-Cloning-P3/data_hard/IMG/left_2017_04_28_18_33_39_507.jpg,/home/esteve/self-driving-ND/CarND-Behavioral-Cloning-P3/data_hard/IMG/right_2017_04_28_18_33_39_507.jpg,-0.02255639,0,0,25.74763
/home/esteve/self-driving-ND/CarND-Behavioral-Cloning-P3/data_hard/IMG/center_2017_04_28_18_33_39_584.jpg,/home/esteve/self-driving-ND/CarND-Behavioral-Cloning-P3/data_hard/IMG/left_2017_04_28_18_33_39_584.jpg,/home/esteve/self-driving-ND/CarND-Behavioral-Cloning-P3/data_hard/IMG/right_2017_04_28_18_33_39_584.jpg,-0.09774436,0,0,25.53742
/home/esteve/self-driving-ND/CarND-Behavioral-Cloning-P3/data_hard/IMG/center_2017_04_28_18_33_39_662.jpg,/home/esteve/self-driving-ND/CarND-Behavioral-Cloning-P3/data_hard/IMG/left_2017_04_28_18_33_39_662.jpg,/home/esteve/self-driving-ND/CarND-Behavioral-Cloning-P3/data_hard/IMG/right_2017_04_28_18_33_39_662.jpg,-0.1954887,0,0,25.31023
/home/esteve/self-driving-ND/CarND-Behavioral-Cloning-P3/data_hard/IMG/center_2017_04_28_18_33_39_735.jpg,/home/esteve/self-driving-ND/CarND-Behavioral-Cloning-P3/data_hard/IMG/left_2017_04_28_18_33_39_735.jpg,/home/esteve/self-driving-ND/CarND-Behavioral-Cloning-P3/data_hard/IMG/right_2017_04_28_18_33_39_735.jpg,-0.2631579,0,0,25.13165
/home/esteve/self-driving-ND/CarND-Behavioral-Cloning-P3/data_hard/IMG/center_2017_04_28_18_33_39_818.jpg,/home/esteve/self-driving-ND/CarND-Behavioral-Cloning-P3/data_hard/IMG/left_2017_04_28_18_33_39_818.jpg,/home/esteve/self-driving-ND/CarND-Behavioral-Cloning-P3/data_hard/IMG/right_2017_04_28_18_33_39_818.jpg,-0.3383459,0,0,24.88731
/home/esteve/self-driving-ND/CarND-Behavioral-Cloning-P3/data_hard/IMG/center_2017_04_28_18_33_39_896.jpg,/home/esteve/self-driving-ND/CarND-Behavioral-Cloning-P3/data_hard/IMG/left_2017_04_28_18_33_39_896.jpg,/home/esteve/self-driving-ND/CarND-Behavioral-Cloning-P3/data_hard/IMG/right_2017_04_28_18_33_39_896.jpg,-0.3909774,0,0,24.6421
/home/esteve/self-driving-ND/CarND-Behavioral-Cloning-P3/data_hard/IMG/center_2017_04_28_18_33_39_969.jpg,/home/esteve/self-driving-ND/CarND-Behavioral-Cloning-P3/data_hard/IMG/left_2017_04_28_18_33_39_969.jpg,/home/esteve/self-driving-ND/CarND-Behavioral-Cloning-P3/data_hard/IMG/right_2017_04_28_18_33_39_969.jpg,-0.4210526,0,0,24.40269
/home/esteve/self-driving-ND/CarND-Behavioral-Cloning-P3/data_hard/IMG/center_2017_04_28_18_33_40_047.jpg,/home/esteve/self-driving-ND/CarND-Behavioral-Cloning-P3/data_hard/IMG/left_2017_04_28_18_33_40_047.jpg,/home/esteve/self-driving-ND/CarND-Behavioral-Cloning-P3/data_hard/IMG/right_2017_04_28_18_33_40_047.jpg,-0.4661654,0,0,24.16985
/home/esteve/self-driving-ND/CarND-Behavioral-Cloning-P3/data_hard/IMG/center_2017_04_28_18_33_40_121.jpg,/home/esteve/self-driving-ND/CarND-Behavioral-Cloning-P3/data_hard/IMG/left_2017_04_28_18_33_40_121.jpg,/home/esteve/self-driving-ND/CarND-Behavioral-Cloning-P3/data_hard/IMG/right_2017_04_28_18_33_40_121.jpg,-0.556391,0,0,23.97817
/home/esteve/self-driving-ND/CarND-Behavioral-Cloning-P3/data_hard/IMG/center_2017_04_28_18_33_40_197.jpg,/home/esteve/self-driving-ND/CarND-Behavioral-Cloning-P3/data_hard/IMG/left_2017_04_28_18_33_40_197.jpg,/home/esteve/self-driving-ND/CarND-Behavioral-Cloning-P3/data_hard/IMG/right_2017_04_28_18_33_40_197.jpg,-0.6315789,0,0,23.68997
/home/esteve/self-driving-ND/CarND-Behavioral-Cloning-P3/data_hard/IMG/center_2017_04_28_18_33_40_275.jpg,/home/esteve/self-driving-ND/CarND-Behavioral-Cloning-P3/data_hard/IMG/left_2017_04_28_18_33_40_275.jpg,/home/esteve/self-driving-ND/CarND-Behavioral-Cloning-P3/data_hard/IMG/right_2017_04_28_18_33_40_275.jpg,-0.7218045,0,0,23.39457
/home/esteve/self-driving-ND/CarND-Behavioral-Cloning-P3/data_hard/IMG/center_2017_04_28_18_33_40_354.jpg,/home/esteve/self-driving-ND/CarND-Behavioral-Cloning-P3/data_hard/IMG/left_2017_04_28_18_33_40_354.jpg,/home/esteve/self-driving-ND/CarND-Behavioral-Cloning-P3/data_hard/IMG/right_2017_04_28_18_33_40_354.jpg,-0.7669173,0,0,23.10478
/home/esteve/self-driving-ND/CarND-Behavioral-Cloning-P3/data_hard/IMG/center_2017_04_28_18_33_40_435.jpg,/home/esteve/self-driving-ND/CarND-Behavioral-Cloning-P3/data_hard/IMG/left_2017_04_28_18_33_40_435.jpg,/home/esteve/self-driving-ND/CarND-Behavioral-Cloning-P3/data_hard/IMG/right_2017_04_28_18_33_40_435.jpg,-0.7669173,0,0,22.84948
/home/esteve/self-driving-ND/CarND-Behavioral-Cloning-P3/data_hard/IMG/center_2017_04_28_18_33_40_514.jpg,/home/esteve/self-driving-ND/CarND-Behavioral-Cloning-P3/data_hard/IMG/left_2017_04_28_18_33_40_514.jpg,/home/esteve/self-driving-ND/CarND-Behavioral-Cloning-P3/data_hard/IMG/right_2017_04_28_18_33_40_514.jpg,-0.7669173,0,0,22.61907
/home/esteve/self-driving-ND/CarND-Behavioral-Cloning-P3/data_hard/IMG/center_2017_04_28_18_33_40_594.jpg,/home/esteve/self-driving-ND/CarND-Behavioral-Cloning-P3/data_hard/IMG/left_2017_04_28_18_33_40_594.jpg,/home/esteve/self-driving-ND/CarND-Behavioral-Cloning-P3/data_hard/IMG/right_2017_04_28_18_33_40_594.jpg,-0.6992481,0,0,22.41801
/home/esteve/self-driving-ND/CarND-Behavioral-Cloning-P3/data_hard/IMG/center_2017_04_28_18_33_40_677.jpg,/home/esteve/self-driving-ND/CarND-Behavioral-Cloning-P3/data_hard/IMG/left_2017_04_28_18_33_40_677.jpg,/home/esteve/self-driving-ND/CarND-Behavioral-Cloning-P3/data_hard/IMG/right_2017_04_28_18_33_40_677.jpg,-0.6541353,0,0,22.24886
/home/esteve/self-driving-ND/CarND-Behavioral-Cloning-P3/data_hard/IMG/center_2017_04_28_18_33_40_756.jpg,/home/esteve/self-driving-ND/CarND-Behavioral-Cloning-P3/data_hard/IMG/left_2017_04_28_18_33_40_756.jpg,/home/esteve/self-driving-ND/CarND-Behavioral-Cloning-P3/data_hard/IMG/right_2017_04_28_18_33_40_756.jpg,-0.6315789,0,0,22.08091
/home/esteve/self-driving-ND/CarND-Behavioral-Cloning-P3/data_hard/IMG/center_2017_04_28_18_33_40_843.jpg,/home/esteve/self-driving-ND/CarND-Behavioral-Cloning-P3/data_hard/IMG/left_2017_04_28_18_33_40_843.jpg,/home/esteve/self-driving-ND/CarND-Behavioral-Cloning-P3/data_hard/IMG/right_2017_04_28_18_33_40_843.jpg,-0.6240602,0,0,21.86321
/home/esteve/self-driving-ND/CarND-Behavioral-Cloning-P3/data_hard/IMG/center_2017_04_28_18_33_40_931.jpg,/home/esteve/self-driving-ND/CarND-Behavioral-Cloning-P3/data_hard/IMG/left_2017_04_28_18_33_40_931.jpg,/home/esteve/self-driving-ND/CarND-Behavioral-Cloning-P3/data_hard/IMG/right_2017_04_28_18_33_40_931.jpg,-0.6015037,0,0,21.68575
/home/esteve/self-driving-ND/CarND-Behavioral-Cloning-P3/data_hard/IMG/center_2017_04_28_18_33_41_015.jpg,/home/esteve/self-driving-ND/CarND-Behavioral-Cloning-P3/data_hard/IMG/left_2017_04_28_18_33_41_015.jpg,/home/esteve/self-driving-ND/CarND-Behavioral-Cloning-P3/data_hard/IMG/right_2017_04_28_18_33_41_015.jpg,-0.5112782,0,0,21.5292
/home/esteve/self-driving-ND/CarND-Behavioral-Cloning-P3/data_hard/IMG/center_2017_04_28_18_33_41_098.jpg,/home/esteve/self-driving-ND/CarND-Behavioral-Cloning-P3/data_hard/IMG/left_2017_04_28_18_33_41_098.jpg,/home/esteve/self-driving-ND/CarND-Behavioral-Cloning-P3/data_hard/IMG/right_2017_04_28_18_33_41_098.jpg,-0.4661654,0,0,21.37842
/home/esteve/self-driving-ND/CarND-Behavioral-Cloning-P3/data_hard/IMG/center_2017_04_28_18_33_41_184.jpg,/home/esteve/self-driving-ND/CarND-Behavioral-Cloning-P3/data_hard/IMG/left_2017_04_28_18_33_41_184.jpg,/home/esteve/self-driving-ND/CarND-Behavioral-Cloning-P3/data_hard/IMG/right_2017_04_28_18_33_41_184.jpg,-0.4511278,0,0,21.17954
/home/esteve/self-driving-ND/CarND-Behavioral-Cloning-P3/data_hard/IMG/center_2017_04_28_18_33_41_273.jpg,/home/esteve/self-driving-ND/CarND-Behavioral-Cloning-P3/data_hard/IMG/left_2017_04_28_18_33_41_273.jpg,/home/esteve/self-driving-ND/CarND-Behavioral-Cloning-P3/data_hard/IMG/right_2017_04_28_18_33_41_273.jpg,-0.4360902,0,0,21.01588
/home/esteve/self-driving-ND/CarND-Behavioral-Cloning-P3/data_hard/IMG/center_2017_04_28_18_33_41_354.jpg,/home/esteve/self-driving-ND/CarND-Behavioral-Cloning-P3/data_hard/IMG/left_2017_04_28_18_33_41_354.jpg,/home/esteve/self-driving-ND/CarND-Behavioral-Cloning-P3/data_hard/IMG/right_2017_04_28_18_33_41_354.jpg,-0.4210526,0,0,20.85244
/home/esteve/self-driving-ND/CarND-Behavioral-Cloning-P3/data_hard/IMG/center_2017_04_28_18_33_41_439.jpg,/home/esteve/self-driving-ND/CarND-Behavioral-Cloning-P3/data_hard/IMG/left_2017_04_28_18_33_41_439.jpg,/home/esteve/self-driving-ND/CarND-Behavioral-Cloning-P3/data_hard/IMG/right_2017_04_28_18_33_41_439.jpg,-0.4210526,0,0,20.68635
/home/esteve/self-driving-ND/CarND-Behavioral-Cloning-P3/data_hard/IMG/center_2017_04_28_18_33_41_528.jpg,/home/esteve/self-driving-ND/CarND-Behavioral-Cloning-P3/data_hard/IMG/left_2017_04_28_18_33_41_528.jpg,/home/esteve/self-driving-ND/CarND-Behavioral-Cloning-P3/data_hard/IMG/right_2017_04_28_18_33_41_528.jpg,-0.4661654,0,0,20.47371
/home/esteve/self-driving-ND/CarND-Behavioral-Cloning-P3/data_hard/IMG/center_2017_04_28_18_33_41_595.jpg,/home/esteve/self-driving-ND/CarND-Behavioral-Cloning-P3/data_hard/IMG/left_2017_04_28_18_33_41_595.jpg,/home/esteve/self-driving-ND/CarND-Behavioral-Cloning-P3/data_hard/IMG/right_2017_04_28_18_33_41_595.jpg,-0.5714286,0,0,20.31273
/home/esteve/self-driving-ND/CarND-Behavioral-Cloning-P3/data_hard/IMG/center_2017_04_28_18_33_41_681.jpg,/home/esteve/self-driving-ND/CarND-Behavioral-Cloning-P3/data_hard/IMG/left_2017_04_28_18_33_41_681.jpg,/home/esteve/self-driving-ND/CarND-Behavioral-Cloning-P3/data_hard/IMG/right_2017_04_28_18_33_41_681.jpg,-0.6842105,0,0,20.05059
/home/esteve/self-driving-ND/CarND-Behavioral-Cloning-P3/data_hard/IMG/center_2017_04_28_18_33_41_775.jpg,/home/esteve/self-driving-ND/CarND-Behavioral-Cloning-P3/data_hard/IMG/left_2017_04_28_18_33_41_775.jpg,/home/esteve/self-driving-ND/CarND-Behavioral-Cloning-P3/data_hard/IMG/right_2017_04_28_18_33_41_775.jpg,-0.6917293,0,0,19.77497
/home/esteve/self-driving-ND/CarND-Behavioral-Cloning-P3/data_hard/IMG/center_2017_04_28_18_33_41_845.jpg,/home/esteve/self-driving-ND/CarND-Behavioral-Cloning-P3/data_hard/IMG/left_2017_04_28_18_33_41_845.jpg,/home/esteve/self-driving-ND/CarND-Behavioral-Cloning-P3/data_hard/IMG/right_2017_04_28_18_33_41_845.jpg,-0.6917293,0,0,19.6034
/home/esteve/self-driving-ND/CarND-Behavioral-Cloning-P3/data_hard/IMG/center_2017_04_28_18_33_41_915.jpg,/home/esteve/self-driving-ND/CarND-Behavioral-Cloning-P3/data_hard/IMG/left_2017_04_28_18_33_41_915.jpg,/home/esteve/self-driving-ND/CarND-Behavioral-Cloning-P3/data_hard/IMG/right_2017_04_28_18_33_41_915.jpg,-0.6917293,0,0,19.34179
/home/esteve/self-driving-ND/CarND-Behavioral-Cloning-P3/data_hard/IMG/center_2017_04_28_18_33_42_001.jpg,/home/esteve/self-driving-ND/CarND-Behavioral-Cloning-P3/data_hard/IMG/left_2017_04_28_18_33_42_001.jpg,/home/esteve/self-driving-ND/CarND-Behavioral-Cloning-P3/data_hard/IMG/right_2017_04_28_18_33_42_001.jpg,-0.669173,0,0,19.15268
/home/esteve/self-driving-ND/CarND-Behavioral-Cloning-P3/data_hard/IMG/center_2017_04_28_18_33_42_090.jpg,/home/esteve/self-driving-ND/CarND-Behavioral-Cloning-P3/data_hard/IMG/left_2017_04_28_18_33_42_090.jpg,/home/esteve/self-driving-ND/CarND-Behavioral-Cloning-P3/data_hard/IMG/right_2017_04_28_18_33_42_090.jpg,-0.5488722,0,0,19.21735
/home/esteve/self-driving-ND/CarND-Behavioral-Cloning-P3/data_hard/IMG/center_2017_04_28_18_33_42_175.jpg,/home/esteve/self-driving-ND/CarND-Behavioral-Cloning-P3/data_hard/IMG/left_2017_04_28_18_33_42_175.jpg,/home/esteve/self-driving-ND/CarND-Behavioral-Cloning-P3/data_hard/IMG/right_2017_04_28_18_33_42_175.jpg,-0.518797,0,0,19.10025
/home/esteve/self-driving-ND/CarND-Behavioral-Cloning-P3/data_hard/IMG/center_2017_04_28_18_33_42_264.jpg,/home/esteve/self-driving-ND/CarND-Behavioral-Cloning-P3/data_hard/IMG/left_2017_04_28_18_33_42_264.jpg,/home/esteve/self-driving-ND/CarND-Behavioral-Cloning-P3/data_hard/IMG/right_2017_04_28_18_33_42_264.jpg,-0.5112782,0,0,18.54589
/home/esteve/self-driving-ND/CarND-Behavioral-Cloning-P3/data_hard/IMG/center_2017_04_28_18_33_42_348.jpg,/home/esteve/self-driving-ND/CarND-Behavioral-Cloning-P3/data_hard/IMG/left_2017_04_28_18_33_42_348.jpg,/home/esteve/self-driving-ND/CarND-Behavioral-Cloning-P3/data_hard/IMG/right_2017_04_28_18_33_42_348.jpg,-0.5112782,0,0,18.38405
/home/esteve/self-driving-ND/CarND-Behavioral-Cloning-P3/data_hard/IMG/center_2017_04_28_18_33_42_432.jpg,/home/esteve/self-driving-ND/CarND-Behavioral-Cloning-P3/data_hard/IMG/left_2017_04_28_18_33_42_432.jpg,/home/esteve/self-driving-ND/CarND-Behavioral-Cloning-P3/data_hard/IMG/right_2017_04_28_18_33_42_432.jpg,-0.4511278,0,0,18.23293
/home/esteve/self-driving-ND/CarND-Behavioral-Cloning-P3/data_hard/IMG/center_2017_04_28_18_33_42_520.jpg,/home/esteve/self-driving-ND/CarND-Behavioral-Cloning-P3/data_hard/IMG/left_2017_04_28_18_33_42_520.jpg,/home/esteve/self-driving-ND/CarND-Behavioral-Cloning-P3/data_hard/IMG/right_2017_04_28_18_33_42_520.jpg,-0.4360902,0.192162,0,18.15582
/home/esteve/self-driving-ND/CarND-Behavioral-Cloning-P3/data_hard/IMG/center_2017_04_28_18_33_42_604.jpg,/home/esteve/self-driving-ND/CarND-Behavioral-Cloning-P3/data_hard/IMG/left_2017_04_28_18_33_42_604.jpg,/home/esteve/self-driving-ND/CarND-Behavioral-Cloning-P3/data_hard/IMG/right_2017_04_28_18_33_42_604.jpg,-0.4511278,0.4450407,0,18.77378
/home/esteve/self-driving-ND/CarND-Behavioral-Cloning-P3/data_hard/IMG/center_2017_04_28_18_33_42_689.jpg,/home/esteve/self-driving-ND/CarND-Behavioral-Cloning-P3/data_hard/IMG/left_2017_04_28_18_33_42_689.jpg,/home/esteve/self-driving-ND/CarND-Behavioral-Cloning-P3/data_hard/IMG/right_2017_04_28_18_33_42_689.jpg,-0.5338346,0.5783629,0,19.12903
/home/esteve/self-driving-ND/CarND-Behavioral-Cloning-P3/data_hard/IMG/center_2017_04_28_18_33_42_782.jpg,/home/esteve/self-driving-ND/CarND-Behavioral-Cloning-P3/data_hard/IMG/left_2017_04_28_18_33_42_782.jpg,/home/esteve/self-driving-ND/CarND-Behavioral-Cloning-P3/data_hard/IMG/right_2017_04_28_18_33_42_782.jpg,-0.6015037,0.2995913,0,19.07354
/home/esteve/self-driving-ND/CarND-Behavioral-Cloning-P3/data_hard/IMG/center_2017_04_28_18_33_42_857.jpg,/home/esteve/self-driving-ND/CarND-Behavioral-Cloning-P3/data_hard/IMG/left_2017_04_28_18_33_42_857.jpg,/home/esteve/self-driving-ND/CarND-Behavioral-Cloning-P3/data_hard/IMG/right_2017_04_28_18_33_42_857.jpg,-0.6240602,0.07532358,0,19.41255
/home/esteve/self-driving-ND/CarND-Behavioral-Cloning-P3/data_hard/IMG/center_2017_04_28_18_33_42_944.jpg,/home/esteve/self-driving-ND/CarND-Behavioral-Cloning-P3/data_hard/IMG/left_2017_04_28_18_33_42_944.jpg,/home/esteve/self-driving-ND/CarND-Behavioral-Cloning-P3/data_hard/IMG/right_2017_04_28_18_33_42_944.jpg,-0.5413534,0,0,18.8184
/home/esteve/self-driving-ND/CarND-Behavioral-Cloning-P3/data_hard/IMG/center_2017_04_28_18_33_43_028.jpg,/home/esteve/self-driving-ND/CarND-Behavioral-Cloning-P3/data_hard/IMG/left_2017_04_28_18_33_43_028.jpg,/home/esteve/self-driving-ND/CarND-Behavioral-Cloning-P3/data_hard/IMG/right_2017_04_28_18_33_43_028.jpg,-0.4736842,0,0,18.67542
/home/esteve/self-driving-ND/CarND-Behavioral-Cloning-P3/data_hard/IMG/center_2017_04_28_18_33_43_118.jpg,/home/esteve/self-driving-ND/CarND-Behavioral-Cloning-P3/data_hard/IMG/left_2017_04_28_18_33_43_118.jpg,/home/esteve/self-driving-ND/CarND-Behavioral-Cloning-P3/data_hard/IMG/right_2017_04_28_18_33_43_118.jpg,-0.3984962,0,0,18.53746
/home/esteve/self-driving-ND/CarND-Behavioral-Cloning-P3/data_hard/IMG/center_2017_04_28_18_33_43_202.jpg,/home/esteve/self-driving-ND/CarND-Behavioral-Cloning-P3/data_hard/IMG/left_2017_04_28_18_33_43_202.jpg,/home/esteve/self-driving-ND/CarND-Behavioral-Cloning-P3/data_hard/IMG/right_2017_04_28_18_33_43_202.jpg,-0.3383459,0,0,18.81285
/home/esteve/self-driving-ND/CarND-Behavioral-Cloning-P3/data_hard/IMG/center_2017_04_28_18_33_43_292.jpg,/home/esteve/self-driving-ND/CarND-Behavioral-Cloning-P3/data_hard/IMG/left_2017_04_28_18_33_43_292.jpg,/home/esteve/self-driving-ND/CarND-Behavioral-Cloning-P3/data_hard/IMG/right_2017_04_28_18_33_43_292.jpg,-0.2481203,0,0,18.68013
/home/esteve/self-driving-ND/CarND-Behavioral-Cloning-P3/data_hard/IMG/center_2017_04_28_18_33_43_377.jpg,/home/esteve/self-driving-ND/CarND-Behavioral-Cloning-P3/data_hard/IMG/left_2017_04_28_18_33_43_377.jpg,/home/esteve/self-driving-ND/CarND-Behavioral-Cloning-P3/data_hard/IMG/right_2017_04_28_18_33_43_377.jpg,0.09022556,0,0,18.49352
/home/esteve/self-driving-ND/CarND-Behavioral-Cloning-P3/data_hard/IMG/center_2017_04_28_18_33_43_463.jpg,/home/esteve/self-driving-ND/CarND-Behavioral-Cloning-P3/data_hard/IMG/left_2017_04_28_18_33_43_463.jpg,/home/esteve/self-driving-ND/CarND-Behavioral-Cloning-P3/data_hard/IMG/right_2017_04_28_18_33_43_463.jpg,0.1503759,0,0,17.79685
/home/esteve/self-driving-ND/CarND-Behavioral-Cloning-P3/data_hard/IMG/center_2017_04_28_18_33_43_551.jpg,/home/esteve/self-driving-ND/CarND-Behavioral-Cloning-P3/data_hard/IMG/left_2017_04_28_18_33_43_551.jpg,/home/esteve/self-driving-ND/CarND-Behavioral-Cloning-P3/data_hard/IMG/right_2017_04_28_18_33_43_551.jpg,0.1654135,0,0,17.61897
/home/esteve/self-driving-ND/CarND-Behavioral-Cloning-P3/data_hard/IMG/center_2017_04_28_18_33_43_635.jpg,/home/esteve/self-driving-ND/CarND-Behavioral-Cloning-P3/data_hard/IMG/left_2017_04_28_18_33_43_635.jpg,/home/esteve/self-driving-ND/CarND-Behavioral-Cloning-P3/data_hard/IMG/right_2017_04_28_18_33_43_635.jpg,0.1578947,0,0,17.45951
/home/esteve/self-driving-ND/CarND-Behavioral-Cloning-P3/data_hard/IMG/center_2017_04_28_18_33_43_716.jpg,/home/esteve/self-driving-ND/CarND-Behavioral-Cloning-P3/data_hard/IMG/left_2017_04_28_18_33_43_716.jpg,/home/esteve/self-driving-ND/CarND-Behavioral-Cloning-P3/data_hard/IMG/right_2017_04_28_18_33_43_716.jpg,-0.01503759,0,0,17.31845
/home/esteve/self-driving-ND/CarND-Behavioral-Cloning-P3/data_hard/IMG/center_2017_04_28_18_33_43_785.jpg,/home/esteve/self-driving-ND/CarND-Behavioral-Cloning-P3/data_hard/IMG/left_2017_04_28_18_33_43_785.jpg,/home/esteve/self-driving-ND/CarND-Behavioral-Cloning-P3/data_hard/IMG/right_2017_04_28_18_33_43_785.jpg,-0.1578947,0,0,17.15533
/home/esteve/self-driving-ND/CarND-Behavioral-Cloning-P3/data_hard/IMG/center_2017_04_28_18_33_43_875.jpg,/home/esteve/self-driving-ND/CarND-Behavioral-Cloning-P3/data_hard/IMG/left_2017_04_28_18_33_43_875.jpg,/home/esteve/self-driving-ND/CarND-Behavioral-Cloning-P3/data_hard/IMG/right_2017_04_28_18_33_43_875.jpg,-0.1503759,0,0,16.98976
/home/esteve/self-driving-ND/CarND-Behavioral-Cloning-P3/data_hard/IMG/center_2017_04_28_18_33_43_961.jpg,/home/esteve/self-driving-ND/CarND-Behavioral-Cloning-P3/data_hard/IMG/left_2017_04_28_18_33_43_961.jpg,/home/esteve/self-driving-ND/CarND-Behavioral-Cloning-P3/data_hard/IMG/right_2017_04_28_18_33_43_961.jpg,0.06015037,0,0,16.84926
/home/esteve/self-driving-ND/CarND-Behavioral-Cloning-P3/data_hard/IMG/center_2017_04_28_18_33_44_048.jpg,/home/esteve/self-driving-ND/CarND-Behavioral-Cloning-P3/data_hard/IMG/left_2017_04_28_18_33_44_048.jpg,/home/esteve/self-driving-ND/CarND-Behavioral-Cloning-P3/data_hard/IMG/right_2017_04_28_18_33_44_048.jpg,0.2706767,0,0,17.13485
/home/esteve/self-driving-ND/CarND-Behavioral-Cloning-P3/data_hard/IMG/center_2017_04_28_18_33_44_133.jpg,/home/esteve/self-driving-ND/CarND-Behavioral-Cloning-P3/data_hard/IMG/left_2017_04_28_18_33_44_133.jpg,/home/esteve/self-driving-ND/CarND-Behavioral-Cloning-P3/data_hard/IMG/right_2017_04_28_18_33_44_133.jpg,0.5037594,0,0,16.90133
/home/esteve/self-driving-ND/CarND-Behavioral-Cloning-P3/data_hard/IMG/center_2017_04_28_18_33_44_216.jpg,/home/esteve/self-driving-ND/CarND-Behavioral-Cloning-P3/data_hard/IMG/left_2017_04_28_18_33_44_216.jpg,/home/esteve/self-driving-ND/CarND-Behavioral-Cloning-P3/data_hard/IMG/right_2017_04_28_18_33_44_216.jpg,0.5864662,0,0,16.68077
/home/esteve/self-driving-ND/CarND-Behavioral-Cloning-P3/data_hard/IMG/center_2017_04_28_18_33_44_300.jpg,/home/esteve/self-driving-ND/CarND-Behavioral-Cloning-P3/data_hard/IMG/left_2017_04_28_18_33_44_300.jpg,/home/esteve/self-driving-ND/CarND-Behavioral-Cloning-P3/data_hard/IMG/right_2017_04_28_18_33_44_300.jpg,0.6390978,0,0,16.48322
/home/esteve/self-driving-ND/CarND-Behavioral-Cloning-P3/data_hard/IMG/center_2017_04_28_18_33_44_387.jpg,/home/esteve/self-driving-ND/CarND-Behavioral-Cloning-P3/data_hard/IMG/left_2017_04_28_18_33_44_387.jpg,/home/esteve/self-driving-ND/CarND-Behavioral-Cloning-P3/data_hard/IMG/right_2017_04_28_18_33_44_387.jpg,0.6917293,0,0,15.73569
/home/esteve/self-driving-ND/CarND-Behavioral-Cloning-P3/data_hard/IMG/center_2017_04_28_18_33_44_468.jpg,/home/esteve/self-driving-ND/CarND-Behavioral-Cloning-P3/data_hard/IMG/left_2017_04_28_18_33_44_468.jpg,/home/esteve/self-driving-ND/CarND-Behavioral-Cloning-P3/data_hard/IMG/right_2017_04_28_18_33_44_468.jpg,0.6917293,0,0,15.60566
/home/esteve/self-driving-ND/CarND-Behavioral-Cloning-P3/data_hard/IMG/center_2017_04_28_18_33_44_550.jpg,/home/esteve/self-driving-ND/CarND-Behavioral-Cloning-P3/data_hard/IMG/left_2017_04_28_18_33_44_550.jpg,/home/esteve/self-driving-ND/CarND-Behavioral-Cloning-P3/data_hard/IMG/right_2017_04_28_18_33_44_550.jpg,0.6917293,0,0,15.46084
/home/esteve/self-driving-ND/CarND-Behavioral-Cloning-P3/data_hard/IMG/center_2017_04_28_18_33_44_632.jpg,/home/esteve/self-driving-ND/CarND-Behavioral-Cloning-P3/data_hard/IMG/left_2017_04_28_18_33_44_632.jpg,/home/esteve/self-driving-ND/CarND-Behavioral-Cloning-P3/data_hard/IMG/right_2017_04_28_18_33_44_632.jpg,0.7669173,0,0,15.32038
/home/esteve/self-driving-ND/CarND-Behavioral-Cloning-P3/data_hard/IMG/center_2017_04_28_18_33_44_714.jpg,/home/esteve/self-driving-ND/CarND-Behavioral-Cloning-P3/data_hard/IMG/left_2017_04_28_18_33_44_714.jpg,/home/esteve/self-driving-ND/CarND-Behavioral-Cloning-P3/data_hard/IMG/right_2017_04_28_18_33_44_714.jpg,1,0,0,15.03747
/home/esteve/self-driving-ND/CarND-Behavioral-Cloning-P3/data_hard/IMG/center_2017_04_28_18_33_44_799.jpg,/home/esteve/self-driving-ND/CarND-Behavioral-Cloning-P3/data_hard/IMG/left_2017_04_28_18_33_44_799.jpg,/home/esteve/self-driving-ND/CarND-Behavioral-Cloning-P3/data_hard/IMG/right_2017_04_28_18_33_44_799.jpg,1,0,0,14.84176
/home/esteve/self-driving-ND/CarND-Behavioral-Cloning-P3/data_hard/IMG/center_2017_04_28_18_33_44_893.jpg,/home/esteve/self-driving-ND/CarND-Behavioral-Cloning-P3/data_hard/IMG/left_2017_04_28_18_33_44_893.jpg,/home/esteve/self-driving-ND/CarND-Behavioral-Cloning-P3/data_hard/IMG/right_2017_04_28_18_33_44_893.jpg,1,0,0,15.0753
/home/esteve/self-driving-ND/CarND-Behavioral-Cloning-P3/data_hard/IMG/center_2017_04_28_18_33_44_974.jpg,/home/esteve/self-driving-ND/CarND-Behavioral-Cloning-P3/data_hard/IMG/left_2017_04_28_18_33_44_974.jpg,/home/esteve/self-driving-ND/CarND-Behavioral-Cloning-P3/data_hard/IMG/right_2017_04_28_18_33_44_974.jpg,1,0,0,14.92307
/home/esteve/self-driving-ND/CarND-Behavioral-Cloning-P3/data_hard/IMG/center_2017_04_28_18_33_45_055.jpg,/home/esteve/self-driving-ND/CarND-Behavioral-Cloning-P3/data_hard/IMG/left_2017_04_28_18_33_45_055.jpg,/home/esteve/self-driving-ND/CarND-Behavioral-Cloning-P3/data_hard/IMG/right_2017_04_28_18_33_45_055.jpg,1,0.1201651,0,14.78182
/home/esteve/self-driving-ND/CarND-Behavioral-Cloning-P3/data_hard/IMG/center_2017_04_28_18_33_45_132.jpg,/home/esteve/self-driving-ND/CarND-Behavioral-Cloning-P3/data_hard/IMG/left_2017_04_28_18_33_45_132.jpg,/home/esteve/self-driving-ND/CarND-Behavioral-Cloning-P3/data_hard/IMG/right_2017_04_28_18_33_45_132.jpg,1,0.3645,0,14.88571
/home/esteve/self-driving-ND/CarND-Behavioral-Cloning-P3/data_hard/IMG/center_2017_04_28_18_33_45_210.jpg,/home/esteve/self-driving-ND/CarND-Behavioral-Cloning-P3/data_hard/IMG/left_2017_04_28_18_33_45_210.jpg,/home/esteve/self-driving-ND/CarND-Behavioral-Cloning-P3/data_hard/IMG/right_2017_04_28_18_33_45_210.jpg,1,0.600141,0,15.1419
/home/esteve/self-driving-ND/CarND-Behavioral-Cloning-P3/data_hard/IMG/center_2017_04_28_18_33_45_291.jpg,/home/esteve/self-driving-ND/CarND-Behavioral-Cloning-P3/data_hard/IMG/left_2017_04_28_18_33_45_291.jpg,/home/esteve/self-driving-ND/CarND-Behavioral-Cloning-P3/data_hard/IMG/right_2017_04_28_18_33_45_291.jpg,1,0.4801018,0,15.57081
/home/esteve/self-driving-ND/CarND-Behavioral-Cloning-P3/data_hard/IMG/center_2017_04_28_18_33_45_374.jpg,/home/esteve/self-driving-ND/CarND-Behavioral-Cloning-P3/data_hard/IMG/left_2017_04_28_18_33_45_374.jpg,/home/esteve/self-driving-ND/CarND-Behavioral-Cloning-P3/data_hard/IMG/right_2017_04_28_18_33_45_374.jpg,1,0.2336791,0,15.77905
/home/esteve/self-driving-ND/CarND-Behavioral-Cloning-P3/data_hard/IMG/center_2017_04_28_18_33_45_450.jpg,/home/esteve/self-driving-ND/CarND-Behavioral-Cloning-P3/data_hard/IMG/left_2017_04_28_18_33_45_450.jpg,/home/esteve/self-driving-ND/CarND-Behavioral-Cloning-P3/data_hard/IMG/right_2017_04_28_18_33_45_450.jpg,1,0.004137039,0,15.7445
/home/esteve/self-driving-ND/CarND-Behavioral-Cloning-P3/data_hard/IMG/center_2017_04_28_18_33_45_531.jpg,/home/esteve/self-driving-ND/CarND-Behavioral-Cloning-P3/data_hard/IMG/left_2017_04_28_18_33_45_531.jpg,/home/esteve/self-driving-ND/CarND-Behavioral-Cloning-P3/data_hard/IMG/right_2017_04_28_18_33_45_531.jpg,1,0,0,15.60348
/home/esteve/self-driving-ND/CarND-Behavioral-Cloning-P3/data_hard/IMG/center_2017_04_28_18_33_45_609.jpg,/home/esteve/self-driving-ND/CarND-Behavioral-Cloning-P3/data_hard/IMG/left_2017_04_28_18_33_45_609.jpg,/home/esteve/self-driving-ND/CarND-Behavioral-Cloning-P3/data_hard/IMG/right_2017_04_28_18_33_45_609.jpg,1,0.1268342,0,15.46006
/home/esteve/self-driving-ND/CarND-Behavioral-Cloning-P3/data_hard/IMG/center_2017_04_28_18_33_45_684.jpg,/home/esteve/self-driving-ND/CarND-Behavioral-Cloning-P3/data_hard/IMG/left_2017_04_28_18_33_45_684.jpg,/home/esteve/self-driving-ND/CarND-Behavioral-Cloning-P3/data_hard/IMG/right_2017_04_28_18_33_45_684.jpg,1,0.3486035,0,15.07924
/home/esteve/self-driving-ND/CarND-Behavioral-Cloning-P3/data_hard/IMG/center_2017_04_28_18_33_45_761.jpg,/home/esteve/self-driving-ND/CarND-Behavioral-Cloning-P3/data_hard/IMG/left_2017_04_28_18_33_45_761.jpg,/home/esteve/self-driving-ND/CarND-Behavioral-Cloning-P3/data_hard/IMG/right_2017_04_28_18_33_45_761.jpg,1,0.5787513,0,15.49901
/home/esteve/self-driving-ND/CarND-Behavioral-Cloning-P3/data_hard/IMG/center_2017_04_28_18_33_45_843.jpg,/home/esteve/self-driving-ND/CarND-Behavioral-Cloning-P3/data_hard/IMG/left_2017_04_28_18_33_45_843.jpg,/home/esteve/self-driving-ND/CarND-Behavioral-Cloning-P3/data_hard/IMG/right_2017_04_28_18_33_45_843.jpg,1,0.8353078,0,16.3612
/home/esteve/self-driving-ND/CarND-Behavioral-Cloning-P3/data_hard/IMG/center_2017_04_28_18_33_45_917.jpg,/home/esteve/self-driving-ND/CarND-Behavioral-Cloning-P3/data_hard/IMG/left_2017_04_28_18_33_45_917.jpg,/home/esteve/self-driving-ND/CarND-Behavioral-Cloning-P3/data_hard/IMG/right_2017_04_28_18_33_45_917.jpg,0.8947369,1,0,16.69986
/home/esteve/self-driving-ND/CarND-Behavioral-Cloning-P3/data_hard/IMG/center_2017_04_28_18_33_45_995.jpg,/home/esteve/self-driving-ND/CarND-Behavioral-Cloning-P3/data_hard/IMG/left_2017_04_28_18_33_45_995.jpg,/home/esteve/self-driving-ND/CarND-Behavioral-Cloning-P3/data_hard/IMG/right_2017_04_28_18_33_45_995.jpg,0.6240602,0.764605,0,17.51142
/home/esteve/self-driving-ND/CarND-Behavioral-Cloning-P3/data_hard/IMG/center_2017_04_28_18_33_46_071.jpg,/home/esteve/self-driving-ND/CarND-Behavioral-Cloning-P3/data_hard/IMG/left_2017_04_28_18_33_46_071.jpg,/home/esteve/self-driving-ND/CarND-Behavioral-Cloning-P3/data_hard/IMG/right_2017_04_28_18_33_46_071.jpg,0.6015037,0.5369713,0,17.96361
/home/esteve/self-driving-ND/CarND-Behavioral-Cloning-P3/data_hard/IMG/center_2017_04_28_18_33_46_143.jpg,/home/esteve/self-driving-ND/CarND-Behavioral-Cloning-P3/data_hard/IMG/left_2017_04_28_18_33_46_143.jpg,/home/esteve/self-driving-ND/CarND-Behavioral-Cloning-P3/data_hard/IMG/right_2017_04_28_18_33_46_143.jpg,0.6015037,0.3211572,0,18.21233
/home/esteve/self-driving-ND/CarND-Behavioral-Cloning-P3/data_hard/IMG/center_2017_04_28_18_33_46_217.jpg,/home/esteve/self-driving-ND/CarND-Behavioral-Cloning-P3/data_hard/IMG/left_2017_04_28_18_33_46_217.jpg,/home/esteve/self-driving-ND/CarND-Behavioral-Cloning-P3/data_hard/IMG/right_2017_04_28_18_33_46_217.jpg,0.6015037,0.2547636,0,18.64312
/home/esteve/self-driving-ND/CarND-Behavioral-Cloning-P3/data_hard/IMG/center_2017_04_28_18_33_46_295.jpg,/home/esteve/self-driving-ND/CarND-Behavioral-Cloning-P3/data_hard/IMG/left_2017_04_28_18_33_46_295.jpg,/home/esteve/self-driving-ND/CarND-Behavioral-Cloning-P3/data_hard/IMG/right_2017_04_28_18_33_46_295.jpg,0.6015037,0.5333135,0,18.86143
/home/esteve/self-driving-ND/CarND-Behavioral-Cloning-P3/data_hard/IMG/center_2017_04_28_18_33_46_366.jpg,/home/esteve/self-driving-ND/CarND-Behavioral-Cloning-P3/data_hard/IMG/left_2017_04_28_18_33_46_366.jpg,/home/esteve/self-driving-ND/CarND-Behavioral-Cloning-P3/data_hard/IMG/right_2017_04_28_18_33_46_366.jpg,0.6466165,0.7460527,0,19.28234
/home/esteve/self-driving-ND/CarND-Behavioral-Cloning-P3/data_hard/IMG/center_2017_04_28_18_33_46_443.jpg,/home/esteve/self-driving-ND/CarND-Behavioral-Cloning-P3/data_hard/IMG/left_2017_04_28_18_33_46_443.jpg,/home/esteve/self-driving-ND/CarND-Behavioral-Cloning-P3/data_hard/IMG/right_2017_04_28_18_33_46_443.jpg,0.9097744,0.975961,0,19.77821
/home/esteve/self-driving-ND/CarND-Behavioral-Cloning-P3/data_hard/IMG/center_2017_04_28_18_33_46_514.jpg,/home/esteve/self-driving-ND/CarND-Behavioral-Cloning-P3/data_hard/IMG/left_2017_04_28_18_33_46_514.jpg,/home/esteve/self-driving-ND/CarND-Behavioral-Cloning-P3/data_hard/IMG/right_2017_04_28_18_33_46_514.jpg,0.9774436,0.8873472,0,20.09109
/home/esteve/self-driving-ND/CarND-Behavioral-Cloning-P3/data_hard/IMG/center_2017_04_28_18_33_46_588.jpg,/home/esteve/self-driving-ND/CarND-Behavioral-Cloning-P3/data_hard/IMG/left_2017_04_28_18_33_46_588.jpg,/home/esteve/self-driving-ND/CarND-Behavioral-Cloning-P3/data_hard/IMG/right_2017_04_28_18_33_46_588.jpg,1,0.666223,0,20.53308
/home/esteve/self-driving-ND/CarND-Behavioral-Cloning-P3/data_hard/IMG/center_2017_04_28_18_33_46_665.jpg,/home/esteve/self-driving-ND/CarND-Behavioral-Cloning-P3/data_hard/IMG/left_2017_04_28_18_33_46_665.jpg,/home/esteve/self-driving-ND/CarND-Behavioral-Cloning-P3/data_hard/IMG/right_2017_04_28_18_33_46_665.jpg,1,0.4334774,0,20.78629
/home/esteve/self-driving-ND/CarND-Behavioral-Cloning-P3/data_hard/IMG/center_2017_04_28_18_33_46_737.jpg,/home/esteve/self-driving-ND/CarND-Behavioral-Cloning-P3/data_hard/IMG/left_2017_04_28_18_33_46_737.jpg,/home/esteve/self-driving-ND/CarND-Behavioral-Cloning-P3/data_hard/IMG/right_2017_04_28_18_33_46_737.jpg,1,0.2187283,0,20.99541
/home/esteve/self-driving-ND/CarND-Behavioral-Cloning-P3/data_hard/IMG/center_2017_04_28_18_33_46_820.jpg,/home/esteve/self-driving-ND/CarND-Behavioral-Cloning-P3/data_hard/IMG/left_2017_04_28_18_33_46_820.jpg,/home/esteve/self-driving-ND/CarND-Behavioral-Cloning-P3/data_hard/IMG/right_2017_04_28_18_33_46_820.jpg,1,0,0,20.82813
/home/esteve/self-driving-ND/CarND-Behavioral-Cloning-P3/data_hard/IMG/center_2017_04_28_18_33_46_897.jpg,/home/esteve/self-driving-ND/CarND-Behavioral-Cloning-P3/data_hard/IMG/left_2017_04_28_18_33_46_897.jpg,/home/esteve/self-driving-ND/CarND-Behavioral-Cloning-P3/data_hard/IMG/right_2017_04_28_18_33_46_897.jpg,0.8421053,0,0,20.67919
/home/esteve/self-driving-ND/CarND-Behavioral-Cloning-P3/data_hard/IMG/center_2017_04_28_18_33_46_976.jpg,/home/esteve/self-driving-ND/CarND-Behavioral-Cloning-P3/data_hard/IMG/left_2017_04_28_18_33_46_976.jpg,/home/esteve/self-driving-ND/CarND-Behavioral-Cloning-P3/data_hard/IMG/right_2017_04_28_18_33_46_976.jpg,0.6240602,0,0,20.59777
/home/esteve/self-driving-ND/CarND-Behavioral-Cloning-P3/data_hard/IMG/center_2017_04_28_18_33_47_052.jpg,/home/esteve/self-driving-ND/CarND-Behavioral-Cloning-P3/data_hard/IMG/left_2017_04_28_18_33_47_052.jpg,/home/esteve/self-driving-ND/CarND-Behavioral-Cloning-P3/data_hard/IMG/right_2017_04_28_18_33_47_052.jpg,0.5639098,0,0,20.61378
/home/esteve/self-driving-ND/CarND-Behavioral-Cloning-P3/data_hard/IMG/center_2017_04_28_18_33_47_127.jpg,/home/esteve/self-driving-ND/CarND-Behavioral-Cloning-P3/data_hard/IMG/left_2017_04_28_18_33_47_127.jpg,/home/esteve/self-driving-ND/CarND-Behavioral-Cloning-P3/data_hard/IMG/right_2017_04_28_18_33_47_127.jpg,0.4360902,0,0,20.56926
/home/esteve/self-driving-ND/CarND-Behavioral-Cloning-P3/data_hard/IMG/center_2017_04_28_18_33_47_204.jpg,/home/esteve/self-driving-ND/CarND-Behavioral-Cloning-P3/data_hard/IMG/left_2017_04_28_18_33_47_204.jpg,/home/esteve/self-driving-ND/CarND-Behavioral-Cloning-P3/data_hard/IMG/right_2017_04_28_18_33_47_204.jpg,0.3383459,0,0,20.58569
/home/esteve/self-driving-ND/CarND-Behavioral-Cloning-P3/data_hard/IMG/center_2017_04_28_18_33_47_279.jpg,/home/esteve/self-driving-ND/CarND-Behavioral-Cloning-P3/data_hard/IMG/left_2017_04_28_18_33_47_279.jpg,/home/esteve/self-driving-ND/CarND-Behavioral-Cloning-P3/data_hard/IMG/right_2017_04_28_18_33_47_279.jpg,0.3308271,0,0,20.59872
/home/esteve/self-driving-ND/CarND-Behavioral-Cloning-P3/data_hard/IMG/center_2017_04_28_18_33_47_361.jpg,/home/esteve/self-driving-ND/CarND-Behavioral-Cloning-P3/data_hard/IMG/left_2017_04_28_18_33_47_361.jpg,/home/esteve/self-driving-ND/CarND-Behavioral-Cloning-P3/data_hard/IMG/right_2017_04_28_18_33_47_361.jpg,0.4135338,0,0,20.62737
/home/esteve/self-driving-ND/CarND-Behavioral-Cloning-P3/data_hard/IMG/center_2017_04_28_18_33_47_439.jpg,/home/esteve/self-driving-ND/CarND-Behavioral-Cloning-P3/data_hard/IMG/left_2017_04_28_18_33_47_439.jpg,/home/esteve/self-driving-ND/CarND-Behavioral-Cloning-P3/data_hard/IMG/right_2017_04_28_18_33_47_439.jpg,0.7067669,0,0,20.58883
/home/esteve/self-driving-ND/CarND-Behavioral-Cloning-P3/data_hard/IMG/center_2017_04_28_18_33_47_514.jpg,/home/esteve/self-driving-ND/CarND-Behavioral-Cloning-P3/data_hard/IMG/left_2017_04_28_18_33_47_514.jpg,/home/esteve/self-driving-ND/CarND-Behavioral-Cloning-P3/data_hard/IMG/right_2017_04_28_18_33_47_514.jpg,0.7293233,0,0,20.5466
/home/esteve/self-driving-ND/CarND-Behavioral-Cloning-P3/data_hard/IMG/center_2017_04_28_18_33_47_593.jpg,/home/esteve/self-driving-ND/CarND-Behavioral-Cloning-P3/data_hard/IMG/left_2017_04_28_18_33_47_593.jpg,/home/esteve/self-driving-ND/CarND-Behavioral-Cloning-P3/data_hard/IMG/right_2017_04_28_18_33_47_593.jpg,0.6917293,0,0,20.55671
/home/esteve/self-driving-ND/CarND-Behavioral-Cloning-P3/data_hard/IMG/center_2017_04_28_18_33_47_672.jpg,/home/esteve/self-driving-ND/CarND-Behavioral-Cloning-P3/data_hard/IMG/left_2017_04_28_18_33_47_672.jpg,/home/esteve/self-driving-ND/CarND-Behavioral-Cloning-P3/data_hard/IMG/right_2017_04_28_18_33_47_672.jpg,0.4736842,0,0,20.70935
/home/esteve/self-driving-ND/CarND-Behavioral-Cloning-P3/data_hard/IMG/center_2017_04_28_18_33_47_753.jpg,/home/esteve/self-driving-ND/CarND-Behavioral-Cloning-P3/data_hard/IMG/left_2017_04_28_18_33_47_753.jpg,/home/esteve/self-driving-ND/CarND-Behavioral-Cloning-P3/data_hard/IMG/right_2017_04_28_18_33_47_753.jpg,0.3909774,0,0,20.86278
/home/esteve/self-driving-ND/CarND-Behavioral-Cloning-P3/data_hard/IMG/center_2017_04_28_18_33_47_835.jpg,/home/esteve/self-driving-ND/CarND-Behavioral-Cloning-P3/data_hard/IMG/left_2017_04_28_18_33_47_835.jpg,/home/esteve/self-driving-ND/CarND-Behavioral-Cloning-P3/data_hard/IMG/right_2017_04_28_18_33_47_835.jpg,0.3157895,0,0,21.06303
/home/esteve/self-driving-ND/CarND-Behavioral-Cloning-P3/data_hard/IMG/center_2017_04_28_18_33_47_924.jpg,/home/esteve/self-driving-ND/CarND-Behavioral-Cloning-P3/data_hard/IMG/left_2017_04_28_18_33_47_924.jpg,/home/esteve/self-driving-ND/CarND-Behavioral-Cloning-P3/data_hard/IMG/right_2017_04_28_18_33_47_924.jpg,0.1879699,0,0,21.3166
/home/esteve/self-driving-ND/CarND-Behavioral-Cloning-P3/data_hard/IMG/center_2017_04_28_18_33_48_003.jpg,/home/esteve/self-driving-ND/CarND-Behavioral-Cloning-P3/data_hard/IMG/left_2017_04_28_18_33_48_003.jpg,/home/esteve/self-driving-ND/CarND-Behavioral-Cloning-P3/data_hard/IMG/right_2017_04_28_18_33_48_003.jpg,0.1578947,0,0,21.52061
/home/esteve/self-driving-ND/CarND-Behavioral-Cloning-P3/data_hard/IMG/center_2017_04_28_18_33_48_081.jpg,/home/esteve/self-driving-ND/CarND-Behavioral-Cloning-P3/data_hard/IMG/left_2017_04_28_18_33_48_081.jpg,/home/esteve/self-driving-ND/CarND-Behavioral-Cloning-P3/data_hard/IMG/right_2017_04_28_18_33_48_081.jpg,0.1729323,0,0,21.68577
/home/esteve/self-driving-ND/CarND-Behavioral-Cloning-P3/data_hard/IMG/center_2017_04_28_18_33_48_156.jpg,/home/esteve/self-driving-ND/CarND-Behavioral-Cloning-P3/data_hard/IMG/left_2017_04_28_18_33_48_156.jpg,/home/esteve/self-driving-ND/CarND-Behavioral-Cloning-P3/data_hard/IMG/right_2017_04_28_18_33_48_156.jpg,0.2105263,0,0,21.88957
/home/esteve/self-driving-ND/CarND-Behavioral-Cloning-P3/data_hard/IMG/center_2017_04_28_18_33_48_234.jpg,/home/esteve/self-driving-ND/CarND-Behavioral-Cloning-P3/data_hard/IMG/left_2017_04_28_18_33_48_234.jpg,/home/esteve/self-driving-ND/CarND-Behavioral-Cloning-P3/data_hard/IMG/right_2017_04_28_18_33_48_234.jpg,0.2105263,0,0,22.09589
/home/esteve/self-driving-ND/CarND-Behavioral-Cloning-P3/data_hard/IMG/center_2017_04_28_18_33_48_309.jpg,/home/esteve/self-driving-ND/CarND-Behavioral-Cloning-P3/data_hard/IMG/left_2017_04_28_18_33_48_309.jpg,/home/esteve/self-driving-ND/CarND-Behavioral-Cloning-P3/data_hard/IMG/right_2017_04_28_18_33_48_309.jpg,0.2105263,0,0,22.35564
/home/esteve/self-driving-ND/CarND-Behavioral-Cloning-P3/data_hard/IMG/center_2017_04_28_18_33_48_388.jpg,/home/esteve/self-driving-ND/CarND-Behavioral-Cloning-P3/data_hard/IMG/left_2017_04_28_18_33_48_388.jpg,/home/esteve/self-driving-ND/CarND-Behavioral-Cloning-P3/data_hard/IMG/right_2017_04_28_18_33_48_388.jpg,0.2105263,0,0,22.55274
/home/esteve/self-driving-ND/CarND-Behavioral-Cloning-P3/data_hard/IMG/center_2017_04_28_18_33_48_469.jpg,/home/esteve/self-driving-ND/CarND-Behavioral-Cloning-P3/data_hard/IMG/left_2017_04_28_18_33_48_469.jpg,/home/esteve/self-driving-ND/CarND-Behavioral-Cloning-P3/data_hard/IMG/right_2017_04_28_18_33_48_469.jpg,0.2481203,0,0,22.76852
/home/esteve/self-driving-ND/CarND-Behavioral-Cloning-P3/data_hard/IMG/center_2017_04_28_18_33_48_548.jpg,/home/esteve/self-driving-ND/CarND-Behavioral-Cloning-P3/data_hard/IMG/left_2017_04_28_18_33_48_548.jpg,/home/esteve/self-driving-ND/CarND-Behavioral-Cloning-P3/data_hard/IMG/right_2017_04_28_18_33_48_548.jpg,0.2706767,0,0,22.99251
/home/esteve/self-driving-ND/CarND-Behavioral-Cloning-P3/data_hard/IMG/center_2017_04_28_18_33_48_622.jpg,/home/esteve/self-driving-ND/CarND-Behavioral-Cloning-P3/data_hard/IMG/left_2017_04_28_18_33_48_622.jpg,/home/esteve/self-driving-ND/CarND-Behavioral-Cloning-P3/data_hard/IMG/right_2017_04_28_18_33_48_622.jpg,0.2706767,0,0,23.14869
/home/esteve/self-driving-ND/CarND-Behavioral-Cloning-P3/data_hard/IMG/center_2017_04_28_18_33_48_701.jpg,/home/esteve/self-driving-ND/CarND-Behavioral-Cloning-P3/data_hard/IMG/left_2017_04_28_18_33_48_701.jpg,/home/esteve/self-driving-ND/CarND-Behavioral-Cloning-P3/data_hard/IMG/right_2017_04_28_18_33_48_701.jpg,0.2706767,0,0,23.32933
/home/esteve/self-driving-ND/CarND-Behavioral-Cloning-P3/data_hard/IMG/center_2017_04_28_18_33_48_780.jpg,/home/esteve/self-driving-ND/CarND-Behavioral-Cloning-P3/data_hard/IMG/left_2017_04_28_18_33_48_780.jpg,/home/esteve/self-driving-ND/CarND-Behavioral-Cloning-P3/data_hard/IMG/right_2017_04_28_18_33_48_780.jpg,0.2706767,0,0,23.53229
/home/esteve/self-driving-ND/CarND-Behavioral-Cloning-P3/data_hard/IMG/center_2017_04_28_18_33_48_864.jpg,/home/esteve/self-driving-ND/CarND-Behavioral-Cloning-P3/data_hard/IMG/left_2017_04_28_18_33_48_864.jpg,/home/esteve/self-driving-ND/CarND-Behavioral-Cloning-P3/data_hard/IMG/right_2017_04_28_18_33_48_864.jpg,0.2781955,0,0,23.7333
/home/esteve/self-driving-ND/CarND-Behavioral-Cloning-P3/data_hard/IMG/center_2017_04_28_18_33_48_939.jpg,/home/esteve/self-driving-ND/CarND-Behavioral-Cloning-P3/data_hard/IMG/left_2017_04_28_18_33_48_939.jpg,/home/esteve/self-driving-ND/CarND-Behavioral-Cloning-P3/data_hard/IMG/right_2017_04_28_18_33_48_939.jpg,0.2857143,0,0,23.88097
/home/esteve/self-driving-ND/CarND-Behavioral-Cloning-P3/data_hard/IMG/center_2017_04_28_18_33_49_017.jpg,/home/esteve/self-driving-ND/CarND-Behavioral-Cloning-P3/data_hard/IMG/left_2017_04_28_18_33_49_017.jpg,/home/esteve/self-driving-ND/CarND-Behavioral-Cloning-P3/data_hard/IMG/right_2017_04_28_18_33_49_017.jpg,0.2631579,0,0,24.02221
/home/esteve/self-driving-ND/CarND-Behavioral-Cloning-P3/data_hard/IMG/center_2017_04_28_18_33_49_097.jpg,/home/esteve/self-driving-ND/CarND-Behavioral-Cloning-P3/data_hard/IMG/left_2017_04_28_18_33_49_097.jpg,/home/esteve/self-driving-ND/CarND-Behavioral-Cloning-P3/data_hard/IMG/right_2017_04_28_18_33_49_097.jpg,0.1654135,0.18384,0,24.18887
/home/esteve/self-driving-ND/CarND-Behavioral-Cloning-P3/data_hard/IMG/center_2017_04_28_18_33_49_173.jpg,/home/esteve/self-driving-ND/CarND-Behavioral-Cloning-P3/data_hard/IMG/left_2017_04_28_18_33_49_173.jpg,/home/esteve/self-driving-ND/CarND-Behavioral-Cloning-P3/data_hard/IMG/right_2017_04_28_18_33_49_173.jpg,0.1578947,0.410835,0,24.61404
/home/esteve/self-driving-ND/CarND-Behavioral-Cloning-P3/data_hard/IMG/center_2017_04_28_18_33_49_249.jpg,/home/esteve/self-driving-ND/CarND-Behavioral-Cloning-P3/data_hard/IMG/left_2017_04_28_18_33_49_249.jpg,/home/esteve/self-driving-ND/CarND-Behavioral-Cloning-P3/data_hard/IMG/right_2017_04_28_18_33_49_249.jpg,0.1578947,0.1828501,0,24.88364
/home/esteve/self-driving-ND/CarND-Behavioral-Cloning-P3/data_hard/IMG/center_2017_04_28_18_33_49_329.jpg,/home/esteve/self-driving-ND/CarND-Behavioral-Cloning-P3/data_hard/IMG/left_2017_04_28_18_33_49_329.jpg,/home/esteve/self-driving-ND/CarND-Behavioral-Cloning-P3/data_hard/IMG/right_2017_04_28_18_33_49_329.jpg,0.1578947,0,0,25.06549
/home/esteve/self-driving-ND/CarND-Behavioral-Cloning-P3/data_hard/IMG/center_2017_04_28_18_33_49_410.jpg,/home/esteve/self-driving-ND/CarND-Behavioral-Cloning-P3/data_hard/IMG/left_2017_04_28_18_33_49_410.jpg,/home/esteve/self-driving-ND/CarND-Behavioral-Cloning-P3/data_hard/IMG/right_2017_04_28_18_33_49_410.jpg,0.1578947,0,0,25.08676
/home/esteve/self-driving-ND/CarND-Behavioral-Cloning-P3/data_hard/IMG/center_2017_04_28_18_33_49_489.jpg,/home/esteve/self-driving-ND/CarND-Behavioral-Cloning-P3/data_hard/IMG/left_2017_04_28_18_33_49_489.jpg,/home/esteve/self-driving-ND/CarND-Behavioral-Cloning-P3/data_hard/IMG/right_2017_04_28_18_33_49_489.jpg,0.1578947,0,0,25.03119
/home/esteve/self-driving-ND/CarND-Behavioral-Cloning-P3/data_hard/IMG/center_2017_04_28_18_33_49_570.jpg,/home/esteve/self-driving-ND/CarND-Behavioral-Cloning-P3/data_hard/IMG/left_2017_04_28_18_33_49_570.jpg,/home/esteve/self-driving-ND/CarND-Behavioral-Cloning-P3/data_hard/IMG/right_2017_04_28_18_33_49_570.jpg,0.1578947,0.120645,0,24.85768
/home/esteve/self-driving-ND/CarND-Behavioral-Cloning-P3/data_hard/IMG/center_2017_04_28_18_33_49_653.jpg,/home/esteve/self-driving-ND/CarND-Behavioral-Cloning-P3/data_hard/IMG/left_2017_04_28_18_33_49_653.jpg,/home/esteve/self-driving-ND/CarND-Behavioral-Cloning-P3/data_hard/IMG/right_2017_04_28_18_33_49_653.jpg,0.1203007,0,0,24.5939
/home/esteve/self-driving-ND/CarND-Behavioral-Cloning-P3/data_hard/IMG/center_2017_04_28_18_33_49_734.jpg,/home/esteve/self-driving-ND/CarND-Behavioral-Cloning-P3/data_hard/IMG/left_2017_04_28_18_33_49_734.jpg,/home/esteve/self-driving-ND/CarND-Behavioral-Cloning-P3/data_hard/IMG/right_2017_04_28_18_33_49_734.jpg,0.03007519,0,0,24.41061
/home/esteve/self-driving-ND/CarND-Behavioral-Cloning-P3/data_hard/IMG/center_2017_04_28_18_33_49_824.jpg,/home/esteve/self-driving-ND/CarND-Behavioral-Cloning-P3/data_hard/IMG/left_2017_04_28_18_33_49_824.jpg,/home/esteve/self-driving-ND/CarND-Behavioral-Cloning-P3/data_hard/IMG/right_2017_04_28_18_33_49_824.jpg,-0.1052632,0,0,24.28849
/home/esteve/self-driving-ND/CarND-Behavioral-Cloning-P3/data_hard/IMG/center_2017_04_28_18_33_49_905.jpg,/home/esteve/self-driving-ND/CarND-Behavioral-Cloning-P3/data_hard/IMG/left_2017_04_28_18_33_49_905.jpg,/home/esteve/self-driving-ND/CarND-Behavioral-Cloning-P3/data_hard/IMG/right_2017_04_28_18_33_49_905.jpg,-0.1578947,0,0,23.93513
/home/esteve/self-driving-ND/CarND-Behavioral-Cloning-P3/data_hard/IMG/center_2017_04_28_18_33_49_985.jpg,/home/esteve/self-driving-ND/CarND-Behavioral-Cloning-P3/data_hard/IMG/left_2017_04_28_18_33_49_985.jpg,/home/esteve/self-driving-ND/CarND-Behavioral-Cloning-P3/data_hard/IMG/right_2017_04_28_18_33_49_985.jpg,-0.1729323,0,0,23.57569
/home/esteve/self-driving-ND/CarND-Behavioral-Cloning-P3/data_hard/IMG/center_2017_04_28_18_33_50_065.jpg,/home/esteve/self-driving-ND/CarND-Behavioral-Cloning-P3/data_hard/IMG/left_2017_04_28_18_33_50_065.jpg,/home/esteve/self-driving-ND/CarND-Behavioral-Cloning-P3/data_hard/IMG/right_2017_04_28_18_33_50_065.jpg,-0.1729323,0,0,23.20819
/home/esteve/self-driving-ND/CarND-Behavioral-Cloning-P3/data_hard/IMG/center_2017_04_28_18_33_50_144.jpg,/home/esteve/self-driving-ND/CarND-Behavioral-Cloning-P3/data_hard/IMG/left_2017_04_28_18_33_50_144.jpg,/home/esteve/self-driving-ND/CarND-Behavioral-Cloning-P3/data_hard/IMG/right_2017_04_28_18_33_50_144.jpg,-0.2330827,0,0,22.85661
/home/esteve/self-driving-ND/CarND-Behavioral-Cloning-P3/data_hard/IMG/center_2017_04_28_18_33_50_225.jpg,/home/esteve/self-driving-ND/CarND-Behavioral-Cloning-P3/data_hard/IMG/left_2017_04_28_18_33_50_225.jpg,/home/esteve/self-driving-ND/CarND-Behavioral-Cloning-P3/data_hard/IMG/right_2017_04_28_18_33_50_225.jpg,-0.2406015,0,0,22.41244
/home/esteve/self-driving-ND/CarND-Behavioral-Cloning-P3/data_hard/IMG/center_2017_04_28_18_33_50_305.jpg,/home/esteve/self-driving-ND/CarND-Behavioral-Cloning-P3/data_hard/IMG/left_2017_04_28_18_33_50_305.jpg,/home/esteve/self-driving-ND/CarND-Behavioral-Cloning-P3/data_hard/IMG/right_2017_04_28_18_33_50_305.jpg,-0.2406015,0,0,21.99022
/home/esteve/self-driving-ND/CarND-Behavioral-Cloning-P3/data_hard/IMG/center_2017_04_28_18_33_50_387.jpg,/home/esteve/self-driving-ND/CarND-Behavioral-Cloning-P3/data_hard/IMG/left_2017_04_28_18_33_50_387.jpg,/home/esteve/self-driving-ND/CarND-Behavioral-Cloning-P3/data_hard/IMG/right_2017_04_28_18_33_50_387.jpg,-0.2406015,0,0,21.5604
/home/esteve/self-driving-ND/CarND-Behavioral-Cloning-P3/data_hard/IMG/center_2017_04_28_18_33_50_472.jpg,/home/esteve/self-driving-ND/CarND-Behavioral-Cloning-P3/data_hard/IMG/left_2017_04_28_18_33_50_472.jpg,/home/esteve/self-driving-ND/CarND-Behavioral-Cloning-P3/data_hard/IMG/right_2017_04_28_18_33_50_472.jpg,-0.2406015,0.1777618,0,21.17205
/home/esteve/self-driving-ND/CarND-Behavioral-Cloning-P3/data_hard/IMG/center_2017_04_28_18_33_50_547.jpg,/home/esteve/self-driving-ND/CarND-Behavioral-Cloning-P3/data_hard/IMG/left_2017_04_28_18_33_50_547.jpg,/home/esteve/self-driving-ND/CarND-Behavioral-Cloning-P3/data_hard/IMG/right_2017_04_28_18_33_50_547.jpg,-0.2406015,0.419112,0,20.96303
/home/esteve/self-driving-ND/CarND-Behavioral-Cloning-P3/data_hard/IMG/center_2017_04_28_18_33_50_629.jpg,/home/esteve/self-driving-ND/CarND-Behavioral-Cloning-P3/data_hard/IMG/left_2017_04_28_18_33_50_629.jpg,/home/esteve/self-driving-ND/CarND-Behavioral-Cloning-P3/data_hard/IMG/right_2017_04_28_18_33_50_629.jpg,-0.2406015,0.6651957,0,21.03532
/home/esteve/self-driving-ND/CarND-Behavioral-Cloning-P3/data_hard/IMG/center_2017_04_28_18_33_50_710.jpg,/home/esteve/self-driving-ND/CarND-Behavioral-Cloning-P3/data_hard/IMG/left_2017_04_28_18_33_50_710.jpg,/home/esteve/self-driving-ND/CarND-Behavioral-Cloning-P3/data_hard/IMG/right_2017_04_28_18_33_50_710.jpg,-0.2406015,0.6810029,0,21.34912
/home/esteve/self-driving-ND/CarND-Behavioral-Cloning-P3/data_hard/IMG/center_2017_04_28_18_33_50_794.jpg,/home/esteve/self-driving-ND/CarND-Behavioral-Cloning-P3/data_hard/IMG/left_2017_04_28_18_33_50_794.jpg,/home/esteve/self-driving-ND/CarND-Behavioral-Cloning-P3/data_hard/IMG/right_2017_04_28_18_33_50_794.jpg,-0.2406015,0.4306562,0,21.24327
/home/esteve/self-driving-ND/CarND-Behavioral-Cloning-P3/data_hard/IMG/center_2017_04_28_18_33_50_873.jpg,/home/esteve/self-driving-ND/CarND-Behavioral-Cloning-P3/data_hard/IMG/left_2017_04_28_18_33_50_873.jpg,/home/esteve/self-driving-ND/CarND-Behavioral-Cloning-P3/data_hard/IMG/right_2017_04_28_18_33_50_873.jpg,-0.2481203,0.1916099,0,20.98958
/home/esteve/self-driving-ND/CarND-Behavioral-Cloning-P3/data_hard/IMG/center_2017_04_28_18_33_50_954.jpg,/home/esteve/self-driving-ND/CarND-Behavioral-Cloning-P3/data_hard/IMG/left_2017_04_28_18_33_50_954.jpg,/home/esteve/self-driving-ND/CarND-Behavioral-Cloning-P3/data_hard/IMG/right_2017_04_28_18_33_50_954.jpg,-0.2706767,0,0,20.64234
/home/esteve/self-driving-ND/CarND-Behavioral-Cloning-P3/data_hard/IMG/center_2017_04_28_18_33_51_034.jpg,/home/esteve/self-driving-ND/CarND-Behavioral-Cloning-P3/data_hard/IMG/left_2017_04_28_18_33_51_034.jpg,/home/esteve/self-driving-ND/CarND-Behavioral-Cloning-P3/data_hard/IMG/right_2017_04_28_18_33_51_034.jpg,-0.2781955,0,0,19.97749
/home/esteve/self-driving-ND/CarND-Behavioral-Cloning-P3/data_hard/IMG/center_2017_04_28_18_33_51_119.jpg,/home/esteve/self-driving-ND/CarND-Behavioral-Cloning-P3/data_hard/IMG/left_2017_04_28_18_33_51_119.jpg,/home/esteve/self-driving-ND/CarND-Behavioral-Cloning-P3/data_hard/IMG/right_2017_04_28_18_33_51_119.jpg,-0.2781955,0.1683362,0,19.48717
/home/esteve/self-driving-ND/CarND-Behavioral-Cloning-P3/data_hard/IMG/center_2017_04_28_18_33_51_194.jpg,/home/esteve/self-driving-ND/CarND-Behavioral-Cloning-P3/data_hard/IMG/left_2017_04_28_18_33_51_194.jpg,/home/esteve/self-driving-ND/CarND-Behavioral-Cloning-P3/data_hard/IMG/right_2017_04_28_18_33_51_194.jpg,-0.2781955,0.408597,0,19.32956
/home/esteve/self-driving-ND/CarND-Behavioral-Cloning-P3/data_hard/IMG/center_2017_04_28_18_33_51_276.jpg,/home/esteve/self-driving-ND/CarND-Behavioral-Cloning-P3/data_hard/IMG/left_2017_04_28_18_33_51_276.jpg,/home/esteve/self-driving-ND/CarND-Behavioral-Cloning-P3/data_hard/IMG/right_2017_04_28_18_33_51_276.jpg,-0.2706767,0.525125,0,19.41305
/home/esteve/self-driving-ND/CarND-Behavioral-Cloning-P3/data_hard/IMG/center_2017_04_28_18_33_51_357.jpg,/home/esteve/self-driving-ND/CarND-Behavioral-Cloning-P3/data_hard/IMG/left_2017_04_28_18_33_51_357.jpg,/home/esteve/self-driving-ND/CarND-Behavioral-Cloning-P3/data_hard/IMG/right_2017_04_28_18_33_51_357.jpg,-0.2180451,0.2817414,0,19.24187
/home/esteve/self-driving-ND/CarND-Behavioral-Cloning-P3/data_hard/IMG/center_2017_04_28_18_33_51_447.jpg,/home/esteve/self-driving-ND/CarND-Behavioral-Cloning-P3/data_hard/IMG/left_2017_04_28_18_33_51_447.jpg,/home/esteve/self-driving-ND/CarND-Behavioral-Cloning-P3/data_hard/IMG/right_2017_04_28_18_33_51_447.jpg,-0.2030075,0.02120018,0,18.90789
/home/esteve/self-driving-ND/CarND-Behavioral-Cloning-P3/data_hard/IMG/center_2017_04_28_18_33_51_517.jpg,/home/esteve/self-driving-ND/CarND-Behavioral-Cloning-P3/data_hard/IMG/left_2017_04_28_18_33_51_517.jpg,/home/esteve/self-driving-ND/CarND-Behavioral-Cloning-P3/data_hard/IMG/right_2017_04_28_18_33_51_517.jpg,-0.2030075,0.2417779,0,18.41436
/home/esteve/self-driving-ND/CarND-Behavioral-Cloning-P3/data_hard/IMG/center_2017_04_28_18_33_51_599.jpg,/home/esteve/self-driving-ND/CarND-Behavioral-Cloning-P3/data_hard/IMG/left_2017_04_28_18_33_51_599.jpg,/home/esteve/self-driving-ND/CarND-Behavioral-Cloning-P3/data_hard/IMG/right_2017_04_28_18_33_51_599.jpg,-0.2030075,0.4868181,0,18.31306
/home/esteve/self-driving-ND/CarND-Behavioral-Cloning-P3/data_hard/IMG/center_2017_04_28_18_33_51_680.jpg,/home/esteve/self-driving-ND/CarND-Behavioral-Cloning-P3/data_hard/IMG/left_2017_04_28_18_33_51_680.jpg,/home/esteve/self-driving-ND/CarND-Behavioral-Cloning-P3/data_hard/IMG/right_2017_04_28_18_33_51_680.jpg,-0.2030075,0.731153,0,18.36949
/home/esteve/self-driving-ND/CarND-Behavioral-Cloning-P3/data_hard/IMG/center_2017_04_28_18_33_51_769.jpg,/home/esteve/self-driving-ND/CarND-Behavioral-Cloning-P3/data_hard/IMG/left_2017_04_28_18_33_51_769.jpg,/home/esteve/self-driving-ND/CarND-Behavioral-Cloning-P3/data_hard/IMG/right_2017_04_28_18_33_51_769.jpg,-0.2030075,0.9767718,0,18.91103
/home/esteve/self-driving-ND/CarND-Behavioral-Cloning-P3/data_hard/IMG/center_2017_04_28_18_33_51_835.jpg,/home/esteve/self-driving-ND/CarND-Behavioral-Cloning-P3/data_hard/IMG/left_2017_04_28_18_33_51_835.jpg,/home/esteve/self-driving-ND/CarND-Behavioral-Cloning-P3/data_hard/IMG/right_2017_04_28_18_33_51_835.jpg,-0.2030075,1,0,19.12876
/home/esteve/self-driving-ND/CarND-Behavioral-Cloning-P3/data_hard/IMG/center_2017_04_28_18_33_51_905.jpg,/home/esteve/self-driving-ND/CarND-Behavioral-Cloning-P3/data_hard/IMG/left_2017_04_28_18_33_51_905.jpg,/home/esteve/self-driving-ND/CarND-Behavioral-Cloning-P3/data_hard/IMG/right_2017_04_28_18_33_51_905.jpg,-0.2030075,0.8570139,0,19.55014
/home/esteve/self-driving-ND/CarND-Behavioral-Cloning-P3/data_hard/IMG/center_2017_04_28_18_33_51_979.jpg,/home/esteve/self-driving-ND/CarND-Behavioral-Cloning-P3/data_hard/IMG/left_2017_04_28_18_33_51_979.jpg,/home/esteve/self-driving-ND/CarND-Behavioral-Cloning-P3/data_hard/IMG/right_2017_04_28_18_33_51_979.jpg,-0.2030075,0.6834736,0,19.78478
/home/esteve/self-driving-ND/CarND-Behavioral-Cloning-P3/data_hard/IMG/center_2017_04_28_18_33_52_061.jpg,/home/esteve/self-driving-ND/CarND-Behavioral-Cloning-P3/data_hard/IMG/left_2017_04_28_18_33_52_061.jpg,/home/esteve/self-driving-ND/CarND-Behavioral-Cloning-P3/data_hard/IMG/right_2017_04_28_18_33_52_061.jpg,-0.2030075,0.4373534,0,19.81302
/home/esteve/self-driving-ND/CarND-Behavioral-Cloning-P3/data_hard/IMG/center_2017_04_28_18_33_52_143.jpg,/home/esteve/self-driving-ND/CarND-Behavioral-Cloning-P3/data_hard/IMG/left_2017_04_28_18_33_52_143.jpg,/home/esteve/self-driving-ND/CarND-Behavioral-Cloning-P3/data_hard/IMG/right_2017_04_28_18_33_52_143.jpg,-0.2030075,0.1393871,0,19.42095
/home/esteve/self-driving-ND/CarND-Behavioral-Cloning-P3/data_hard/IMG/center_2017_04_28_18_33_52_213.jpg,/home/esteve/self-driving-ND/CarND-Behavioral-Cloning-P3/data_hard/IMG/left_2017_04_28_18_33_52_213.jpg,/home/esteve/self-driving-ND/CarND-Behavioral-Cloning-P3/data_hard/IMG/right_2017_04_28_18_33_52_213.jpg,-0.2030075,0.2062206,0,19.31892
/home/esteve/self-driving-ND/CarND-Behavioral-Cloning-P3/data_hard/IMG/center_2017_04_28_18_33_52_289.jpg,/home/esteve/self-driving-ND/CarND-Behavioral-Cloning-P3/data_hard/IMG/left_2017_04_28_18_33_52_289.jpg,/home/esteve/self-driving-ND/CarND-Behavioral-Cloning-P3/data_hard/IMG/right_2017_04_28_18_33_52_289.jpg,-0.2030075,0.4322529,0,19.14415
/home/esteve/self-driving-ND/CarND-Behavioral-Cloning-P3/data_hard/IMG/center_2017_04_28_18_33_52_372.jpg,/home/esteve/self-driving-ND/CarND-Behavioral-Cloning-P3/data_hard/IMG/left_2017_04_28_18_33_52_372.jpg,/home/esteve/self-driving-ND/CarND-Behavioral-Cloning-P3/data_hard/IMG/right_2017_04_28_18_33_52_372.jpg,-0.2030075,0.6819694,0,19.28006
/home/esteve/self-driving-ND/CarND-Behavioral-Cloning-P3/data_hard/IMG/center_2017_04_28_18_33_52_461.jpg,/home/esteve/self-driving-ND/CarND-Behavioral-Cloning-P3/data_hard/IMG/left_2017_04_28_18_33_52_461.jpg,/home/esteve/self-driving-ND/CarND-Behavioral-Cloning-P3/data_hard/IMG/right_2017_04_28_18_33_52_461.jpg,-0.2030075,0.661777,0,19.53206
/home/esteve/self-driving-ND/CarND-Behavioral-Cloning-P3/data_hard/IMG/center_2017_04_28_18_33_52_544.jpg,/home/esteve/self-driving-ND/CarND-Behavioral-Cloning-P3/data_hard/IMG/left_2017_04_28_18_33_52_544.jpg,/home/esteve/self-driving-ND/CarND-Behavioral-Cloning-P3/data_hard/IMG/right_2017_04_28_18_33_52_544.jpg,-0.2030075,0.412843,0,19.55533
/home/esteve/self-driving-ND/CarND-Behavioral-Cloning-P3/data_hard/IMG/center_2017_04_28_18_33_52_624.jpg,/home/esteve/self-driving-ND/CarND-Behavioral-Cloning-P3/data_hard/IMG/left_2017_04_28_18_33_52_624.jpg,/home/esteve/self-driving-ND/CarND-Behavioral-Cloning-P3/data_hard/IMG/right_2017_04_28_18_33_52_624.jpg,-0.2180451,0.1708148,0,19.45111
/home/esteve/self-driving-ND/CarND-Behavioral-Cloning-P3/data_hard/IMG/center_2017_04_28_18_33_52_706.jpg,/home/esteve/self-driving-ND/CarND-Behavioral-Cloning-P3/data_hard/IMG/left_2017_04_28_18_33_52_706.jpg,/home/esteve/self-driving-ND/CarND-Behavioral-Cloning-P3/data_hard/IMG/right_2017_04_28_18_33_52_706.jpg,-0.2857143,0,0,19.09612
/home/esteve/self-driving-ND/CarND-Behavioral-Cloning-P3/data_hard/IMG/center_2017_04_28_18_33_52_789.jpg,/home/esteve/self-driving-ND/CarND-Behavioral-Cloning-P3/data_hard/IMG/left_2017_04_28_18_33_52_789.jpg,/home/esteve/self-driving-ND/CarND-Behavioral-Cloning-P3/data_hard/IMG/right_2017_04_28_18_33_52_789.jpg,-0.3157895,0,0,18.65541
/home/esteve/self-driving-ND/CarND-Behavioral-Cloning-P3/data_hard/IMG/center_2017_04_28_18_33_52_859.jpg,/home/esteve/self-driving-ND/CarND-Behavioral-Cloning-P3/data_hard/IMG/left_2017_04_28_18_33_52_859.jpg,/home/esteve/self-driving-ND/CarND-Behavioral-Cloning-P3/data_hard/IMG/right_2017_04_28_18_33_52_859.jpg,-0.3157895,0,0,18.53607
/home/esteve/self-driving-ND/CarND-Behavioral-Cloning-P3/data_hard/IMG/center_2017_04_28_18_33_52_945.jpg,/home/esteve/self-driving-ND/CarND-Behavioral-Cloning-P3/data_hard/IMG/left_2017_04_28_18_33_52_945.jpg,/home/esteve/self-driving-ND/CarND-Behavioral-Cloning-P3/data_hard/IMG/right_2017_04_28_18_33_52_945.jpg,-0.3233083,0,0,18.03046
/home/esteve/self-driving-ND/CarND-Behavioral-Cloning-P3/data_hard/IMG/center_2017_04_28_18_33_53_027.jpg,/home/esteve/self-driving-ND/CarND-Behavioral-Cloning-P3/data_hard/IMG/left_2017_04_28_18_33_53_027.jpg,/home/esteve/self-driving-ND/CarND-Behavioral-Cloning-P3/data_hard/IMG/right_2017_04_28_18_33_53_027.jpg,-0.3308271,0,0,17.71671
/home/esteve/self-driving-ND/CarND-Behavioral-Cloning-P3/data_hard/IMG/center_2017_04_28_18_33_53_108.jpg,/home/esteve/self-driving-ND/CarND-Behavioral-Cloning-P3/data_hard/IMG/left_2017_04_28_18_33_53_108.jpg,/home/esteve/self-driving-ND/CarND-Behavioral-Cloning-P3/data_hard/IMG/right_2017_04_28_18_33_53_108.jpg,-0.3383459,0,0,17.39567
/home/esteve/self-driving-ND/CarND-Behavioral-Cloning-P3/data_hard/IMG/center_2017_04_28_18_33_53_186.jpg,/home/esteve/self-driving-ND/CarND-Behavioral-Cloning-P3/data_hard/IMG/left_2017_04_28_18_33_53_186.jpg,/home/esteve/self-driving-ND/CarND-Behavioral-Cloning-P3/data_hard/IMG/right_2017_04_28_18_33_53_186.jpg,-0.3383459,0,0,17.02511
/home/esteve/self-driving-ND/CarND-Behavioral-Cloning-P3/data_hard/IMG/center_2017_04_28_18_33_53_266.jpg,/home/esteve/self-driving-ND/CarND-Behavioral-Cloning-P3/data_hard/IMG/left_2017_04_28_18_33_53_266.jpg,/home/esteve/self-driving-ND/CarND-Behavioral-Cloning-P3/data_hard/IMG/right_2017_04_28_18_33_53_266.jpg,-0.3383459,0,0,16.75557
/home/esteve/self-driving-ND/CarND-Behavioral-Cloning-P3/data_hard/IMG/center_2017_04_28_18_33_53_343.jpg,/home/esteve/self-driving-ND/CarND-Behavioral-Cloning-P3/data_hard/IMG/left_2017_04_28_18_33_53_343.jpg,/home/esteve/self-driving-ND/CarND-Behavioral-Cloning-P3/data_hard/IMG/right_2017_04_28_18_33_53_343.jpg,-0.3383459,0,0,16.58523
/home/esteve/self-driving-ND/CarND-Behavioral-Cloning-P3/data_hard/IMG/center_2017_04_28_18_33_53_423.jpg,/home/esteve/self-driving-ND/CarND-Behavioral-Cloning-P3/data_hard/IMG/left_2017_04_28_18_33_53_423.jpg,/home/esteve/self-driving-ND/CarND-Behavioral-Cloning-P3/data_hard/IMG/right_2017_04_28_18_33_53_423.jpg,-0.3308271,0,0,16.49316
/home/esteve/self-driving-ND/CarND-Behavioral-Cloning-P3/data_hard/IMG/center_2017_04_28_18_33_53_506.jpg,/home/esteve/self-driving-ND/CarND-Behavioral-Cloning-P3/data_hard/IMG/left_2017_04_28_18_33_53_506.jpg,/home/esteve/self-driving-ND/CarND-Behavioral-Cloning-P3/data_hard/IMG/right_2017_04_28_18_33_53_506.jpg,-0.1654135,0.235101,0,16.76497
/home/esteve/self-driving-ND/CarND-Behavioral-Cloning-P3/data_hard/IMG/center_2017_04_28_18_33_53_581.jpg,/home/esteve/self-driving-ND/CarND-Behavioral-Cloning-P3/data_hard/IMG/left_2017_04_28_18_33_53_581.jpg,/home/esteve/self-driving-ND/CarND-Behavioral-Cloning-P3/data_hard/IMG/right_2017_04_28_18_33_53_581.jpg,-0.09774436,0.4626989,0,16.58838
/home/esteve/self-driving-ND/CarND-Behavioral-Cloning-P3/data_hard/IMG/center_2017_04_28_18_33_53_656.jpg,/home/esteve/self-driving-ND/CarND-Behavioral-Cloning-P3/data_hard/IMG/left_2017_04_28_18_33_53_656.jpg,/home/esteve/self-driving-ND/CarND-Behavioral-Cloning-P3/data_hard/IMG/right_2017_04_28_18_33_53_656.jpg,-0.09774436,0.23646,0,17.03417
/home/esteve/self-driving-ND/CarND-Behavioral-Cloning-P3/data_hard/IMG/center_2017_04_28_18_33_53_728.jpg,/home/esteve/self-driving-ND/CarND-Behavioral-Cloning-P3/data_hard/IMG/left_2017_04_28_18_33_53_728.jpg,/home/esteve/self-driving-ND/CarND-Behavioral-Cloning-P3/data_hard/IMG/right_2017_04_28_18_33_53_728.jpg,-0.09774436,0.01040411,0,17.00303
/home/esteve/self-driving-ND/CarND-Behavioral-Cloning-P3/data_hard/IMG/center_2017_04_28_18_33_53_809.jpg,/home/esteve/self-driving-ND/CarND-Behavioral-Cloning-P3/data_hard/IMG/left_2017_04_28_18_33_53_809.jpg,/home/esteve/self-driving-ND/CarND-Behavioral-Cloning-P3/data_hard/IMG/right_2017_04_28_18_33_53_809.jpg,-0.05263158,0,0,17.05088
/home/esteve/self-driving-ND/CarND-Behavioral-Cloning-P3/data_hard/IMG/center_2017_04_28_18_33_53_889.jpg,/home/esteve/self-driving-ND/CarND-Behavioral-Cloning-P3/data_hard/IMG/left_2017_04_28_18_33_53_889.jpg,/home/esteve/self-driving-ND/CarND-Behavioral-Cloning-P3/data_hard/IMG/right_2017_04_28_18_33_53_889.jpg,0,0,0,16.95936
/home/esteve/self-driving-ND/CarND-Behavioral-Cloning-P3/data_hard/IMG/center_2017_04_28_18_33_53_962.jpg,/home/esteve/self-driving-ND/CarND-Behavioral-Cloning-P3/data_hard/IMG/left_2017_04_28_18_33_53_962.jpg,/home/esteve/self-driving-ND/CarND-Behavioral-Cloning-P3/data_hard/IMG/right_2017_04_28_18_33_53_962.jpg,0.08270676,0,0,17.26391
/home/esteve/self-driving-ND/CarND-Behavioral-Cloning-P3/data_hard/IMG/center_2017_04_28_18_33_54_035.jpg,/home/esteve/self-driving-ND/CarND-Behavioral-Cloning-P3/data_hard/IMG/left_2017_04_28_18_33_54_035.jpg,/home/esteve/self-driving-ND/CarND-Behavioral-Cloning-P3/data_hard/IMG/right_2017_04_28_18_33_54_035.jpg,0.5263158,0,0,17.16618
/home/esteve/self-driving-ND/CarND-Behavioral-Cloning-P3/data_hard/IMG/center_2017_04_28_18_33_54_109.jpg,/home/esteve/self-driving-ND/CarND-Behavioral-Cloning-P3/data_hard/IMG/left_2017_04_28_18_33_54_109.jpg,/home/esteve/self-driving-ND/CarND-Behavioral-Cloning-P3/data_hard/IMG/right_2017_04_28_18_33_54_109.jpg,0.593985,0,0,17.0916
/home/esteve/self-driving-ND/CarND-Behavioral-Cloning-P3/data_hard/IMG/center_2017_04_28_18_33_54_178.jpg,/home/esteve/self-driving-ND/CarND-Behavioral-Cloning-P3/data_hard/IMG/left_2017_04_28_18_33_54_178.jpg,/home/esteve/self-driving-ND/CarND-Behavioral-Cloning-P3/data_hard/IMG/right_2017_04_28_18_33_54_178.jpg,0.6015037,0,0,16.93287
/home/esteve/self-driving-ND/CarND-Behavioral-Cloning-P3/data_hard/IMG/center_2017_04_28_18_33_54_253.jpg,/home/esteve/self-driving-ND/CarND-Behavioral-Cloning-P3/data_hard/IMG/left_2017_04_28_18_33_54_253.jpg,/home/esteve/self-driving-ND/CarND-Behavioral-Cloning-P3/data_hard/IMG/right_2017_04_28_18_33_54_253.jpg,0.6015037,0,0,16.82438
/home/esteve/self-driving-ND/CarND-Behavioral-Cloning-P3/data_hard/IMG/center_2017_04_28_18_33_54_322.jpg,/home/esteve/self-driving-ND/CarND-Behavioral-Cloning-P3/data_hard/IMG/left_2017_04_28_18_33_54_322.jpg,/home/esteve/self-driving-ND/CarND-Behavioral-Cloning-P3/data_hard/IMG/right_2017_04_28_18_33_54_322.jpg,0.593985,0,0,17.08447
/home/esteve/self-driving-ND/CarND-Behavioral-Cloning-P3/data_hard/IMG/center_2017_04_28_18_33_54_395.jpg,/home/esteve/self-driving-ND/CarND-Behavioral-Cloning-P3/data_hard/IMG/left_2017_04_28_18_33_54_395.jpg,/home/esteve/self-driving-ND/CarND-Behavioral-Cloning-P3/data_hard/IMG/right_2017_04_28_18_33_54_395.jpg,0.4511278,0,0,17.57556
/home/esteve/self-driving-ND/CarND-Behavioral-Cloning-P3/data_hard/IMG/center_2017_04_28_18_33_54_464.jpg,/home/esteve/self-driving-ND/CarND-Behavioral-Cloning-P3/data_hard/IMG/left_2017_04_28_18_33_54_464.jpg,/home/esteve/self-driving-ND/CarND-Behavioral-Cloning-P3/data_hard/IMG/right_2017_04_28_18_33_54_464.jpg,0.3984962,0.2090642,0,17.72024
/home/esteve/self-driving-ND/CarND-Behavioral-Cloning-P3/data_hard/IMG/center_2017_04_28_18_33_54_534.jpg,/home/esteve/self-driving-ND/CarND-Behavioral-Cloning-P3/data_hard/IMG/left_2017_04_28_18_33_54_534.jpg,/home/esteve/self-driving-ND/CarND-Behavioral-Cloning-P3/data_hard/IMG/right_2017_04_28_18_33_54_534.jpg,0.3834586,0.4146123,0,17.97252
/home/esteve/self-driving-ND/CarND-Behavioral-Cloning-P3/data_hard/IMG/center_2017_04_28_18_33_54_607.jpg,/home/esteve/self-driving-ND/CarND-Behavioral-Cloning-P3/data_hard/IMG/left_2017_04_28_18_33_54_607.jpg,/home/esteve/self-driving-ND/CarND-Behavioral-Cloning-P3/data_hard/IMG/right_2017_04_28_18_33_54_607.jpg,0.3458647,0.3102686,0,18.69858
/home/esteve/self-driving-ND/CarND-Behavioral-Cloning-P3/data_hard/IMG/center_2017_04_28_18_33_54_674.jpg,/home/esteve/self-driving-ND/CarND-Behavioral-Cloning-P3/data_hard/IMG/left_2017_04_28_18_33_54_674.jpg,/home/esteve/self-driving-ND/CarND-Behavioral-Cloning-P3/data_hard/IMG/right_2017_04_28_18_33_54_674.jpg,0.2932331,0.1010005,0,18.87336
/home/esteve/self-driving-ND/CarND-Behavioral-Cloning-P3/data_hard/IMG/center_2017_04_28_18_33_54_746.jpg,/home/esteve/self-driving-ND/CarND-Behavioral-Cloning-P3/data_hard/IMG/left_2017_04_28_18_33_54_746.jpg,/home/esteve/self-driving-ND/CarND-Behavioral-Cloning-P3/data_hard/IMG/right_2017_04_28_18_33_54_746.jpg,0.2932331,0,0,19.15583
/home/esteve/self-driving-ND/CarND-Behavioral-Cloning-P3/data_hard/IMG/center_2017_04_28_18_33_54_820.jpg,/home/esteve/self-driving-ND/CarND-Behavioral-Cloning-P3/data_hard/IMG/left_2017_04_28_18_33_54_820.jpg,/home/esteve/self-driving-ND/CarND-Behavioral-Cloning-P3/data_hard/IMG/right_2017_04_28_18_33_54_820.jpg,0.2857143,0,0,19.42688
/home/esteve/self-driving-ND/CarND-Behavioral-Cloning-P3/data_hard/IMG/center_2017_04_28_18_33_54_892.jpg,/home/esteve/self-driving-ND/CarND-Behavioral-Cloning-P3/data_hard/IMG/left_2017_04_28_18_33_54_892.jpg,/home/esteve/self-driving-ND/CarND-Behavioral-Cloning-P3/data_hard/IMG/right_2017_04_28_18_33_54_892.jpg,0.2857143,0.2150702,0,19.75129
/home/esteve/self-driving-ND/CarND-Behavioral-Cloning-P3/data_hard/IMG/center_2017_04_28_18_33_54_962.jpg,/home/esteve/self-driving-ND/CarND-Behavioral-Cloning-P3/data_hard/IMG/left_2017_04_28_18_33_54_962.jpg,/home/esteve/self-driving-ND/CarND-Behavioral-Cloning-P3/data_hard/IMG/right_2017_04_28_18_33_54_962.jpg,0.2857143,0.4250429,0,20.206
/home/esteve/self-driving-ND/CarND-Behavioral-Cloning-P3/data_hard/IMG/center_2017_04_28_18_33_55_033.jpg,/home/esteve/self-driving-ND/CarND-Behavioral-Cloning-P3/data_hard/IMG/left_2017_04_28_18_33_55_033.jpg,/home/esteve/self-driving-ND/CarND-Behavioral-Cloning-P3/data_hard/IMG/right_2017_04_28_18_33_55_033.jpg,0.3157895,0.6370354,0,20.69773
/home/esteve/self-driving-ND/CarND-Behavioral-Cloning-P3/data_hard/IMG/center_2017_04_28_18_33_55_107.jpg,/home/esteve/self-driving-ND/CarND-Behavioral-Cloning-P3/data_hard/IMG/left_2017_04_28_18_33_55_107.jpg,/home/esteve/self-driving-ND/CarND-Behavioral-Cloning-P3/data_hard/IMG/right_2017_04_28_18_33_55_107.jpg,0.4135338,0.8585522,0,21.5912
/home/esteve/self-driving-ND/CarND-Behavioral-Cloning-P3/data_hard/IMG/center_2017_04_28_18_33_55_174.jpg,/home/esteve/self-driving-ND/CarND-Behavioral-Cloning-P3/data_hard/IMG/left_2017_04_28_18_33_55_174.jpg,/home/esteve/self-driving-ND/CarND-Behavioral-Cloning-P3/data_hard/IMG/right_2017_04_28_18_33_55_174.jpg,0.4210526,0.9472542,0,22.46739
/home/esteve/self-driving-ND/CarND-Behavioral-Cloning-P3/data_hard/IMG/center_2017_04_28_18_33_55_245.jpg,/home/esteve/self-driving-ND/CarND-Behavioral-Cloning-P3/data_hard/IMG/left_2017_04_28_18_33_55_245.jpg,/home/esteve/self-driving-ND/CarND-Behavioral-Cloning-P3/data_hard/IMG/right_2017_04_28_18_33_55_245.jpg,0.4210526,0.7335765,0,23.52957
/home/esteve/self-driving-ND/CarND-Behavioral-Cloning-P3/data_hard/IMG/center_2017_04_28_18_33_55_317.jpg,/home/esteve/self-driving-ND/CarND-Behavioral-Cloning-P3/data_hard/IMG/left_2017_04_28_18_33_55_317.jpg,/home/esteve/self-driving-ND/CarND-Behavioral-Cloning-P3/data_hard/IMG/right_2017_04_28_18_33_55_317.jpg,0.4210526,0.5191965,0,24.01756
/home/esteve/self-driving-ND/CarND-Behavioral-Cloning-P3/data_hard/IMG/center_2017_04_28_18_33_55_388.jpg,/home/esteve/self-driving-ND/CarND-Behavioral-Cloning-P3/data_hard/IMG/left_2017_04_28_18_33_55_388.jpg,/home/esteve/self-driving-ND/CarND-Behavioral-Cloning-P3/data_hard/IMG/right_2017_04_28_18_33_55_388.jpg,0.4210526,0.3049002,0,24.51734
/home/esteve/self-driving-ND/CarND-Behavioral-Cloning-P3/data_hard/IMG/center_2017_04_28_18_33_55_460.jpg,/home/esteve/self-driving-ND/CarND-Behavioral-Cloning-P3/data_hard/IMG/left_2017_04_28_18_33_55_460.jpg,/home/esteve/self-driving-ND/CarND-Behavioral-Cloning-P3/data_hard/IMG/right_2017_04_28_18_33_55_460.jpg,0.4962406,0.135361,0,25.0401
/home/esteve/self-driving-ND/CarND-Behavioral-Cloning-P3/data_hard/IMG/center_2017_04_28_18_33_55_532.jpg,/home/esteve/self-driving-ND/CarND-Behavioral-Cloning-P3/data_hard/IMG/left_2017_04_28_18_33_55_532.jpg,/home/esteve/self-driving-ND/CarND-Behavioral-Cloning-P3/data_hard/IMG/right_2017_04_28_18_33_55_532.jpg,0.556391,0,0,25.10349
/home/esteve/self-driving-ND/CarND-Behavioral-Cloning-P3/data_hard/IMG/center_2017_04_28_18_33_55_605.jpg,/home/esteve/self-driving-ND/CarND-Behavioral-Cloning-P3/data_hard/IMG/left_2017_04_28_18_33_55_605.jpg,/home/esteve/self-driving-ND/CarND-Behavioral-Cloning-P3/data_hard/IMG/right_2017_04_28_18_33_55_605.jpg,0.556391,0,0,25.22106
/home/esteve/self-driving-ND/CarND-Behavioral-Cloning-P3/data_hard/IMG/center_2017_04_28_18_33_55_683.jpg,/home/esteve/self-driving-ND/CarND-Behavioral-Cloning-P3/data_hard/IMG/left_2017_04_28_18_33_55_683.jpg,/home/esteve/self-driving-ND/CarND-Behavioral-Cloning-P3/data_hard/IMG/right_2017_04_28_18_33_55_683.jpg,0.4285714,0,0,25.34238
/home/esteve/self-driving-ND/CarND-Behavioral-Cloning-P3/data_hard/IMG/center_2017_04_28_18_33_55_756.jpg,/home/esteve/self-driving-ND/CarND-Behavioral-Cloning-P3/data_hard/IMG/left_2017_04_28_18_33_55_756.jpg,/home/esteve/self-driving-ND/CarND-Behavioral-Cloning-P3/data_hard/IMG/right_2017_04_28_18_33_55_756.jpg,0.3157895,0,0,25.47102
/home/esteve/self-driving-ND/CarND-Behavioral-Cloning-P3/data_hard/IMG/center_2017_04_28_18_33_55_840.jpg,/home/esteve/self-driving-ND/CarND-Behavioral-Cloning-P3/data_hard/IMG/left_2017_04_28_18_33_55_840.jpg,/home/esteve/self-driving-ND/CarND-Behavioral-Cloning-P3/data_hard/IMG/right_2017_04_28_18_33_55_840.jpg,0.3082707,0,0,25.60593
/home/esteve/self-driving-ND/CarND-Behavioral-Cloning-P3/data_hard/IMG/center_2017_04_28_18_33_55_926.jpg,/home/esteve/self-driving-ND/CarND-Behavioral-Cloning-P3/data_hard/IMG/left_2017_04_28_18_33_55_926.jpg,/home/esteve/self-driving-ND/CarND-Behavioral-Cloning-P3/data_hard/IMG/right_2017_04_28_18_33_55_926.jpg,0.2932331,0,0,25.70414
/home/esteve/self-driving-ND/CarND-Behavioral-Cloning-P3/data_hard/IMG/center_2017_04_28_18_33_56_004.jpg,/home/esteve/self-driving-ND/CarND-Behavioral-Cloning-P3/data_hard/IMG/left_2017_04_28_18_33_56_004.jpg,/home/esteve/self-driving-ND/CarND-Behavioral-Cloning-P3/data_hard/IMG/right_2017_04_28_18_33_56_004.jpg,0.2857143,0,0,25.80231
/home/esteve/self-driving-ND/CarND-Behavioral-Cloning-P3/data_hard/IMG/center_2017_04_28_18_33_56_081.jpg,/home/esteve/self-driving-ND/CarND-Behavioral-Cloning-P3/data_hard/IMG/left_2017_04_28_18_33_56_081.jpg,/home/esteve/self-driving-ND/CarND-Behavioral-Cloning-P3/data_hard/IMG/right_2017_04_28_18_33_56_081.jpg,0.2857143,0,0,25.7775
/home/esteve/self-driving-ND/CarND-Behavioral-Cloning-P3/data_hard/IMG/center_2017_04_28_18_33_56_160.jpg,/home/esteve/self-driving-ND/CarND-Behavioral-Cloning-P3/data_hard/IMG/left_2017_04_28_18_33_56_160.jpg,/home/esteve/self-driving-ND/CarND-Behavioral-Cloning-P3/data_hard/IMG/right_2017_04_28_18_33_56_160.jpg,0.3383459,0,0,25.81993
/home/esteve/self-driving-ND/CarND-Behavioral-Cloning-P3/data_hard/IMG/center_2017_04_28_18_33_56_241.jpg,/home/esteve/self-driving-ND/CarND-Behavioral-Cloning-P3/data_hard/IMG/left_2017_04_28_18_33_56_241.jpg,/home/esteve/self-driving-ND/CarND-Behavioral-Cloning-P3/data_hard/IMG/right_2017_04_28_18_33_56_241.jpg,0.3834586,0,0,25.67993
/home/esteve/self-driving-ND/CarND-Behavioral-Cloning-P3/data_hard/IMG/center_2017_04_28_18_33_56_323.jpg,/home/esteve/self-driving-ND/CarND-Behavioral-Cloning-P3/data_hard/IMG/left_2017_04_28_18_33_56_323.jpg,/home/esteve/self-driving-ND/CarND-Behavioral-Cloning-P3/data_hard/IMG/right_2017_04_28_18_33_56_323.jpg,0.4210526,0,0,25.49313
/home/esteve/self-driving-ND/CarND-Behavioral-Cloning-P3/data_hard/IMG/center_2017_04_28_18_33_56_403.jpg,/home/esteve/self-driving-ND/CarND-Behavioral-Cloning-P3/data_hard/IMG/left_2017_04_28_18_33_56_403.jpg,/home/esteve/self-driving-ND/CarND-Behavioral-Cloning-P3/data_hard/IMG/right_2017_04_28_18_33_56_403.jpg,0.4661654,0,0,25.35279
/home/esteve/self-driving-ND/CarND-Behavioral-Cloning-P3/data_hard/IMG/center_2017_04_28_18_33_56_485.jpg,/home/esteve/self-driving-ND/CarND-Behavioral-Cloning-P3/data_hard/IMG/left_2017_04_28_18_33_56_485.jpg,/home/esteve/self-driving-ND/CarND-Behavioral-Cloning-P3/data_hard/IMG/right_2017_04_28_18_33_56_485.jpg,0.556391,0,0,25.03373
/home/esteve/self-driving-ND/CarND-Behavioral-Cloning-P3/data_hard/IMG/center_2017_04_28_18_33_56_568.jpg,/home/esteve/self-driving-ND/CarND-Behavioral-Cloning-P3/data_hard/IMG/left_2017_04_28_18_33_56_568.jpg,/home/esteve/self-driving-ND/CarND-Behavioral-Cloning-P3/data_hard/IMG/right_2017_04_28_18_33_56_568.jpg,0.6616541,0,0,24.83461
/home/esteve/self-driving-ND/CarND-Behavioral-Cloning-P3/data_hard/IMG/center_2017_04_28_18_33_56_652.jpg,/home/esteve/self-driving-ND/CarND-Behavioral-Cloning-P3/data_hard/IMG/left_2017_04_28_18_33_56_652.jpg,/home/esteve/self-driving-ND/CarND-Behavioral-Cloning-P3/data_hard/IMG/right_2017_04_28_18_33_56_652.jpg,0.7142857,0,0,24.61519
/home/esteve/self-driving-ND/CarND-Behavioral-Cloning-P3/data_hard/IMG/center_2017_04_28_18_33_56_736.jpg,/home/esteve/self-driving-ND/CarND-Behavioral-Cloning-P3/data_hard/IMG/left_2017_04_28_18_33_56_736.jpg,/home/esteve/self-driving-ND/CarND-Behavioral-Cloning-P3/data_hard/IMG/right_2017_04_28_18_33_56_736.jpg,0.7518798,0,0,24.31605
/home/esteve/self-driving-ND/CarND-Behavioral-Cloning-P3/data_hard/IMG/center_2017_04_28_18_33_56_803.jpg,/home/esteve/self-driving-ND/CarND-Behavioral-Cloning-P3/data_hard/IMG/left_2017_04_28_18_33_56_803.jpg,/home/esteve/self-driving-ND/CarND-Behavioral-Cloning-P3/data_hard/IMG/right_2017_04_28_18_33_56_803.jpg,0.7593985,0,0,24.05253
/home/esteve/self-driving-ND/CarND-Behavioral-Cloning-P3/data_hard/IMG/center_2017_04_28_18_33_56_881.jpg,/home/esteve/self-driving-ND/CarND-Behavioral-Cloning-P3/data_hard/IMG/left_2017_04_28_18_33_56_881.jpg,/home/esteve/self-driving-ND/CarND-Behavioral-Cloning-P3/data_hard/IMG/right_2017_04_28_18_33_56_881.jpg,0.7518798,0,0,23.95497
/home/esteve/self-driving-ND/CarND-Behavioral-Cloning-P3/data_hard/IMG/center_2017_04_28_18_33_56_948.jpg,/home/esteve/self-driving-ND/CarND-Behavioral-Cloning-P3/data_hard/IMG/left_2017_04_28_18_33_56_948.jpg,/home/esteve/self-driving-ND/CarND-Behavioral-Cloning-P3/data_hard/IMG/right_2017_04_28_18_33_56_948.jpg,0.6842105,0,0,23.75164
/home/esteve/self-driving-ND/CarND-Behavioral-Cloning-P3/data_hard/IMG/center_2017_04_28_18_33_57_035.jpg,/home/esteve/self-driving-ND/CarND-Behavioral-Cloning-P3/data_hard/IMG/left_2017_04_28_18_33_57_035.jpg,/home/esteve/self-driving-ND/CarND-Behavioral-Cloning-P3/data_hard/IMG/right_2017_04_28_18_33_57_035.jpg,0.669173,0,0,23.56709
/home/esteve/self-driving-ND/CarND-Behavioral-Cloning-P3/data_hard/IMG/center_2017_04_28_18_33_57_105.jpg,/home/esteve/self-driving-ND/CarND-Behavioral-Cloning-P3/data_hard/IMG/left_2017_04_28_18_33_57_105.jpg,/home/esteve/self-driving-ND/CarND-Behavioral-Cloning-P3/data_hard/IMG/right_2017_04_28_18_33_57_105.jpg,0.669173,0,0,23.37364
/home/esteve/self-driving-ND/CarND-Behavioral-Cloning-P3/data_hard/IMG/center_2017_04_28_18_33_57_173.jpg,/home/esteve/self-driving-ND/CarND-Behavioral-Cloning-P3/data_hard/IMG/left_2017_04_28_18_33_57_173.jpg,/home/esteve/self-driving-ND/CarND-Behavioral-Cloning-P3/data_hard/IMG/right_2017_04_28_18_33_57_173.jpg,0.669173,0,0,23.08259
/home/esteve/self-driving-ND/CarND-Behavioral-Cloning-P3/data_hard/IMG/center_2017_04_28_18_33_57_241.jpg,/home/esteve/self-driving-ND/CarND-Behavioral-Cloning-P3/data_hard/IMG/left_2017_04_28_18_33_57_241.jpg,/home/esteve/self-driving-ND/CarND-Behavioral-Cloning-P3/data_hard/IMG/right_2017_04_28_18_33_57_241.jpg,0.669173,0,0,23.07592
/home/esteve/self-driving-ND/CarND-Behavioral-Cloning-P3/data_hard/IMG/center_2017_04_28_18_33_57_310.jpg,/home/esteve/self-driving-ND/CarND-Behavioral-Cloning-P3/data_hard/IMG/left_2017_04_28_18_33_57_310.jpg,/home/esteve/self-driving-ND/CarND-Behavioral-Cloning-P3/data_hard/IMG/right_2017_04_28_18_33_57_310.jpg,0.6090226,0,0,22.89025
/home/esteve/self-driving-ND/CarND-Behavioral-Cloning-P3/data_hard/IMG/center_2017_04_28_18_33_57_377.jpg,/home/esteve/self-driving-ND/CarND-Behavioral-Cloning-P3/data_hard/IMG/left_2017_04_28_18_33_57_377.jpg,/home/esteve/self-driving-ND/CarND-Behavioral-Cloning-P3/data_hard/IMG/right_2017_04_28_18_33_57_377.jpg,0.6015037,0,0,22.608
/home/esteve/self-driving-ND/CarND-Behavioral-Cloning-P3/data_hard/IMG/center_2017_04_28_18_33_57_461.jpg,/home/esteve/self-driving-ND/CarND-Behavioral-Cloning-P3/data_hard/IMG/left_2017_04_28_18_33_57_461.jpg,/home/esteve/self-driving-ND/CarND-Behavioral-Cloning-P3/data_hard/IMG/right_2017_04_28_18_33_57_461.jpg,0.6015037,0,0,22.42367
/home/esteve/self-driving-ND/CarND-Behavioral-Cloning-P3/data_hard/IMG/center_2017_04_28_18_33_57_528.jpg,/home/esteve/self-driving-ND/CarND-Behavioral-Cloning-P3/data_hard/IMG/left_2017_04_28_18_33_57_528.jpg,/home/esteve/self-driving-ND/CarND-Behavioral-Cloning-P3/data_hard/IMG/right_2017_04_28_18_33_57_528.jpg,0.6015037,0,0,22.23495
/home/esteve/self-driving-ND/CarND-Behavioral-Cloning-P3/data_hard/IMG/center_2017_04_28_18_33_57_597.jpg,/home/esteve/self-driving-ND/CarND-Behavioral-Cloning-P3/data_hard/IMG/left_2017_04_28_18_33_57_597.jpg,/home/esteve/self-driving-ND/CarND-Behavioral-Cloning-P3/data_hard/IMG/right_2017_04_28_18_33_57_597.jpg,0.5714286,0,0,22.25515
/home/esteve/self-driving-ND/CarND-Behavioral-Cloning-P3/data_hard/IMG/center_2017_04_28_18_33_57_667.jpg,/home/esteve/self-driving-ND/CarND-Behavioral-Cloning-P3/data_hard/IMG/left_2017_04_28_18_33_57_667.jpg,/home/esteve/self-driving-ND/CarND-Behavioral-Cloning-P3/data_hard/IMG/right_2017_04_28_18_33_57_667.jpg,0.2406015,0,0,22.10623
/home/esteve/self-driving-ND/CarND-Behavioral-Cloning-P3/data_hard/IMG/center_2017_04_28_18_33_57_754.jpg,/home/esteve/self-driving-ND/CarND-Behavioral-Cloning-P3/data_hard/IMG/left_2017_04_28_18_33_57_754.jpg,/home/esteve/self-driving-ND/CarND-Behavioral-Cloning-P3/data_hard/IMG/right_2017_04_28_18_33_57_754.jpg,0.007518797,0,0,21.90901
/home/esteve/self-driving-ND/CarND-Behavioral-Cloning-P3/data_hard/IMG/center_2017_04_28_18_33_57_832.jpg,/home/esteve/self-driving-ND/CarND-Behavioral-Cloning-P3/data_hard/IMG/left_2017_04_28_18_33_57_832.jpg,/home/esteve/self-driving-ND/CarND-Behavioral-Cloning-P3/data_hard/IMG/right_2017_04_28_18_33_57_832.jpg,-0.09022556,0,0,21.70449
/home/esteve/self-driving-ND/CarND-Behavioral-Cloning-P3/data_hard/IMG/center_2017_04_28_18_33_57_901.jpg,/home/esteve/self-driving-ND/CarND-Behavioral-Cloning-P3/data_hard/IMG/left_2017_04_28_18_33_57_901.jpg,/home/esteve/self-driving-ND/CarND-Behavioral-Cloning-P3/data_hard/IMG/right_2017_04_28_18_33_57_901.jpg,-0.1052632,0,0,21.39532
/home/esteve/self-driving-ND/CarND-Behavioral-Cloning-P3/data_hard/IMG/center_2017_04_28_18_33_57_970.jpg,/home/esteve/self-driving-ND/CarND-Behavioral-Cloning-P3/data_hard/IMG/left_2017_04_28_18_33_57_970.jpg,/home/esteve/self-driving-ND/CarND-Behavioral-Cloning-P3/data_hard/IMG/right_2017_04_28_18_33_57_970.jpg,-0.1052632,0,0,21.21236
/home/esteve/self-driving-ND/CarND-Behavioral-Cloning-P3/data_hard/IMG/center_2017_04_28_18_33_58_038.jpg,/home/esteve/self-driving-ND/CarND-Behavioral-Cloning-P3/data_hard/IMG/left_2017_04_28_18_33_58_038.jpg,/home/esteve/self-driving-ND/CarND-Behavioral-Cloning-P3/data_hard/IMG/right_2017_04_28_18_33_58_038.jpg,-0.1052632,0,0,21.24342
/home/esteve/self-driving-ND/CarND-Behavioral-Cloning-P3/data_hard/IMG/center_2017_04_28_18_33_58_106.jpg,/home/esteve/self-driving-ND/CarND-Behavioral-Cloning-P3/data_hard/IMG/left_2017_04_28_18_33_58_106.jpg,/home/esteve/self-driving-ND/CarND-Behavioral-Cloning-P3/data_hard/IMG/right_2017_04_28_18_33_58_106.jpg,-0.1052632,0,0,21.08241
/home/esteve/self-driving-ND/CarND-Behavioral-Cloning-P3/data_hard/IMG/center_2017_04_28_18_33_58_197.jpg,/home/esteve/self-driving-ND/CarND-Behavioral-Cloning-P3/data_hard/IMG/left_2017_04_28_18_33_58_197.jpg,/home/esteve/self-driving-ND/CarND-Behavioral-Cloning-P3/data_hard/IMG/right_2017_04_28_18_33_58_197.jpg,-0.1052632,0,0,20.94514
/home/esteve/self-driving-ND/CarND-Behavioral-Cloning-P3/data_hard/IMG/center_2017_04_28_18_33_58_265.jpg,/home/esteve/self-driving-ND/CarND-Behavioral-Cloning-P3/data_hard/IMG/left_2017_04_28_18_33_58_265.jpg,/home/esteve/self-driving-ND/CarND-Behavioral-Cloning-P3/data_hard/IMG/right_2017_04_28_18_33_58_265.jpg,-0.1052632,0,0,20.79017
/home/esteve/self-driving-ND/CarND-Behavioral-Cloning-P3/data_hard/IMG/center_2017_04_28_18_33_58_332.jpg,/home/esteve/self-driving-ND/CarND-Behavioral-Cloning-P3/data_hard/IMG/left_2017_04_28_18_33_58_332.jpg,/home/esteve/self-driving-ND/CarND-Behavioral-Cloning-P3/data_hard/IMG/right_2017_04_28_18_33_58_332.jpg,-0.1353384,0.06367207,0,20.35515
/home/esteve/self-driving-ND/CarND-Behavioral-Cloning-P3/data_hard/IMG/center_2017_04_28_18_33_58_400.jpg,/home/esteve/self-driving-ND/CarND-Behavioral-Cloning-P3/data_hard/IMG/left_2017_04_28_18_33_58_400.jpg,/home/esteve/self-driving-ND/CarND-Behavioral-Cloning-P3/data_hard/IMG/right_2017_04_28_18_33_58_400.jpg,-0.2105263,0.2666845,0,20.63957
/home/esteve/self-driving-ND/CarND-Behavioral-Cloning-P3/data_hard/IMG/center_2017_04_28_18_33_58_466.jpg,/home/esteve/self-driving-ND/CarND-Behavioral-Cloning-P3/data_hard/IMG/left_2017_04_28_18_33_58_466.jpg,/home/esteve/self-driving-ND/CarND-Behavioral-Cloning-P3/data_hard/IMG/right_2017_04_28_18_33_58_466.jpg,-0.2105263,0.2121391,0,20.75894
/home/esteve/self-driving-ND/CarND-Behavioral-Cloning-P3/data_hard/IMG/center_2017_04_28_18_33_58_537.jpg,/home/esteve/self-driving-ND/CarND-Behavioral-Cloning-P3/data_hard/IMG/left_2017_04_28_18_33_58_537.jpg,/home/esteve/self-driving-ND/CarND-Behavioral-Cloning-P3/data_hard/IMG/right_2017_04_28_18_33_58_537.jpg,-0.2105263,0.0006816387,0,20.43052
/home/esteve/self-driving-ND/CarND-Behavioral-Cloning-P3/data_hard/IMG/center_2017_04_28_18_33_58_604.jpg,/home/esteve/self-driving-ND/CarND-Behavioral-Cloning-P3/data_hard/IMG/left_2017_04_28_18_33_58_604.jpg,/home/esteve/self-driving-ND/CarND-Behavioral-Cloning-P3/data_hard/IMG/right_2017_04_28_18_33_58_604.jpg,-0.1954887,0,0,20.24271
/home/esteve/self-driving-ND/CarND-Behavioral-Cloning-P3/data_hard/IMG/center_2017_04_28_18_33_58_673.jpg,/home/esteve/self-driving-ND/CarND-Behavioral-Cloning-P3/data_hard/IMG/left_2017_04_28_18_33_58_673.jpg,/home/esteve/self-driving-ND/CarND-Behavioral-Cloning-P3/data_hard/IMG/right_2017_04_28_18_33_58_673.jpg,-0.1503759,0,0,20.43986
/home/esteve/self-driving-ND/CarND-Behavioral-Cloning-P3/data_hard/IMG/center_2017_04_28_18_33_58_740.jpg,/home/esteve/self-driving-ND/CarND-Behavioral-Cloning-P3/data_hard/IMG/left_2017_04_28_18_33_58_740.jpg,/home/esteve/self-driving-ND/CarND-Behavioral-Cloning-P3/data_hard/IMG/right_2017_04_28_18_33_58_740.jpg,-0.112782,0,0,19.99027
/home/esteve/self-driving-ND/CarND-Behavioral-Cloning-P3/data_hard/IMG/center_2017_04_28_18_33_58_818.jpg,/home/esteve/self-driving-ND/CarND-Behavioral-Cloning-P3/data_hard/IMG/left_2017_04_28_18_33_58_818.jpg,/home/esteve/self-driving-ND/CarND-Behavioral-Cloning-P3/data_hard/IMG/right_2017_04_28_18_33_58_818.jpg,-0.09022556,0,0,19.82278
/home/esteve/self-driving-ND/CarND-Behavioral-Cloning-P3/data_hard/IMG/center_2017_04_28_18_33_58_894.jpg,/home/esteve/self-driving-ND/CarND-Behavioral-Cloning-P3/data_hard/IMG/left_2017_04_28_18_33_58_894.jpg,/home/esteve/self-driving-ND/CarND-Behavioral-Cloning-P3/data_hard/IMG/right_2017_04_28_18_33_58_894.jpg,-0.09022556,0,0,19.65481
/home/esteve/self-driving-ND/CarND-Behavioral-Cloning-P3/data_hard/IMG/center_2017_04_28_18_33_58_964.jpg,/home/esteve/self-driving-ND/CarND-Behavioral-Cloning-P3/data_hard/IMG/left_2017_04_28_18_33_58_964.jpg,/home/esteve/self-driving-ND/CarND-Behavioral-Cloning-P3/data_hard/IMG/right_2017_04_28_18_33_58_964.jpg,-0.09022556,0,0,19.48623
/home/esteve/self-driving-ND/CarND-Behavioral-Cloning-P3/data_hard/IMG/center_2017_04_28_18_33_59_054.jpg,/home/esteve/self-driving-ND/CarND-Behavioral-Cloning-P3/data_hard/IMG/left_2017_04_28_18_33_59_054.jpg,/home/esteve/self-driving-ND/CarND-Behavioral-Cloning-P3/data_hard/IMG/right_2017_04_28_18_33_59_054.jpg,-0.09022556,0,0,19.31758
/home/esteve/self-driving-ND/CarND-Behavioral-Cloning-P3/data_hard/IMG/center_2017_04_28_18_33_59_124.jpg,/home/esteve/self-driving-ND/CarND-Behavioral-Cloning-P3/data_hard/IMG/left_2017_04_28_18_33_59_124.jpg,/home/esteve/self-driving-ND/CarND-Behavioral-Cloning-P3/data_hard/IMG/right_2017_04_28_18_33_59_124.jpg,-0.09022556,0.1395936,0,19.23612
/home/esteve/self-driving-ND/CarND-Behavioral-Cloning-P3/data_hard/IMG/center_2017_04_28_18_33_59_216.jpg,/home/esteve/self-driving-ND/CarND-Behavioral-Cloning-P3/data_hard/IMG/left_2017_04_28_18_33_59_216.jpg,/home/esteve/self-driving-ND/CarND-Behavioral-Cloning-P3/data_hard/IMG/right_2017_04_28_18_33_59_216.jpg,-0.06766918,0.4143813,0,19.37606
/home/esteve/self-driving-ND/CarND-Behavioral-Cloning-P3/data_hard/IMG/center_2017_04_28_18_33_59_285.jpg,/home/esteve/self-driving-ND/CarND-Behavioral-Cloning-P3/data_hard/IMG/left_2017_04_28_18_33_59_285.jpg,/home/esteve/self-driving-ND/CarND-Behavioral-Cloning-P3/data_hard/IMG/right_2017_04_28_18_33_59_285.jpg,-0.03759398,0.6231151,0,19.80844
/home/esteve/self-driving-ND/CarND-Behavioral-Cloning-P3/data_hard/IMG/center_2017_04_28_18_33_59_377.jpg,/home/esteve/self-driving-ND/CarND-Behavioral-Cloning-P3/data_hard/IMG/left_2017_04_28_18_33_59_377.jpg,/home/esteve/self-driving-ND/CarND-Behavioral-Cloning-P3/data_hard/IMG/right_2017_04_28_18_33_59_377.jpg,-0.007518797,0.6241508,0,20.35238
/home/esteve/self-driving-ND/CarND-Behavioral-Cloning-P3/data_hard/IMG/center_2017_04_28_18_33_59_447.jpg,/home/esteve/self-driving-ND/CarND-Behavioral-Cloning-P3/data_hard/IMG/left_2017_04_28_18_33_59_447.jpg,/home/esteve/self-driving-ND/CarND-Behavioral-Cloning-P3/data_hard/IMG/right_2017_04_28_18_33_59_447.jpg,0.08270676,0.4143033,0,20.68188
/home/esteve/self-driving-ND/CarND-Behavioral-Cloning-P3/data_hard/IMG/center_2017_04_28_18_33_59_518.jpg,/home/esteve/self-driving-ND/CarND-Behavioral-Cloning-P3/data_hard/IMG/left_2017_04_28_18_33_59_518.jpg,/home/esteve/self-driving-ND/CarND-Behavioral-Cloning-P3/data_hard/IMG/right_2017_04_28_18_33_59_518.jpg,0.2180451,0.2010691,0,20.95905
/home/esteve/self-driving-ND/CarND-Behavioral-Cloning-P3/data_hard/IMG/center_2017_04_28_18_33_59_588.jpg,/home/esteve/self-driving-ND/CarND-Behavioral-Cloning-P3/data_hard/IMG/left_2017_04_28_18_33_59_588.jpg,/home/esteve/self-driving-ND/CarND-Behavioral-Cloning-P3/data_hard/IMG/right_2017_04_28_18_33_59_588.jpg,0.2932331,0,0,20.86169
/home/esteve/self-driving-ND/CarND-Behavioral-Cloning-P3/data_hard/IMG/center_2017_04_28_18_33_59_675.jpg,/home/esteve/self-driving-ND/CarND-Behavioral-Cloning-P3/data_hard/IMG/left_2017_04_28_18_33_59_675.jpg,/home/esteve/self-driving-ND/CarND-Behavioral-Cloning-P3/data_hard/IMG/right_2017_04_28_18_33_59_675.jpg,0.3233083,0.06536937,0,20.66292
/home/esteve/self-driving-ND/CarND-Behavioral-Cloning-P3/data_hard/IMG/center_2017_04_28_18_33_59_743.jpg,/home/esteve/self-driving-ND/CarND-Behavioral-Cloning-P3/data_hard/IMG/left_2017_04_28_18_33_59_743.jpg,/home/esteve/self-driving-ND/CarND-Behavioral-Cloning-P3/data_hard/IMG/right_2017_04_28_18_33_59_743.jpg,0.3233083,0.270288,0,20.65779
/home/esteve/self-driving-ND/CarND-Behavioral-Cloning-P3/data_hard/IMG/center_2017_04_28_18_33_59_815.jpg,/home/esteve/self-driving-ND/CarND-Behavioral-Cloning-P3/data_hard/IMG/left_2017_04_28_18_33_59_815.jpg,/home/esteve/self-driving-ND/CarND-Behavioral-Cloning-P3/data_hard/IMG/right_2017_04_28_18_33_59_815.jpg,0.3233083,0.4850063,0,20.54501
/home/esteve/self-driving-ND/CarND-Behavioral-Cloning-P3/data_hard/IMG/center_2017_04_28_18_33_59_882.jpg,/home/esteve/self-driving-ND/CarND-Behavioral-Cloning-P3/data_hard/IMG/left_2017_04_28_18_33_59_882.jpg,/home/esteve/self-driving-ND/CarND-Behavioral-Cloning-P3/data_hard/IMG/right_2017_04_28_18_33_59_882.jpg,0.3233083,0.6871076,0,21.05957
/home/esteve/self-driving-ND/CarND-Behavioral-Cloning-P3/data_hard/IMG/center_2017_04_28_18_33_59_974.jpg,/home/esteve/self-driving-ND/CarND-Behavioral-Cloning-P3/data_hard/IMG/left_2017_04_28_18_33_59_974.jpg,/home/esteve/self-driving-ND/CarND-Behavioral-Cloning-P3/data_hard/IMG/right_2017_04_28_18_33_59_974.jpg,0.3233083,0.9641697,0,21.68307
/home/esteve/self-driving-ND/CarND-Behavioral-Cloning-P3/data_hard/IMG/center_2017_04_28_18_34_00_041.jpg,/home/esteve/self-driving-ND/CarND-Behavioral-Cloning-P3/data_hard/IMG/left_2017_04_28_18_34_00_041.jpg,/home/esteve/self-driving-ND/CarND-Behavioral-Cloning-P3/data_hard/IMG/right_2017_04_28_18_34_00_041.jpg,0.3233083,0.9371169,0,22.35361
/home/esteve/self-driving-ND/CarND-Behavioral-Cloning-P3/data_hard/IMG/center_2017_04_28_18_34_00_109.jpg,/home/esteve/self-driving-ND/CarND-Behavioral-Cloning-P3/data_hard/IMG/left_2017_04_28_18_34_00_109.jpg,/home/esteve/self-driving-ND/CarND-Behavioral-Cloning-P3/data_hard/IMG/right_2017_04_28_18_34_00_109.jpg,0.3233083,0.7326009,0,22.97542
/home/esteve/self-driving-ND/CarND-Behavioral-Cloning-P3/data_hard/IMG/center_2017_04_28_18_34_00_186.jpg,/home/esteve/self-driving-ND/CarND-Behavioral-Cloning-P3/data_hard/IMG/left_2017_04_28_18_34_00_186.jpg,/home/esteve/self-driving-ND/CarND-Behavioral-Cloning-P3/data_hard/IMG/right_2017_04_28_18_34_00_186.jpg,0.3007519,0.5040102,0,23.35508
/home/esteve/self-driving-ND/CarND-Behavioral-Cloning-P3/data_hard/IMG/center_2017_04_28_18_34_00_275.jpg,/home/esteve/self-driving-ND/CarND-Behavioral-Cloning-P3/data_hard/IMG/left_2017_04_28_18_34_00_275.jpg,/home/esteve/self-driving-ND/CarND-Behavioral-Cloning-P3/data_hard/IMG/right_2017_04_28_18_34_00_275.jpg,0.2706767,0.2341571,0,23.53869
/home/esteve/self-driving-ND/CarND-Behavioral-Cloning-P3/data_hard/IMG/center_2017_04_28_18_34_00_343.jpg,/home/esteve/self-driving-ND/CarND-Behavioral-Cloning-P3/data_hard/IMG/left_2017_04_28_18_34_00_343.jpg,/home/esteve/self-driving-ND/CarND-Behavioral-Cloning-P3/data_hard/IMG/right_2017_04_28_18_34_00_343.jpg,0.2481203,0.4381781,0,23.70316
/home/esteve/self-driving-ND/CarND-Behavioral-Cloning-P3/data_hard/IMG/center_2017_04_28_18_34_00_431.jpg,/home/esteve/self-driving-ND/CarND-Behavioral-Cloning-P3/data_hard/IMG/left_2017_04_28_18_34_00_431.jpg,/home/esteve/self-driving-ND/CarND-Behavioral-Cloning-P3/data_hard/IMG/right_2017_04_28_18_34_00_431.jpg,0.2481203,0.7003057,0,24.05257
/home/esteve/self-driving-ND/CarND-Behavioral-Cloning-P3/data_hard/IMG/center_2017_04_28_18_34_00_502.jpg,/home/esteve/self-driving-ND/CarND-Behavioral-Cloning-P3/data_hard/IMG/left_2017_04_28_18_34_00_502.jpg,/home/esteve/self-driving-ND/CarND-Behavioral-Cloning-P3/data_hard/IMG/right_2017_04_28_18_34_00_502.jpg,0.2030075,0.9129727,0,24.47611
/home/esteve/self-driving-ND/CarND-Behavioral-Cloning-P3/data_hard/IMG/center_2017_04_28_18_34_00_570.jpg,/home/esteve/self-driving-ND/CarND-Behavioral-Cloning-P3/data_hard/IMG/left_2017_04_28_18_34_00_570.jpg,/home/esteve/self-driving-ND/CarND-Behavioral-Cloning-P3/data_hard/IMG/right_2017_04_28_18_34_00_570.jpg,0.09022556,1,0,25.24138
/home/esteve/self-driving-ND/CarND-Behavioral-Cloning-P3/data_hard/IMG/center_2017_04_28_18_34_00_658.jpg,/home/esteve/self-driving-ND/CarND-Behavioral-Cloning-P3/data_hard/IMG/left_2017_04_28_18_34_00_658.jpg,/home/esteve/self-driving-ND/CarND-Behavioral-Cloning-P3/data_hard/IMG/right_2017_04_28_18_34_00_658.jpg,0.06766918,1,0,26.00836
/home/esteve/self-driving-ND/CarND-Behavioral-Cloning-P3/data_hard/IMG/center_2017_04_28_18_34_00_729.jpg,/home/esteve/self-driving-ND/CarND-Behavioral-Cloning-P3/data_hard/IMG/left_2017_04_28_18_34_00_729.jpg,/home/esteve/self-driving-ND/CarND-Behavioral-Cloning-P3/data_hard/IMG/right_2017_04_28_18_34_00_729.jpg,0.06015037,0.9263115,0,26.76886
/home/esteve/self-driving-ND/CarND-Behavioral-Cloning-P3/data_hard/IMG/center_2017_04_28_18_34_00_799.jpg,/home/esteve/self-driving-ND/CarND-Behavioral-Cloning-P3/data_hard/IMG/left_2017_04_28_18_34_00_799.jpg,/home/esteve/self-driving-ND/CarND-Behavioral-Cloning-P3/data_hard/IMG/right_2017_04_28_18_34_00_799.jpg,0.06015037,0.7144184,0,27.21074
/home/esteve/self-driving-ND/CarND-Behavioral-Cloning-P3/data_hard/IMG/center_2017_04_28_18_34_00_873.jpg,/home/esteve/self-driving-ND/CarND-Behavioral-Cloning-P3/data_hard/IMG/left_2017_04_28_18_34_00_873.jpg,/home/esteve/self-driving-ND/CarND-Behavioral-Cloning-P3/data_hard/IMG/right_2017_04_28_18_34_00_873.jpg,0.06015037,0.4942005,0,27.59567
/home/esteve/self-driving-ND/CarND-Behavioral-Cloning-P3/data_hard/IMG/center_2017_04_28_18_34_00_940.jpg,/home/esteve/self-driving-ND/CarND-Behavioral-Cloning-P3/data_hard/IMG/left_2017_04_28_18_34_00_940.jpg,/home/esteve/self-driving-ND/CarND-Behavioral-Cloning-P3/data_hard/IMG/right_2017_04_28_18_34_00_940.jpg,0.05263158,0.5599518,0,27.77835
/home/esteve/self-driving-ND/CarND-Behavioral-Cloning-P3/data_hard/IMG/center_2017_04_28_18_34_01_007.jpg,/home/esteve/self-driving-ND/CarND-Behavioral-Cloning-P3/data_hard/IMG/left_2017_04_28_18_34_01_007.jpg,/home/esteve/self-driving-ND/CarND-Behavioral-Cloning-P3/data_hard/IMG/right_2017_04_28_18_34_01_007.jpg,0.04511278,0.7612605,0,28.17924
/home/esteve/self-driving-ND/CarND-Behavioral-Cloning-P3/data_hard/IMG/center_2017_04_28_18_34_01_076.jpg,/home/esteve/self-driving-ND/CarND-Behavioral-Cloning-P3/data_hard/IMG/left_2017_04_28_18_34_01_076.jpg,/home/esteve/self-driving-ND/CarND-Behavioral-Cloning-P3/data_hard/IMG/right_2017_04_28_18_34_01_076.jpg,0.02255639,0.9667907,0,28.62532
/home/esteve/self-driving-ND/CarND-Behavioral-Cloning-P3/data_hard/IMG/center_2017_04_28_18_34_01_146.jpg,/home/esteve/self-driving-ND/CarND-Behavioral-Cloning-P3/data_hard/IMG/left_2017_04_28_18_34_01_146.jpg,/home/esteve/self-driving-ND/CarND-Behavioral-Cloning-P3/data_hard/IMG/right_2017_04_28_18_34_01_146.jpg,0.007518797,1,0,29.36058
/home/esteve/self-driving-ND/CarND-Behavioral-Cloning-P3/data_hard/IMG/center_2017_04_28_18_34_01_215.jpg,/home/esteve/self-driving-ND/CarND-Behavioral-Cloning-P3/data_hard/IMG/left_2017_04_28_18_34_01_215.jpg,/home/esteve/self-driving-ND/CarND-Behavioral-Cloning-P3/data_hard/IMG/right_2017_04_28_18_34_01_215.jpg,0,1,0,29.90936
/home/esteve/self-driving-ND/CarND-Behavioral-Cloning-P3/data_hard/IMG/center_2017_04_28_18_34_01_304.jpg,/home/esteve/self-driving-ND/CarND-Behavioral-Cloning-P3/data_hard/IMG/left_2017_04_28_18_34_01_304.jpg,/home/esteve/self-driving-ND/CarND-Behavioral-Cloning-P3/data_hard/IMG/right_2017_04_28_18_34_01_304.jpg,0,1,0,30.19051
/home/esteve/self-driving-ND/CarND-Behavioral-Cloning-P3/data_hard/IMG/center_2017_04_28_18_34_01_372.jpg,/home/esteve/self-driving-ND/CarND-Behavioral-Cloning-P3/data_hard/IMG/left_2017_04_28_18_34_01_372.jpg,/home/esteve/self-driving-ND/CarND-Behavioral-Cloning-P3/data_hard/IMG/right_2017_04_28_18_34_01_372.jpg,0,0.867157,0,30.17048
/home/esteve/self-driving-ND/CarND-Behavioral-Cloning-P3/data_hard/IMG/center_2017_04_28_18_34_01_439.jpg,/home/esteve/self-driving-ND/CarND-Behavioral-Cloning-P3/data_hard/IMG/left_2017_04_28_18_34_01_439.jpg,/home/esteve/self-driving-ND/CarND-Behavioral-Cloning-P3/data_hard/IMG/right_2017_04_28_18_34_01_439.jpg,0,0.6637332,0,30.1207
/home/esteve/self-driving-ND/CarND-Behavioral-Cloning-P3/data_hard/IMG/center_2017_04_28_18_34_01_529.jpg,/home/esteve/self-driving-ND/CarND-Behavioral-Cloning-P3/data_hard/IMG/left_2017_04_28_18_34_01_529.jpg,/home/esteve/self-driving-ND/CarND-Behavioral-Cloning-P3/data_hard/IMG/right_2017_04_28_18_34_01_529.jpg,0,0.393652,0,30.04846
/home/esteve/self-driving-ND/CarND-Behavioral-Cloning-P3/data_hard/IMG/center_2017_04_28_18_34_01_599.jpg,/home/esteve/self-driving-ND/CarND-Behavioral-Cloning-P3/data_hard/IMG/left_2017_04_28_18_34_01_599.jpg,/home/esteve/self-driving-ND/CarND-Behavioral-Cloning-P3/data_hard/IMG/right_2017_04_28_18_34_01_599.jpg,0,0.1853023,0,29.99966
/home/esteve/self-driving-ND/CarND-Behavioral-Cloning-P3/data_hard/IMG/center_2017_04_28_18_34_01_667.jpg,/home/esteve/self-driving-ND/CarND-Behavioral-Cloning-P3/data_hard/IMG/left_2017_04_28_18_34_01_667.jpg,/home/esteve/self-driving-ND/CarND-Behavioral-Cloning-P3/data_hard/IMG/right_2017_04_28_18_34_01_667.jpg,0,0,0,29.84728
/home/esteve/self-driving-ND/CarND-Behavioral-Cloning-P3/data_hard/IMG/center_2017_04_28_18_34_01_760.jpg,/home/esteve/self-driving-ND/CarND-Behavioral-Cloning-P3/data_hard/IMG/left_2017_04_28_18_34_01_760.jpg,/home/esteve/self-driving-ND/CarND-Behavioral-Cloning-P3/data_hard/IMG/right_2017_04_28_18_34_01_760.jpg,0,0,0,29.60386
/home/esteve/self-driving-ND/CarND-Behavioral-Cloning-P3/data_hard/IMG/center_2017_04_28_18_34_01_830.jpg,/home/esteve/self-driving-ND/CarND-Behavioral-Cloning-P3/data_hard/IMG/left_2017_04_28_18_34_01_830.jpg,/home/esteve/self-driving-ND/CarND-Behavioral-Cloning-P3/data_hard/IMG/right_2017_04_28_18_34_01_830.jpg,0,0,0,29.36571
/home/esteve/self-driving-ND/CarND-Behavioral-Cloning-P3/data_hard/IMG/center_2017_04_28_18_34_01_906.jpg,/home/esteve/self-driving-ND/CarND-Behavioral-Cloning-P3/data_hard/IMG/left_2017_04_28_18_34_01_906.jpg,/home/esteve/self-driving-ND/CarND-Behavioral-Cloning-P3/data_hard/IMG/right_2017_04_28_18_34_01_906.jpg,0,0,0,29.12957
/home/esteve/self-driving-ND/CarND-Behavioral-Cloning-P3/data_hard/IMG/center_2017_04_28_18_34_01_973.jpg,/home/esteve/self-driving-ND/CarND-Behavioral-Cloning-P3/data_hard/IMG/left_2017_04_28_18_34_01_973.jpg,/home/esteve/self-driving-ND/CarND-Behavioral-Cloning-P3/data_hard/IMG/right_2017_04_28_18_34_01_973.jpg,0,0,0,28.95372
/home/esteve/self-driving-ND/CarND-Behavioral-Cloning-P3/data_hard/IMG/center_2017_04_28_18_34_02_042.jpg,/home/esteve/self-driving-ND/CarND-Behavioral-Cloning-P3/data_hard/IMG/left_2017_04_28_18_34_02_042.jpg,/home/esteve/self-driving-ND/CarND-Behavioral-Cloning-P3/data_hard/IMG/right_2017_04_28_18_34_02_042.jpg,0,0,0,28.72089
/home/esteve/self-driving-ND/CarND-Behavioral-Cloning-P3/data_hard/IMG/center_2017_04_28_18_34_02_110.jpg,/home/esteve/self-driving-ND/CarND-Behavioral-Cloning-P3/data_hard/IMG/left_2017_04_28_18_34_02_110.jpg,/home/esteve/self-driving-ND/CarND-Behavioral-Cloning-P3/data_hard/IMG/right_2017_04_28_18_34_02_110.jpg,0,0,0,28.5475
/home/esteve/self-driving-ND/CarND-Behavioral-Cloning-P3/data_hard/IMG/center_2017_04_28_18_34_02_179.jpg,/home/esteve/self-driving-ND/CarND-Behavioral-Cloning-P3/data_hard/IMG/left_2017_04_28_18_34_02_179.jpg,/home/esteve/self-driving-ND/CarND-Behavioral-Cloning-P3/data_hard/IMG/right_2017_04_28_18_34_02_179.jpg,0,0,0,28.37516
/home/esteve/self-driving-ND/CarND-Behavioral-Cloning-P3/data_hard/IMG/center_2017_04_28_18_34_02_247.jpg,/home/esteve/self-driving-ND/CarND-Behavioral-Cloning-P3/data_hard/IMG/left_2017_04_28_18_34_02_247.jpg,/home/esteve/self-driving-ND/CarND-Behavioral-Cloning-P3/data_hard/IMG/right_2017_04_28_18_34_02_247.jpg,0,0,0,28.147
/home/esteve/self-driving-ND/CarND-Behavioral-Cloning-P3/data_hard/IMG/center_2017_04_28_18_34_02_316.jpg,/home/esteve/self-driving-ND/CarND-Behavioral-Cloning-P3/data_hard/IMG/left_2017_04_28_18_34_02_316.jpg,/home/esteve/self-driving-ND/CarND-Behavioral-Cloning-P3/data_hard/IMG/right_2017_04_28_18_34_02_316.jpg,0,0,0,27.97708
/home/esteve/self-driving-ND/CarND-Behavioral-Cloning-P3/data_hard/IMG/center_2017_04_28_18_34_02_407.jpg,/home/esteve/self-driving-ND/CarND-Behavioral-Cloning-P3/data_hard/IMG/left_2017_04_28_18_34_02_407.jpg,/home/esteve/self-driving-ND/CarND-Behavioral-Cloning-P3/data_hard/IMG/right_2017_04_28_18_34_02_407.jpg,0,0,0,27.69616
/home/esteve/self-driving-ND/CarND-Behavioral-Cloning-P3/data_hard/IMG/center_2017_04_28_18_34_02_474.jpg,/home/esteve/self-driving-ND/CarND-Behavioral-Cloning-P3/data_hard/IMG/left_2017_04_28_18_34_02_474.jpg,/home/esteve/self-driving-ND/CarND-Behavioral-Cloning-P3/data_hard/IMG/right_2017_04_28_18_34_02_474.jpg,0,0,0,27.52896
/home/esteve/self-driving-ND/CarND-Behavioral-Cloning-P3/data_hard/IMG/center_2017_04_28_18_34_02_542.jpg,/home/esteve/self-driving-ND/CarND-Behavioral-Cloning-P3/data_hard/IMG/left_2017_04_28_18_34_02_542.jpg,/home/esteve/self-driving-ND/CarND-Behavioral-Cloning-P3/data_hard/IMG/right_2017_04_28_18_34_02_542.jpg,0,0,0,27.36278
/home/esteve/self-driving-ND/CarND-Behavioral-Cloning-P3/data_hard/IMG/center_2017_04_28_18_34_02_610.jpg,/home/esteve/self-driving-ND/CarND-Behavioral-Cloning-P3/data_hard/IMG/left_2017_04_28_18_34_02_610.jpg,/home/esteve/self-driving-ND/CarND-Behavioral-Cloning-P3/data_hard/IMG/right_2017_04_28_18_34_02_610.jpg,0,0,0,27.14276
/home/esteve/self-driving-ND/CarND-Behavioral-Cloning-P3/data_hard/IMG/center_2017_04_28_18_34_02_681.jpg,/home/esteve/self-driving-ND/CarND-Behavioral-Cloning-P3/data_hard/IMG/left_2017_04_28_18_34_02_681.jpg,/home/esteve/self-driving-ND/CarND-Behavioral-Cloning-P3/data_hard/IMG/right_2017_04_28_18_34_02_681.jpg,0.04511278,0,0,26.97832
/home/esteve/self-driving-ND/CarND-Behavioral-Cloning-P3/data_hard/IMG/center_2017_04_28_18_34_02_750.jpg,/home/esteve/self-driving-ND/CarND-Behavioral-Cloning-P3/data_hard/IMG/left_2017_04_28_18_34_02_750.jpg,/home/esteve/self-driving-ND/CarND-Behavioral-Cloning-P3/data_hard/IMG/right_2017_04_28_18_34_02_750.jpg,0.09774436,0,0,26.75655
/home/esteve/self-driving-ND/CarND-Behavioral-Cloning-P3/data_hard/IMG/center_2017_04_28_18_34_02_825.jpg,/home/esteve/self-driving-ND/CarND-Behavioral-Cloning-P3/data_hard/IMG/left_2017_04_28_18_34_02_825.jpg,/home/esteve/self-driving-ND/CarND-Behavioral-Cloning-P3/data_hard/IMG/right_2017_04_28_18_34_02_825.jpg,0.1729323,0,0,26.52176
/home/esteve/self-driving-ND/CarND-Behavioral-Cloning-P3/data_hard/IMG/center_2017_04_28_18_34_02_892.jpg,/home/esteve/self-driving-ND/CarND-Behavioral-Cloning-P3/data_hard/IMG/left_2017_04_28_18_34_02_892.jpg,/home/esteve/self-driving-ND/CarND-Behavioral-Cloning-P3/data_hard/IMG/right_2017_04_28_18_34_02_892.jpg,0.1804511,0,0,26.35117
/home/esteve/self-driving-ND/CarND-Behavioral-Cloning-P3/data_hard/IMG/center_2017_04_28_18_34_02_979.jpg,/home/esteve/self-driving-ND/CarND-Behavioral-Cloning-P3/data_hard/IMG/left_2017_04_28_18_34_02_979.jpg,/home/esteve/self-driving-ND/CarND-Behavioral-Cloning-P3/data_hard/IMG/right_2017_04_28_18_34_02_979.jpg,0.1804511,0,0,26.13037
/home/esteve/self-driving-ND/CarND-Behavioral-Cloning-P3/data_hard/IMG/center_2017_04_28_18_34_03_047.jpg,/home/esteve/self-driving-ND/CarND-Behavioral-Cloning-P3/data_hard/IMG/left_2017_04_28_18_34_03_047.jpg,/home/esteve/self-driving-ND/CarND-Behavioral-Cloning-P3/data_hard/IMG/right_2017_04_28_18_34_03_047.jpg,0.2030075,0,0,25.91364
/home/esteve/self-driving-ND/CarND-Behavioral-Cloning-P3/data_hard/IMG/center_2017_04_28_18_34_03_115.jpg,/home/esteve/self-driving-ND/CarND-Behavioral-Cloning-P3/data_hard/IMG/left_2017_04_28_18_34_03_115.jpg,/home/esteve/self-driving-ND/CarND-Behavioral-Cloning-P3/data_hard/IMG/right_2017_04_28_18_34_03_115.jpg,0.2255639,0,0,25.74736
/home/esteve/self-driving-ND/CarND-Behavioral-Cloning-P3/data_hard/IMG/center_2017_04_28_18_34_03_198.jpg,/home/esteve/self-driving-ND/CarND-Behavioral-Cloning-P3/data_hard/IMG/left_2017_04_28_18_34_03_198.jpg,/home/esteve/self-driving-ND/CarND-Behavioral-Cloning-P3/data_hard/IMG/right_2017_04_28_18_34_03_198.jpg,0.2255639,0,0,25.53177
/home/esteve/self-driving-ND/CarND-Behavioral-Cloning-P3/data_hard/IMG/center_2017_04_28_18_34_03_285.jpg,/home/esteve/self-driving-ND/CarND-Behavioral-Cloning-P3/data_hard/IMG/left_2017_04_28_18_34_03_285.jpg,/home/esteve/self-driving-ND/CarND-Behavioral-Cloning-P3/data_hard/IMG/right_2017_04_28_18_34_03_285.jpg,0.2255639,0,0,25.2686
/home/esteve/self-driving-ND/CarND-Behavioral-Cloning-P3/data_hard/IMG/center_2017_04_28_18_34_03_375.jpg,/home/esteve/self-driving-ND/CarND-Behavioral-Cloning-P3/data_hard/IMG/left_2017_04_28_18_34_03_375.jpg,/home/esteve/self-driving-ND/CarND-Behavioral-Cloning-P3/data_hard/IMG/right_2017_04_28_18_34_03_375.jpg,0.1804511,0,0,25.06604
/home/esteve/self-driving-ND/CarND-Behavioral-Cloning-P3/data_hard/IMG/center_2017_04_28_18_34_03_459.jpg,/home/esteve/self-driving-ND/CarND-Behavioral-Cloning-P3/data_hard/IMG/left_2017_04_28_18_34_03_459.jpg,/home/esteve/self-driving-ND/CarND-Behavioral-Cloning-P3/data_hard/IMG/right_2017_04_28_18_34_03_459.jpg,0.1729323,0,0,24.86659
/home/esteve/self-driving-ND/CarND-Behavioral-Cloning-P3/data_hard/IMG/center_2017_04_28_18_34_03_550.jpg,/home/esteve/self-driving-ND/CarND-Behavioral-Cloning-P3/data_hard/IMG/left_2017_04_28_18_34_03_550.jpg,/home/esteve/self-driving-ND/CarND-Behavioral-Cloning-P3/data_hard/IMG/right_2017_04_28_18_34_03_550.jpg,0.2105263,0,0,24.61511
/home/esteve/self-driving-ND/CarND-Behavioral-Cloning-P3/data_hard/IMG/center_2017_04_28_18_34_03_635.jpg,/home/esteve/self-driving-ND/CarND-Behavioral-Cloning-P3/data_hard/IMG/left_2017_04_28_18_34_03_635.jpg,/home/esteve/self-driving-ND/CarND-Behavioral-Cloning-P3/data_hard/IMG/right_2017_04_28_18_34_03_635.jpg,0.2631579,0,0,24.40602
/home/esteve/self-driving-ND/CarND-Behavioral-Cloning-P3/data_hard/IMG/center_2017_04_28_18_34_03_720.jpg,/home/esteve/self-driving-ND/CarND-Behavioral-Cloning-P3/data_hard/IMG/left_2017_04_28_18_34_03_720.jpg,/home/esteve/self-driving-ND/CarND-Behavioral-Cloning-P3/data_hard/IMG/right_2017_04_28_18_34_03_720.jpg,0.3233083,0,0,24.18287
/home/esteve/self-driving-ND/CarND-Behavioral-Cloning-P3/data_hard/IMG/center_2017_04_28_18_34_03_791.jpg,/home/esteve/self-driving-ND/CarND-Behavioral-Cloning-P3/data_hard/IMG/left_2017_04_28_18_34_03_791.jpg,/home/esteve/self-driving-ND/CarND-Behavioral-Cloning-P3/data_hard/IMG/right_2017_04_28_18_34_03_791.jpg,0.3233083,0,0,23.96965
/home/esteve/self-driving-ND/CarND-Behavioral-Cloning-P3/data_hard/IMG/center_2017_04_28_18_34_03_864.jpg,/home/esteve/self-driving-ND/CarND-Behavioral-Cloning-P3/data_hard/IMG/left_2017_04_28_18_34_03_864.jpg,/home/esteve/self-driving-ND/CarND-Behavioral-Cloning-P3/data_hard/IMG/right_2017_04_28_18_34_03_864.jpg,0.3233083,0,0,23.76556
/home/esteve/self-driving-ND/CarND-Behavioral-Cloning-P3/data_hard/IMG/center_2017_04_28_18_34_03_953.jpg,/home/esteve/self-driving-ND/CarND-Behavioral-Cloning-P3/data_hard/IMG/left_2017_04_28_18_34_03_953.jpg,/home/esteve/self-driving-ND/CarND-Behavioral-Cloning-P3/data_hard/IMG/right_2017_04_28_18_34_03_953.jpg,0.3233083,0,0,23.56674
/home/esteve/self-driving-ND/CarND-Behavioral-Cloning-P3/data_hard/IMG/center_2017_04_28_18_34_04_036.jpg,/home/esteve/self-driving-ND/CarND-Behavioral-Cloning-P3/data_hard/IMG/left_2017_04_28_18_34_04_036.jpg,/home/esteve/self-driving-ND/CarND-Behavioral-Cloning-P3/data_hard/IMG/right_2017_04_28_18_34_04_036.jpg,0.3007519,0,0,23.37281
/home/esteve/self-driving-ND/CarND-Behavioral-Cloning-P3/data_hard/IMG/center_2017_04_28_18_34_04_123.jpg,/home/esteve/self-driving-ND/CarND-Behavioral-Cloning-P3/data_hard/IMG/left_2017_04_28_18_34_04_123.jpg,/home/esteve/self-driving-ND/CarND-Behavioral-Cloning-P3/data_hard/IMG/right_2017_04_28_18_34_04_123.jpg,0.1428571,0,0,23.14865
/home/esteve/self-driving-ND/CarND-Behavioral-Cloning-P3/data_hard/IMG/center_2017_04_28_18_34_04_212.jpg,/home/esteve/self-driving-ND/CarND-Behavioral-Cloning-P3/data_hard/IMG/left_2017_04_28_18_34_04_212.jpg,/home/esteve/self-driving-ND/CarND-Behavioral-Cloning-P3/data_hard/IMG/right_2017_04_28_18_34_04_212.jpg,0.007518797,0,0,22.9608
/home/esteve/self-driving-ND/CarND-Behavioral-Cloning-P3/data_hard/IMG/center_2017_04_28_18_34_04_296.jpg,/home/esteve/self-driving-ND/CarND-Behavioral-Cloning-P3/data_hard/IMG/left_2017_04_28_18_34_04_296.jpg,/home/esteve/self-driving-ND/CarND-Behavioral-Cloning-P3/data_hard/IMG/right_2017_04_28_18_34_04_296.jpg,0,0,0,22.77242
/home/esteve/self-driving-ND/CarND-Behavioral-Cloning-P3/data_hard/IMG/center_2017_04_28_18_34_04_386.jpg,/home/esteve/self-driving-ND/CarND-Behavioral-Cloning-P3/data_hard/IMG/left_2017_04_28_18_34_04_386.jpg,/home/esteve/self-driving-ND/CarND-Behavioral-Cloning-P3/data_hard/IMG/right_2017_04_28_18_34_04_386.jpg,0,0,0,22.54326
/home/esteve/self-driving-ND/CarND-Behavioral-Cloning-P3/data_hard/IMG/center_2017_04_28_18_34_04_471.jpg,/home/esteve/self-driving-ND/CarND-Behavioral-Cloning-P3/data_hard/IMG/left_2017_04_28_18_34_04_471.jpg,/home/esteve/self-driving-ND/CarND-Behavioral-Cloning-P3/data_hard/IMG/right_2017_04_28_18_34_04_471.jpg,-0.07518797,0,0,22.35832
/home/esteve/self-driving-ND/CarND-Behavioral-Cloning-P3/data_hard/IMG/center_2017_04_28_18_34_04_538.jpg,/home/esteve/self-driving-ND/CarND-Behavioral-Cloning-P3/data_hard/IMG/left_2017_04_28_18_34_04_538.jpg,/home/esteve/self-driving-ND/CarND-Behavioral-Cloning-P3/data_hard/IMG/right_2017_04_28_18_34_04_538.jpg,-0.09022556,0,0,22.21819
/home/esteve/self-driving-ND/CarND-Behavioral-Cloning-P3/data_hard/IMG/center_2017_04_28_18_34_04_630.jpg,/home/esteve/self-driving-ND/CarND-Behavioral-Cloning-P3/data_hard/IMG/left_2017_04_28_18_34_04_630.jpg,/home/esteve/self-driving-ND/CarND-Behavioral-Cloning-P3/data_hard/IMG/right_2017_04_28_18_34_04_630.jpg,-0.1729323,0,0,21.98411
/home/esteve/self-driving-ND/CarND-Behavioral-Cloning-P3/data_hard/IMG/center_2017_04_28_18_34_04_715.jpg,/home/esteve/self-driving-ND/CarND-Behavioral-Cloning-P3/data_hard/IMG/left_2017_04_28_18_34_04_715.jpg,/home/esteve/self-driving-ND/CarND-Behavioral-Cloning-P3/data_hard/IMG/right_2017_04_28_18_34_04_715.jpg,-0.368421,0,0,21.74322
/home/esteve/self-driving-ND/CarND-Behavioral-Cloning-P3/data_hard/IMG/center_2017_04_28_18_34_04_787.jpg,/home/esteve/self-driving-ND/CarND-Behavioral-Cloning-P3/data_hard/IMG/left_2017_04_28_18_34_04_787.jpg,/home/esteve/self-driving-ND/CarND-Behavioral-Cloning-P3/data_hard/IMG/right_2017_04_28_18_34_04_787.jpg,-0.3759399,0,0,21.51856
/home/esteve/self-driving-ND/CarND-Behavioral-Cloning-P3/data_hard/IMG/center_2017_04_28_18_34_04_859.jpg,/home/esteve/self-driving-ND/CarND-Behavioral-Cloning-P3/data_hard/IMG/left_2017_04_28_18_34_04_859.jpg,/home/esteve/self-driving-ND/CarND-Behavioral-Cloning-P3/data_hard/IMG/right_2017_04_28_18_34_04_859.jpg,-0.3759399,0,0,21.3698
/home/esteve/self-driving-ND/CarND-Behavioral-Cloning-P3/data_hard/IMG/center_2017_04_28_18_34_04_947.jpg,/home/esteve/self-driving-ND/CarND-Behavioral-Cloning-P3/data_hard/IMG/left_2017_04_28_18_34_04_947.jpg,/home/esteve/self-driving-ND/CarND-Behavioral-Cloning-P3/data_hard/IMG/right_2017_04_28_18_34_04_947.jpg,-0.3759399,0,0,21.13715
/home/esteve/self-driving-ND/CarND-Behavioral-Cloning-P3/data_hard/IMG/center_2017_04_28_18_34_05_033.jpg,/home/esteve/self-driving-ND/CarND-Behavioral-Cloning-P3/data_hard/IMG/left_2017_04_28_18_34_05_033.jpg,/home/esteve/self-driving-ND/CarND-Behavioral-Cloning-P3/data_hard/IMG/right_2017_04_28_18_34_05_033.jpg,-0.3759399,0,0,20.95899
/home/esteve/self-driving-ND/CarND-Behavioral-Cloning-P3/data_hard/IMG/center_2017_04_28_18_34_05_115.jpg,/home/esteve/self-driving-ND/CarND-Behavioral-Cloning-P3/data_hard/IMG/left_2017_04_28_18_34_05_115.jpg,/home/esteve/self-driving-ND/CarND-Behavioral-Cloning-P3/data_hard/IMG/right_2017_04_28_18_34_05_115.jpg,-0.3759399,0,0,20.78466
/home/esteve/self-driving-ND/CarND-Behavioral-Cloning-P3/data_hard/IMG/center_2017_04_28_18_34_05_204.jpg,/home/esteve/self-driving-ND/CarND-Behavioral-Cloning-P3/data_hard/IMG/left_2017_04_28_18_34_05_204.jpg,/home/esteve/self-driving-ND/CarND-Behavioral-Cloning-P3/data_hard/IMG/right_2017_04_28_18_34_05_204.jpg,-0.3759399,0,0,20.57096
/home/esteve/self-driving-ND/CarND-Behavioral-Cloning-P3/data_hard/IMG/center_2017_04_28_18_34_05_288.jpg,/home/esteve/self-driving-ND/CarND-Behavioral-Cloning-P3/data_hard/IMG/left_2017_04_28_18_34_05_288.jpg,/home/esteve/self-driving-ND/CarND-Behavioral-Cloning-P3/data_hard/IMG/right_2017_04_28_18_34_05_288.jpg,-0.3909774,0,0,20.40088
/home/esteve/self-driving-ND/CarND-Behavioral-Cloning-P3/data_hard/IMG/center_2017_04_28_18_34_05_373.jpg,/home/esteve/self-driving-ND/CarND-Behavioral-Cloning-P3/data_hard/IMG/left_2017_04_28_18_34_05_373.jpg,/home/esteve/self-driving-ND/CarND-Behavioral-Cloning-P3/data_hard/IMG/right_2017_04_28_18_34_05_373.jpg,-0.5037594,0,0,20.05373
/home/esteve/self-driving-ND/CarND-Behavioral-Cloning-P3/data_hard/IMG/center_2017_04_28_18_34_05_462.jpg,/home/esteve/self-driving-ND/CarND-Behavioral-Cloning-P3/data_hard/IMG/left_2017_04_28_18_34_05_462.jpg,/home/esteve/self-driving-ND/CarND-Behavioral-Cloning-P3/data_hard/IMG/right_2017_04_28_18_34_05_462.jpg,-0.5263158,0,0,19.64978
/home/esteve/self-driving-ND/CarND-Behavioral-Cloning-P3/data_hard/IMG/center_2017_04_28_18_34_05_548.jpg,/home/esteve/self-driving-ND/CarND-Behavioral-Cloning-P3/data_hard/IMG/left_2017_04_28_18_34_05_548.jpg,/home/esteve/self-driving-ND/CarND-Behavioral-Cloning-P3/data_hard/IMG/right_2017_04_28_18_34_05_548.jpg,-0.5413534,0,0,19.51108
/home/esteve/self-driving-ND/CarND-Behavioral-Cloning-P3/data_hard/IMG/center_2017_04_28_18_34_05_636.jpg,/home/esteve/self-driving-ND/CarND-Behavioral-Cloning-P3/data_hard/IMG/left_2017_04_28_18_34_05_636.jpg,/home/esteve/self-driving-ND/CarND-Behavioral-Cloning-P3/data_hard/IMG/right_2017_04_28_18_34_05_636.jpg,-0.5639098,0,0,19.31721
/home/esteve/self-driving-ND/CarND-Behavioral-Cloning-P3/data_hard/IMG/center_2017_04_28_18_34_05_725.jpg,/home/esteve/self-driving-ND/CarND-Behavioral-Cloning-P3/data_hard/IMG/left_2017_04_28_18_34_05_725.jpg,/home/esteve/self-driving-ND/CarND-Behavioral-Cloning-P3/data_hard/IMG/right_2017_04_28_18_34_05_725.jpg,-0.5864662,0,0,18.56939
/home/esteve/self-driving-ND/CarND-Behavioral-Cloning-P3/data_hard/IMG/center_2017_04_28_18_34_05_801.jpg,/home/esteve/self-driving-ND/CarND-Behavioral-Cloning-P3/data_hard/IMG/left_2017_04_28_18_34_05_801.jpg,/home/esteve/self-driving-ND/CarND-Behavioral-Cloning-P3/data_hard/IMG/right_2017_04_28_18_34_05_801.jpg,-0.593985,0,0,18.25673
/home/esteve/self-driving-ND/CarND-Behavioral-Cloning-P3/data_hard/IMG/center_2017_04_28_18_34_05_870.jpg,/home/esteve/self-driving-ND/CarND-Behavioral-Cloning-P3/data_hard/IMG/left_2017_04_28_18_34_05_870.jpg,/home/esteve/self-driving-ND/CarND-Behavioral-Cloning-P3/data_hard/IMG/right_2017_04_28_18_34_05_870.jpg,-0.593985,0,0,17.96483
/home/esteve/self-driving-ND/CarND-Behavioral-Cloning-P3/data_hard/IMG/center_2017_04_28_18_34_05_950.jpg,/home/esteve/self-driving-ND/CarND-Behavioral-Cloning-P3/data_hard/IMG/left_2017_04_28_18_34_05_950.jpg,/home/esteve/self-driving-ND/CarND-Behavioral-Cloning-P3/data_hard/IMG/right_2017_04_28_18_34_05_950.jpg,-0.593985,0,0,17.60573
/home/esteve/self-driving-ND/CarND-Behavioral-Cloning-P3/data_hard/IMG/center_2017_04_28_18_34_06_034.jpg,/home/esteve/self-driving-ND/CarND-Behavioral-Cloning-P3/data_hard/IMG/left_2017_04_28_18_34_06_034.jpg,/home/esteve/self-driving-ND/CarND-Behavioral-Cloning-P3/data_hard/IMG/right_2017_04_28_18_34_06_034.jpg,-0.593985,0.2520175,0,17.38611
/home/esteve/self-driving-ND/CarND-Behavioral-Cloning-P3/data_hard/IMG/center_2017_04_28_18_34_06_119.jpg,/home/esteve/self-driving-ND/CarND-Behavioral-Cloning-P3/data_hard/IMG/left_2017_04_28_18_34_06_119.jpg,/home/esteve/self-driving-ND/CarND-Behavioral-Cloning-P3/data_hard/IMG/right_2017_04_28_18_34_06_119.jpg,-0.593985,0.5043325,0,17.52672
/home/esteve/self-driving-ND/CarND-Behavioral-Cloning-P3/data_hard/IMG/center_2017_04_28_18_34_06_213.jpg,/home/esteve/self-driving-ND/CarND-Behavioral-Cloning-P3/data_hard/IMG/left_2017_04_28_18_34_06_213.jpg,/home/esteve/self-driving-ND/CarND-Behavioral-Cloning-P3/data_hard/IMG/right_2017_04_28_18_34_06_213.jpg,-0.593985,0.764838,0,17.31621
/home/esteve/self-driving-ND/CarND-Behavioral-Cloning-P3/data_hard/IMG/center_2017_04_28_18_34_06_295.jpg,/home/esteve/self-driving-ND/CarND-Behavioral-Cloning-P3/data_hard/IMG/left_2017_04_28_18_34_06_295.jpg,/home/esteve/self-driving-ND/CarND-Behavioral-Cloning-P3/data_hard/IMG/right_2017_04_28_18_34_06_295.jpg,-0.593985,0.7623746,0,17.3657
/home/esteve/self-driving-ND/CarND-Behavioral-Cloning-P3/data_hard/IMG/center_2017_04_28_18_34_06_372.jpg,/home/esteve/self-driving-ND/CarND-Behavioral-Cloning-P3/data_hard/IMG/left_2017_04_28_18_34_06_372.jpg,/home/esteve/self-driving-ND/CarND-Behavioral-Cloning-P3/data_hard/IMG/right_2017_04_28_18_34_06_372.jpg,-0.593985,0.5111904,0,17.57566
/home/esteve/self-driving-ND/CarND-Behavioral-Cloning-P3/data_hard/IMG/center_2017_04_28_18_34_06_455.jpg,/home/esteve/self-driving-ND/CarND-Behavioral-Cloning-P3/data_hard/IMG/left_2017_04_28_18_34_06_455.jpg,/home/esteve/self-driving-ND/CarND-Behavioral-Cloning-P3/data_hard/IMG/right_2017_04_28_18_34_06_455.jpg,-0.593985,0.2620733,0,17.37255
/home/esteve/self-driving-ND/CarND-Behavioral-Cloning-P3/data_hard/IMG/center_2017_04_28_18_34_06_531.jpg,/home/esteve/self-driving-ND/CarND-Behavioral-Cloning-P3/data_hard/IMG/left_2017_04_28_18_34_06_531.jpg,/home/esteve/self-driving-ND/CarND-Behavioral-Cloning-P3/data_hard/IMG/right_2017_04_28_18_34_06_531.jpg,-0.4887218,0.1554615,0,17.19183
/home/esteve/self-driving-ND/CarND-Behavioral-Cloning-P3/data_hard/IMG/center_2017_04_28_18_34_06_618.jpg,/home/esteve/self-driving-ND/CarND-Behavioral-Cloning-P3/data_hard/IMG/left_2017_04_28_18_34_06_618.jpg,/home/esteve/self-driving-ND/CarND-Behavioral-Cloning-P3/data_hard/IMG/right_2017_04_28_18_34_06_618.jpg,-0.3383459,0.3962932,0,16.89288
/home/esteve/self-driving-ND/CarND-Behavioral-Cloning-P3/data_hard/IMG/center_2017_04_28_18_34_06_693.jpg,/home/esteve/self-driving-ND/CarND-Behavioral-Cloning-P3/data_hard/IMG/left_2017_04_28_18_34_06_693.jpg,/home/esteve/self-driving-ND/CarND-Behavioral-Cloning-P3/data_hard/IMG/right_2017_04_28_18_34_06_693.jpg,-0.2857143,0.6399472,0,16.72332
/home/esteve/self-driving-ND/CarND-Behavioral-Cloning-P3/data_hard/IMG/center_2017_04_28_18_34_06_781.jpg,/home/esteve/self-driving-ND/CarND-Behavioral-Cloning-P3/data_hard/IMG/left_2017_04_28_18_34_06_781.jpg,/home/esteve/self-driving-ND/CarND-Behavioral-Cloning-P3/data_hard/IMG/right_2017_04_28_18_34_06_781.jpg,-0.2481203,0.8860581,0,17.08282
/home/esteve/self-driving-ND/CarND-Behavioral-Cloning-P3/data_hard/IMG/center_2017_04_28_18_34_06_848.jpg,/home/esteve/self-driving-ND/CarND-Behavioral-Cloning-P3/data_hard/IMG/left_2017_04_28_18_34_06_848.jpg,/home/esteve/self-driving-ND/CarND-Behavioral-Cloning-P3/data_hard/IMG/right_2017_04_28_18_34_06_848.jpg,-0.1804511,1,0,17.52485
/home/esteve/self-driving-ND/CarND-Behavioral-Cloning-P3/data_hard/IMG/center_2017_04_28_18_34_06_929.jpg,/home/esteve/self-driving-ND/CarND-Behavioral-Cloning-P3/data_hard/IMG/left_2017_04_28_18_34_06_929.jpg,/home/esteve/self-driving-ND/CarND-Behavioral-Cloning-P3/data_hard/IMG/right_2017_04_28_18_34_06_929.jpg,-0.1428571,1,0,17.94879
/home/esteve/self-driving-ND/CarND-Behavioral-Cloning-P3/data_hard/IMG/center_2017_04_28_18_34_07_010.jpg,/home/esteve/self-driving-ND/CarND-Behavioral-Cloning-P3/data_hard/IMG/left_2017_04_28_18_34_07_010.jpg,/home/esteve/self-driving-ND/CarND-Behavioral-Cloning-P3/data_hard/IMG/right_2017_04_28_18_34_07_010.jpg,-0.1052632,0.7571743,0,18.29805
/home/esteve/self-driving-ND/CarND-Behavioral-Cloning-P3/data_hard/IMG/center_2017_04_28_18_34_07_096.jpg,/home/esteve/self-driving-ND/CarND-Behavioral-Cloning-P3/data_hard/IMG/left_2017_04_28_18_34_07_096.jpg,/home/esteve/self-driving-ND/CarND-Behavioral-Cloning-P3/data_hard/IMG/right_2017_04_28_18_34_07_096.jpg,-0.09022556,0.518266,0,18.27175
/home/esteve/self-driving-ND/CarND-Behavioral-Cloning-P3/data_hard/IMG/center_2017_04_28_18_34_07_172.jpg,/home/esteve/self-driving-ND/CarND-Behavioral-Cloning-P3/data_hard/IMG/left_2017_04_28_18_34_07_172.jpg,/home/esteve/self-driving-ND/CarND-Behavioral-Cloning-P3/data_hard/IMG/right_2017_04_28_18_34_07_172.jpg,-0.09022556,0.5183532,0,18.08367
/home/esteve/self-driving-ND/CarND-Behavioral-Cloning-P3/data_hard/IMG/center_2017_04_28_18_34_07_258.jpg,/home/esteve/self-driving-ND/CarND-Behavioral-Cloning-P3/data_hard/IMG/left_2017_04_28_18_34_07_258.jpg,/home/esteve/self-driving-ND/CarND-Behavioral-Cloning-P3/data_hard/IMG/right_2017_04_28_18_34_07_258.jpg,-0.07518797,0.7585332,0,18.0178
/home/esteve/self-driving-ND/CarND-Behavioral-Cloning-P3/data_hard/IMG/center_2017_04_28_18_34_07_332.jpg,/home/esteve/self-driving-ND/CarND-Behavioral-Cloning-P3/data_hard/IMG/left_2017_04_28_18_34_07_332.jpg,/home/esteve/self-driving-ND/CarND-Behavioral-Cloning-P3/data_hard/IMG/right_2017_04_28_18_34_07_332.jpg,0,0.9995623,0,18.24223
/home/esteve/self-driving-ND/CarND-Behavioral-Cloning-P3/data_hard/IMG/center_2017_04_28_18_34_07_411.jpg,/home/esteve/self-driving-ND/CarND-Behavioral-Cloning-P3/data_hard/IMG/left_2017_04_28_18_34_07_411.jpg,/home/esteve/self-driving-ND/CarND-Behavioral-Cloning-P3/data_hard/IMG/right_2017_04_28_18_34_07_411.jpg,0.06015037,1,0,18.65814
/home/esteve/self-driving-ND/CarND-Behavioral-Cloning-P3/data_hard/IMG/center_2017_04_28_18_34_07_492.jpg,/home/esteve/self-driving-ND/CarND-Behavioral-Cloning-P3/data_hard/IMG/left_2017_04_28_18_34_07_492.jpg,/home/esteve/self-driving-ND/CarND-Behavioral-Cloning-P3/data_hard/IMG/right_2017_04_28_18_34_07_492.jpg,0.1428571,1,0,19.05697
/home/esteve/self-driving-ND/CarND-Behavioral-Cloning-P3/data_hard/IMG/center_2017_04_28_18_34_07_572.jpg,/home/esteve/self-driving-ND/CarND-Behavioral-Cloning-P3/data_hard/IMG/left_2017_04_28_18_34_07_572.jpg,/home/esteve/self-driving-ND/CarND-Behavioral-Cloning-P3/data_hard/IMG/right_2017_04_28_18_34_07_572.jpg,0.2030075,1,0,19.25862
/home/esteve/self-driving-ND/CarND-Behavioral-Cloning-P3/data_hard/IMG/center_2017_04_28_18_34_07_659.jpg,/home/esteve/self-driving-ND/CarND-Behavioral-Cloning-P3/data_hard/IMG/left_2017_04_28_18_34_07_659.jpg,/home/esteve/self-driving-ND/CarND-Behavioral-Cloning-P3/data_hard/IMG/right_2017_04_28_18_34_07_659.jpg,0.3007519,1,0,19.62767
/home/esteve/self-driving-ND/CarND-Behavioral-Cloning-P3/data_hard/IMG/center_2017_04_28_18_34_07_740.jpg,/home/esteve/self-driving-ND/CarND-Behavioral-Cloning-P3/data_hard/IMG/left_2017_04_28_18_34_07_740.jpg,/home/esteve/self-driving-ND/CarND-Behavioral-Cloning-P3/data_hard/IMG/right_2017_04_28_18_34_07_740.jpg,0.4436091,0.8140328,0,19.48009
/home/esteve/self-driving-ND/CarND-Behavioral-Cloning-P3/data_hard/IMG/center_2017_04_28_18_34_07_817.jpg,/home/esteve/self-driving-ND/CarND-Behavioral-Cloning-P3/data_hard/IMG/left_2017_04_28_18_34_07_817.jpg,/home/esteve/self-driving-ND/CarND-Behavioral-Cloning-P3/data_hard/IMG/right_2017_04_28_18_34_07_817.jpg,0.556391,0.5626934,0,19.25974
/home/esteve/self-driving-ND/CarND-Behavioral-Cloning-P3/data_hard/IMG/center_2017_04_28_18_34_07_909.jpg,/home/esteve/self-driving-ND/CarND-Behavioral-Cloning-P3/data_hard/IMG/left_2017_04_28_18_34_07_909.jpg,/home/esteve/self-driving-ND/CarND-Behavioral-Cloning-P3/data_hard/IMG/right_2017_04_28_18_34_07_909.jpg,0.5714286,0.3037629,0,19.38942
/home/esteve/self-driving-ND/CarND-Behavioral-Cloning-P3/data_hard/IMG/center_2017_04_28_18_34_07_983.jpg,/home/esteve/self-driving-ND/CarND-Behavioral-Cloning-P3/data_hard/IMG/left_2017_04_28_18_34_07_983.jpg,/home/esteve/self-driving-ND/CarND-Behavioral-Cloning-P3/data_hard/IMG/right_2017_04_28_18_34_07_983.jpg,0.5789474,0.0676899,0,18.85432
/home/esteve/self-driving-ND/CarND-Behavioral-Cloning-P3/data_hard/IMG/center_2017_04_28_18_34_08_062.jpg,/home/esteve/self-driving-ND/CarND-Behavioral-Cloning-P3/data_hard/IMG/left_2017_04_28_18_34_08_062.jpg,/home/esteve/self-driving-ND/CarND-Behavioral-Cloning-P3/data_hard/IMG/right_2017_04_28_18_34_08_062.jpg,0.593985,0,0,18.25913
/home/esteve/self-driving-ND/CarND-Behavioral-Cloning-P3/data_hard/IMG/center_2017_04_28_18_34_08_142.jpg,/home/esteve/self-driving-ND/CarND-Behavioral-Cloning-P3/data_hard/IMG/left_2017_04_28_18_34_08_142.jpg,/home/esteve/self-driving-ND/CarND-Behavioral-Cloning-P3/data_hard/IMG/right_2017_04_28_18_34_08_142.jpg,0.6090226,0,0,17.86353
/home/esteve/self-driving-ND/CarND-Behavioral-Cloning-P3/data_hard/IMG/center_2017_04_28_18_34_08_222.jpg,/home/esteve/self-driving-ND/CarND-Behavioral-Cloning-P3/data_hard/IMG/left_2017_04_28_18_34_08_222.jpg,/home/esteve/self-driving-ND/CarND-Behavioral-Cloning-P3/data_hard/IMG/right_2017_04_28_18_34_08_222.jpg,0.6240602,0,0,17.24044
/home/esteve/self-driving-ND/CarND-Behavioral-Cloning-P3/data_hard/IMG/center_2017_04_28_18_34_08_302.jpg,/home/esteve/self-driving-ND/CarND-Behavioral-Cloning-P3/data_hard/IMG/left_2017_04_28_18_34_08_302.jpg,/home/esteve/self-driving-ND/CarND-Behavioral-Cloning-P3/data_hard/IMG/right_2017_04_28_18_34_08_302.jpg,0.6240602,0,0,17.42122
/home/esteve/self-driving-ND/CarND-Behavioral-Cloning-P3/data_hard/IMG/center_2017_04_28_18_34_08_388.jpg,/home/esteve/self-driving-ND/CarND-Behavioral-Cloning-P3/data_hard/IMG/left_2017_04_28_18_34_08_388.jpg,/home/esteve/self-driving-ND/CarND-Behavioral-Cloning-P3/data_hard/IMG/right_2017_04_28_18_34_08_388.jpg,0.6240602,0,0,16.64521
/home/esteve/self-driving-ND/CarND-Behavioral-Cloning-P3/data_hard/IMG/center_2017_04_28_18_34_08_468.jpg,/home/esteve/self-driving-ND/CarND-Behavioral-Cloning-P3/data_hard/IMG/left_2017_04_28_18_34_08_468.jpg,/home/esteve/self-driving-ND/CarND-Behavioral-Cloning-P3/data_hard/IMG/right_2017_04_28_18_34_08_468.jpg,0.6240602,0,0,16.31405
/home/esteve/self-driving-ND/CarND-Behavioral-Cloning-P3/data_hard/IMG/center_2017_04_28_18_34_08_543.jpg,/home/esteve/self-driving-ND/CarND-Behavioral-Cloning-P3/data_hard/IMG/left_2017_04_28_18_34_08_543.jpg,/home/esteve/self-driving-ND/CarND-Behavioral-Cloning-P3/data_hard/IMG/right_2017_04_28_18_34_08_543.jpg,0.5112782,0,0,16.13428
/home/esteve/self-driving-ND/CarND-Behavioral-Cloning-P3/data_hard/IMG/center_2017_04_28_18_34_08_623.jpg,/home/esteve/self-driving-ND/CarND-Behavioral-Cloning-P3/data_hard/IMG/left_2017_04_28_18_34_08_623.jpg,/home/esteve/self-driving-ND/CarND-Behavioral-Cloning-P3/data_hard/IMG/right_2017_04_28_18_34_08_623.jpg,0.4962406,0,0,15.95171
/home/esteve/self-driving-ND/CarND-Behavioral-Cloning-P3/data_hard/IMG/center_2017_04_28_18_34_08_701.jpg,/home/esteve/self-driving-ND/CarND-Behavioral-Cloning-P3/data_hard/IMG/left_2017_04_28_18_34_08_701.jpg,/home/esteve/self-driving-ND/CarND-Behavioral-Cloning-P3/data_hard/IMG/right_2017_04_28_18_34_08_701.jpg,0.4586466,0,0,16.03277
/home/esteve/self-driving-ND/CarND-Behavioral-Cloning-P3/data_hard/IMG/center_2017_04_28_18_34_08_782.jpg,/home/esteve/self-driving-ND/CarND-Behavioral-Cloning-P3/data_hard/IMG/left_2017_04_28_18_34_08_782.jpg,/home/esteve/self-driving-ND/CarND-Behavioral-Cloning-P3/data_hard/IMG/right_2017_04_28_18_34_08_782.jpg,0.4360902,0,0,15.60528
/home/esteve/self-driving-ND/CarND-Behavioral-Cloning-P3/data_hard/IMG/center_2017_04_28_18_34_08_869.jpg,/home/esteve/self-driving-ND/CarND-Behavioral-Cloning-P3/data_hard/IMG/left_2017_04_28_18_34_08_869.jpg,/home/esteve/self-driving-ND/CarND-Behavioral-Cloning-P3/data_hard/IMG/right_2017_04_28_18_34_08_869.jpg,0.4360902,0,0,15.43986
/home/esteve/self-driving-ND/CarND-Behavioral-Cloning-P3/data_hard/IMG/center_2017_04_28_18_34_08_954.jpg,/home/esteve/self-driving-ND/CarND-Behavioral-Cloning-P3/data_hard/IMG/left_2017_04_28_18_34_08_954.jpg,/home/esteve/self-driving-ND/CarND-Behavioral-Cloning-P3/data_hard/IMG/right_2017_04_28_18_34_08_954.jpg,0.4736842,0,0,15.21497
/home/esteve/self-driving-ND/CarND-Behavioral-Cloning-P3/data_hard/IMG/center_2017_04_28_18_34_09_035.jpg,/home/esteve/self-driving-ND/CarND-Behavioral-Cloning-P3/data_hard/IMG/left_2017_04_28_18_34_09_035.jpg,/home/esteve/self-driving-ND/CarND-Behavioral-Cloning-P3/data_hard/IMG/right_2017_04_28_18_34_09_035.jpg,0.4962406,0.2441103,0,15.14659
/home/esteve/self-driving-ND/CarND-Behavioral-Cloning-P3/data_hard/IMG/center_2017_04_28_18_34_09_121.jpg,/home/esteve/self-driving-ND/CarND-Behavioral-Cloning-P3/data_hard/IMG/left_2017_04_28_18_34_09_121.jpg,/home/esteve/self-driving-ND/CarND-Behavioral-Cloning-P3/data_hard/IMG/right_2017_04_28_18_34_09_121.jpg,0.4586466,0.4848661,0,15.46469
/home/esteve/self-driving-ND/CarND-Behavioral-Cloning-P3/data_hard/IMG/center_2017_04_28_18_34_09_202.jpg,/home/esteve/self-driving-ND/CarND-Behavioral-Cloning-P3/data_hard/IMG/left_2017_04_28_18_34_09_202.jpg,/home/esteve/self-driving-ND/CarND-Behavioral-Cloning-P3/data_hard/IMG/right_2017_04_28_18_34_09_202.jpg,0.3157895,0.7264323,0,16.00483
/home/esteve/self-driving-ND/CarND-Behavioral-Cloning-P3/data_hard/IMG/center_2017_04_28_18_34_09_277.jpg,/home/esteve/self-driving-ND/CarND-Behavioral-Cloning-P3/data_hard/IMG/left_2017_04_28_18_34_09_277.jpg,/home/esteve/self-driving-ND/CarND-Behavioral-Cloning-P3/data_hard/IMG/right_2017_04_28_18_34_09_277.jpg,0.1654135,0.9683583,0,16.6934
/home/esteve/self-driving-ND/CarND-Behavioral-Cloning-P3/data_hard/IMG/center_2017_04_28_18_34_09_366.jpg,/home/esteve/self-driving-ND/CarND-Behavioral-Cloning-P3/data_hard/IMG/left_2017_04_28_18_34_09_366.jpg,/home/esteve/self-driving-ND/CarND-Behavioral-Cloning-P3/data_hard/IMG/right_2017_04_28_18_34_09_366.jpg,0.08270676,0.7870326,0,17.87934
/home/esteve/self-driving-ND/CarND-Behavioral-Cloning-P3/data_hard/IMG/center_2017_04_28_18_34_09_436.jpg,/home/esteve/self-driving-ND/CarND-Behavioral-Cloning-P3/data_hard/IMG/left_2017_04_28_18_34_09_436.jpg,/home/esteve/self-driving-ND/CarND-Behavioral-Cloning-P3/data_hard/IMG/right_2017_04_28_18_34_09_436.jpg,0.02255639,0.5771437,0,18.00468
/home/esteve/self-driving-ND/CarND-Behavioral-Cloning-P3/data_hard/IMG/center_2017_04_28_18_34_09_518.jpg,/home/esteve/self-driving-ND/CarND-Behavioral-Cloning-P3/data_hard/IMG/left_2017_04_28_18_34_09_518.jpg,/home/esteve/self-driving-ND/CarND-Behavioral-Cloning-P3/data_hard/IMG/right_2017_04_28_18_34_09_518.jpg,-0.07518797,0.331861,0,18.25038
/home/esteve/self-driving-ND/CarND-Behavioral-Cloning-P3/data_hard/IMG/center_2017_04_28_18_34_09_595.jpg,/home/esteve/self-driving-ND/CarND-Behavioral-Cloning-P3/data_hard/IMG/left_2017_04_28_18_34_09_595.jpg,/home/esteve/self-driving-ND/CarND-Behavioral-Cloning-P3/data_hard/IMG/right_2017_04_28_18_34_09_595.jpg,-0.1052632,0.344614,0,18.3408
/home/esteve/self-driving-ND/CarND-Behavioral-Cloning-P3/data_hard/IMG/center_2017_04_28_18_34_09_671.jpg,/home/esteve/self-driving-ND/CarND-Behavioral-Cloning-P3/data_hard/IMG/left_2017_04_28_18_34_09_671.jpg,/home/esteve/self-driving-ND/CarND-Behavioral-Cloning-P3/data_hard/IMG/right_2017_04_28_18_34_09_671.jpg,-0.1052632,0.5718851,0,18.66983
/home/esteve/self-driving-ND/CarND-Behavioral-Cloning-P3/data_hard/IMG/center_2017_04_28_18_34_09_750.jpg,/home/esteve/self-driving-ND/CarND-Behavioral-Cloning-P3/data_hard/IMG/left_2017_04_28_18_34_09_750.jpg,/home/esteve/self-driving-ND/CarND-Behavioral-Cloning-P3/data_hard/IMG/right_2017_04_28_18_34_09_750.jpg,-0.1052632,0.8096955,0,19.23945
/home/esteve/self-driving-ND/CarND-Behavioral-Cloning-P3/data_hard/IMG/center_2017_04_28_18_34_09_838.jpg,/home/esteve/self-driving-ND/CarND-Behavioral-Cloning-P3/data_hard/IMG/left_2017_04_28_18_34_09_838.jpg,/home/esteve/self-driving-ND/CarND-Behavioral-Cloning-P3/data_hard/IMG/right_2017_04_28_18_34_09_838.jpg,-0.1052632,1,0,20.04115
/home/esteve/self-driving-ND/CarND-Behavioral-Cloning-P3/data_hard/IMG/center_2017_04_28_18_34_09_919.jpg,/home/esteve/self-driving-ND/CarND-Behavioral-Cloning-P3/data_hard/IMG/left_2017_04_28_18_34_09_919.jpg,/home/esteve/self-driving-ND/CarND-Behavioral-Cloning-P3/data_hard/IMG/right_2017_04_28_18_34_09_919.jpg,-0.1052632,1,0,20.86931
/home/esteve/self-driving-ND/CarND-Behavioral-Cloning-P3/data_hard/IMG/center_2017_04_28_18_34_10_002.jpg,/home/esteve/self-driving-ND/CarND-Behavioral-Cloning-P3/data_hard/IMG/left_2017_04_28_18_34_10_002.jpg,/home/esteve/self-driving-ND/CarND-Behavioral-Cloning-P3/data_hard/IMG/right_2017_04_28_18_34_10_002.jpg,-0.1052632,1,0,21.68438
/home/esteve/self-driving-ND/CarND-Behavioral-Cloning-P3/data_hard/IMG/center_2017_04_28_18_34_10_080.jpg,/home/esteve/self-driving-ND/CarND-Behavioral-Cloning-P3/data_hard/IMG/left_2017_04_28_18_34_10_080.jpg,/home/esteve/self-driving-ND/CarND-Behavioral-Cloning-P3/data_hard/IMG/right_2017_04_28_18_34_10_080.jpg,-0.1052632,1,0,22.48954
/home/esteve/self-driving-ND/CarND-Behavioral-Cloning-P3/data_hard/IMG/center_2017_04_28_18_34_10_159.jpg,/home/esteve/self-driving-ND/CarND-Behavioral-Cloning-P3/data_hard/IMG/left_2017_04_28_18_34_10_159.jpg,/home/esteve/self-driving-ND/CarND-Behavioral-Cloning-P3/data_hard/IMG/right_2017_04_28_18_34_10_159.jpg,-0.1052632,1,0,23.28407
/home/esteve/self-driving-ND/CarND-Behavioral-Cloning-P3/data_hard/IMG/center_2017_04_28_18_34_10_238.jpg,/home/esteve/self-driving-ND/CarND-Behavioral-Cloning-P3/data_hard/IMG/left_2017_04_28_18_34_10_238.jpg,/home/esteve/self-driving-ND/CarND-Behavioral-Cloning-P3/data_hard/IMG/right_2017_04_28_18_34_10_238.jpg,-0.07518797,1,0,24.0689
/home/esteve/self-driving-ND/CarND-Behavioral-Cloning-P3/data_hard/IMG/center_2017_04_28_18_34_10_319.jpg,/home/esteve/self-driving-ND/CarND-Behavioral-Cloning-P3/data_hard/IMG/left_2017_04_28_18_34_10_319.jpg,/home/esteve/self-driving-ND/CarND-Behavioral-Cloning-P3/data_hard/IMG/right_2017_04_28_18_34_10_319.jpg,-0.04511278,1,0,24.8456
/home/esteve/self-driving-ND/CarND-Behavioral-Cloning-P3/data_hard/IMG/center_2017_04_28_18_34_10_397.jpg,/home/esteve/self-driving-ND/CarND-Behavioral-Cloning-P3/data_hard/IMG/left_2017_04_28_18_34_10_397.jpg,/home/esteve/self-driving-ND/CarND-Behavioral-Cloning-P3/data_hard/IMG/right_2017_04_28_18_34_10_397.jpg,-0.03007519,0.942193,0,25.61431
/home/esteve/self-driving-ND/CarND-Behavioral-Cloning-P3/data_hard/IMG/center_2017_04_28_18_34_10_477.jpg,/home/esteve/self-driving-ND/CarND-Behavioral-Cloning-P3/data_hard/IMG/left_2017_04_28_18_34_10_477.jpg,/home/esteve/self-driving-ND/CarND-Behavioral-Cloning-P3/data_hard/IMG/right_2017_04_28_18_34_10_477.jpg,-0.03007519,0.7026131,0,26.2098
/home/esteve/self-driving-ND/CarND-Behavioral-Cloning-P3/data_hard/IMG/center_2017_04_28_18_34_10_558.jpg,/home/esteve/self-driving-ND/CarND-Behavioral-Cloning-P3/data_hard/IMG/left_2017_04_28_18_34_10_558.jpg,/home/esteve/self-driving-ND/CarND-Behavioral-Cloning-P3/data_hard/IMG/right_2017_04_28_18_34_10_558.jpg,-0.03007519,0.4591179,0,26.5672
/home/esteve/self-driving-ND/CarND-Behavioral-Cloning-P3/data_hard/IMG/center_2017_04_28_18_34_10_639.jpg,/home/esteve/self-driving-ND/CarND-Behavioral-Cloning-P3/data_hard/IMG/left_2017_04_28_18_34_10_639.jpg,/home/esteve/self-driving-ND/CarND-Behavioral-Cloning-P3/data_hard/IMG/right_2017_04_28_18_34_10_639.jpg,-0.03007519,0.2179065,0,26.68899
/home/esteve/self-driving-ND/CarND-Behavioral-Cloning-P3/data_hard/IMG/center_2017_04_28_18_34_10_717.jpg,/home/esteve/self-driving-ND/CarND-Behavioral-Cloning-P3/data_hard/IMG/left_2017_04_28_18_34_10_717.jpg,/home/esteve/self-driving-ND/CarND-Behavioral-Cloning-P3/data_hard/IMG/right_2017_04_28_18_34_10_717.jpg,-0.03007519,0,0,26.58002
/home/esteve/self-driving-ND/CarND-Behavioral-Cloning-P3/data_hard/IMG/center_2017_04_28_18_34_10_799.jpg,/home/esteve/self-driving-ND/CarND-Behavioral-Cloning-P3/data_hard/IMG/left_2017_04_28_18_34_10_799.jpg,/home/esteve/self-driving-ND/CarND-Behavioral-Cloning-P3/data_hard/IMG/right_2017_04_28_18_34_10_799.jpg,-0.03007519,0,0,26.36431
/home/esteve/self-driving-ND/CarND-Behavioral-Cloning-P3/data_hard/IMG/center_2017_04_28_18_34_10_882.jpg,/home/esteve/self-driving-ND/CarND-Behavioral-Cloning-P3/data_hard/IMG/left_2017_04_28_18_34_10_882.jpg,/home/esteve/self-driving-ND/CarND-Behavioral-Cloning-P3/data_hard/IMG/right_2017_04_28_18_34_10_882.jpg,-0.03007519,0,0,26.09935
/home/esteve/self-driving-ND/CarND-Behavioral-Cloning-P3/data_hard/IMG/center_2017_04_28_18_34_10_962.jpg,/home/esteve/self-driving-ND/CarND-Behavioral-Cloning-P3/data_hard/IMG/left_2017_04_28_18_34_10_962.jpg,/home/esteve/self-driving-ND/CarND-Behavioral-Cloning-P3/data_hard/IMG/right_2017_04_28_18_34_10_962.jpg,-0.03007519,0,0,25.88948
/home/esteve/self-driving-ND/CarND-Behavioral-Cloning-P3/data_hard/IMG/center_2017_04_28_18_34_11_039.jpg,/home/esteve/self-driving-ND/CarND-Behavioral-Cloning-P3/data_hard/IMG/left_2017_04_28_18_34_11_039.jpg,/home/esteve/self-driving-ND/CarND-Behavioral-Cloning-P3/data_hard/IMG/right_2017_04_28_18_34_11_039.jpg,-0.03007519,0,0,25.73318
/home/esteve/self-driving-ND/CarND-Behavioral-Cloning-P3/data_hard/IMG/center_2017_04_28_18_34_11_118.jpg,/home/esteve/self-driving-ND/CarND-Behavioral-Cloning-P3/data_hard/IMG/left_2017_04_28_18_34_11_118.jpg,/home/esteve/self-driving-ND/CarND-Behavioral-Cloning-P3/data_hard/IMG/right_2017_04_28_18_34_11_118.jpg,-0.03007519,0,0,25.52623
/home/esteve/self-driving-ND/CarND-Behavioral-Cloning-P3/data_hard/IMG/center_2017_04_28_18_34_11_195.jpg,/home/esteve/self-driving-ND/CarND-Behavioral-Cloning-P3/data_hard/IMG/left_2017_04_28_18_34_11_195.jpg,/home/esteve/self-driving-ND/CarND-Behavioral-Cloning-P3/data_hard/IMG/right_2017_04_28_18_34_11_195.jpg,-0.03007519,0,0,25.32094
/home/esteve/self-driving-ND/CarND-Behavioral-Cloning-P3/data_hard/IMG/center_2017_04_28_18_34_11_274.jpg,/home/esteve/self-driving-ND/CarND-Behavioral-Cloning-P3/data_hard/IMG/left_2017_04_28_18_34_11_274.jpg,/home/esteve/self-driving-ND/CarND-Behavioral-Cloning-P3/data_hard/IMG/right_2017_04_28_18_34_11_274.jpg,-0.03007519,0,0,25.11731
/home/esteve/self-driving-ND/CarND-Behavioral-Cloning-P3/data_hard/IMG/center_2017_04_28_18_34_11_352.jpg,/home/esteve/self-driving-ND/CarND-Behavioral-Cloning-P3/data_hard/IMG/left_2017_04_28_18_34_11_352.jpg,/home/esteve/self-driving-ND/CarND-Behavioral-Cloning-P3/data_hard/IMG/right_2017_04_28_18_34_11_352.jpg,-0.03007519,0,0,24.91532
/home/esteve/self-driving-ND/CarND-Behavioral-Cloning-P3/data_hard/IMG/center_2017_04_28_18_34_11_430.jpg,/home/esteve/self-driving-ND/CarND-Behavioral-Cloning-P3/data_hard/IMG/left_2017_04_28_18_34_11_430.jpg,/home/esteve/self-driving-ND/CarND-Behavioral-Cloning-P3/data_hard/IMG/right_2017_04_28_18_34_11_430.jpg,-0.03007519,0,0,24.71494
/home/esteve/self-driving-ND/CarND-Behavioral-Cloning-P3/data_hard/IMG/center_2017_04_28_18_34_11_510.jpg,/home/esteve/self-driving-ND/CarND-Behavioral-Cloning-P3/data_hard/IMG/left_2017_04_28_18_34_11_510.jpg,/home/esteve/self-driving-ND/CarND-Behavioral-Cloning-P3/data_hard/IMG/right_2017_04_28_18_34_11_510.jpg,-0.03007519,0,0,24.51619
/home/esteve/self-driving-ND/CarND-Behavioral-Cloning-P3/data_hard/IMG/center_2017_04_28_18_34_11_588.jpg,/home/esteve/self-driving-ND/CarND-Behavioral-Cloning-P3/data_hard/IMG/left_2017_04_28_18_34_11_588.jpg,/home/esteve/self-driving-ND/CarND-Behavioral-Cloning-P3/data_hard/IMG/right_2017_04_28_18_34_11_588.jpg,-0.03007519,0,0,24.31903
/home/esteve/self-driving-ND/CarND-Behavioral-Cloning-P3/data_hard/IMG/center_2017_04_28_18_34_11_661.jpg,/home/esteve/self-driving-ND/CarND-Behavioral-Cloning-P3/data_hard/IMG/left_2017_04_28_18_34_11_661.jpg,/home/esteve/self-driving-ND/CarND-Behavioral-Cloning-P3/data_hard/IMG/right_2017_04_28_18_34_11_661.jpg,-0.03007519,0,0,24.1722
/home/esteve/self-driving-ND/CarND-Behavioral-Cloning-P3/data_hard/IMG/center_2017_04_28_18_34_11_738.jpg,/home/esteve/self-driving-ND/CarND-Behavioral-Cloning-P3/data_hard/IMG/left_2017_04_28_18_34_11_738.jpg,/home/esteve/self-driving-ND/CarND-Behavioral-Cloning-P3/data_hard/IMG/right_2017_04_28_18_34_11_738.jpg,-0.03007519,0,0,23.97782
/home/esteve/self-driving-ND/CarND-Behavioral-Cloning-P3/data_hard/IMG/center_2017_04_28_18_34_11_823.jpg,/home/esteve/self-driving-ND/CarND-Behavioral-Cloning-P3/data_hard/IMG/left_2017_04_28_18_34_11_823.jpg,/home/esteve/self-driving-ND/CarND-Behavioral-Cloning-P3/data_hard/IMG/right_2017_04_28_18_34_11_823.jpg,-0.007518797,0,0,23.73714
/home/esteve/self-driving-ND/CarND-Behavioral-Cloning-P3/data_hard/IMG/center_2017_04_28_18_34_11_902.jpg,/home/esteve/self-driving-ND/CarND-Behavioral-Cloning-P3/data_hard/IMG/left_2017_04_28_18_34_11_902.jpg,/home/esteve/self-driving-ND/CarND-Behavioral-Cloning-P3/data_hard/IMG/right_2017_04_28_18_34_11_902.jpg,0.007518797,0,0,23.59373
/home/esteve/self-driving-ND/CarND-Behavioral-Cloning-P3/data_hard/IMG/center_2017_04_28_18_34_11_981.jpg,/home/esteve/self-driving-ND/CarND-Behavioral-Cloning-P3/data_hard/IMG/left_2017_04_28_18_34_11_981.jpg,/home/esteve/self-driving-ND/CarND-Behavioral-Cloning-P3/data_hard/IMG/right_2017_04_28_18_34_11_981.jpg,0.007518797,0,0,23.40384
/home/esteve/self-driving-ND/CarND-Behavioral-Cloning-P3/data_hard/IMG/center_2017_04_28_18_34_12_058.jpg,/home/esteve/self-driving-ND/CarND-Behavioral-Cloning-P3/data_hard/IMG/left_2017_04_28_18_34_12_058.jpg,/home/esteve/self-driving-ND/CarND-Behavioral-Cloning-P3/data_hard/IMG/right_2017_04_28_18_34_12_058.jpg,0.007518797,0,0,23.21559
/home/esteve/self-driving-ND/CarND-Behavioral-Cloning-P3/data_hard/IMG/center_2017_04_28_18_34_12_141.jpg,/home/esteve/self-driving-ND/CarND-Behavioral-Cloning-P3/data_hard/IMG/left_2017_04_28_18_34_12_141.jpg,/home/esteve/self-driving-ND/CarND-Behavioral-Cloning-P3/data_hard/IMG/right_2017_04_28_18_34_12_141.jpg,0.007518797,0,0,23.02889
/home/esteve/self-driving-ND/CarND-Behavioral-Cloning-P3/data_hard/IMG/center_2017_04_28_18_34_12_219.jpg,/home/esteve/self-driving-ND/CarND-Behavioral-Cloning-P3/data_hard/IMG/left_2017_04_28_18_34_12_219.jpg,/home/esteve/self-driving-ND/CarND-Behavioral-Cloning-P3/data_hard/IMG/right_2017_04_28_18_34_12_219.jpg,0.007518797,0,0,22.84372
/home/esteve/self-driving-ND/CarND-Behavioral-Cloning-P3/data_hard/IMG/center_2017_04_28_18_34_12_297.jpg,/home/esteve/self-driving-ND/CarND-Behavioral-Cloning-P3/data_hard/IMG/left_2017_04_28_18_34_12_297.jpg,/home/esteve/self-driving-ND/CarND-Behavioral-Cloning-P3/data_hard/IMG/right_2017_04_28_18_34_12_297.jpg,0.007518797,0,0,22.66004
/home/esteve/self-driving-ND/CarND-Behavioral-Cloning-P3/data_hard/IMG/center_2017_04_28_18_34_12_372.jpg,/home/esteve/self-driving-ND/CarND-Behavioral-Cloning-P3/data_hard/IMG/left_2017_04_28_18_34_12_372.jpg,/home/esteve/self-driving-ND/CarND-Behavioral-Cloning-P3/data_hard/IMG/right_2017_04_28_18_34_12_372.jpg,0.007518797,0,0,22.47785
/home/esteve/self-driving-ND/CarND-Behavioral-Cloning-P3/data_hard/IMG/center_2017_04_28_18_34_12_445.jpg,/home/esteve/self-driving-ND/CarND-Behavioral-Cloning-P3/data_hard/IMG/left_2017_04_28_18_34_12_445.jpg,/home/esteve/self-driving-ND/CarND-Behavioral-Cloning-P3/data_hard/IMG/right_2017_04_28_18_34_12_445.jpg,0.007518797,0,0,22.29712
/home/esteve/self-driving-ND/CarND-Behavioral-Cloning-P3/data_hard/IMG/center_2017_04_28_18_34_12_522.jpg,/home/esteve/self-driving-ND/CarND-Behavioral-Cloning-P3/data_hard/IMG/left_2017_04_28_18_34_12_522.jpg,/home/esteve/self-driving-ND/CarND-Behavioral-Cloning-P3/data_hard/IMG/right_2017_04_28_18_34_12_522.jpg,0.007518797,0,0,22.11785
/home/esteve/self-driving-ND/CarND-Behavioral-Cloning-P3/data_hard/IMG/center_2017_04_28_18_34_12_596.jpg,/home/esteve/self-driving-ND/CarND-Behavioral-Cloning-P3/data_hard/IMG/left_2017_04_28_18_34_12_596.jpg,/home/esteve/self-driving-ND/CarND-Behavioral-Cloning-P3/data_hard/IMG/right_2017_04_28_18_34_12_596.jpg,0.01503759,0,0,21.9843
/home/esteve/self-driving-ND/CarND-Behavioral-Cloning-P3/data_hard/IMG/center_2017_04_28_18_34_12_673.jpg,/home/esteve/self-driving-ND/CarND-Behavioral-Cloning-P3/data_hard/IMG/left_2017_04_28_18_34_12_673.jpg,/home/esteve/self-driving-ND/CarND-Behavioral-Cloning-P3/data_hard/IMG/right_2017_04_28_18_34_12_673.jpg,0.02255639,0,0,21.80732
/home/esteve/self-driving-ND/CarND-Behavioral-Cloning-P3/data_hard/IMG/center_2017_04_28_18_34_12_752.jpg,/home/esteve/self-driving-ND/CarND-Behavioral-Cloning-P3/data_hard/IMG/left_2017_04_28_18_34_12_752.jpg,/home/esteve/self-driving-ND/CarND-Behavioral-Cloning-P3/data_hard/IMG/right_2017_04_28_18_34_12_752.jpg,0.02255639,0,0,21.63188
/home/esteve/self-driving-ND/CarND-Behavioral-Cloning-P3/data_hard/IMG/center_2017_04_28_18_34_12_837.jpg,/home/esteve/self-driving-ND/CarND-Behavioral-Cloning-P3/data_hard/IMG/left_2017_04_28_18_34_12_837.jpg,/home/esteve/self-driving-ND/CarND-Behavioral-Cloning-P3/data_hard/IMG/right_2017_04_28_18_34_12_837.jpg,0.02255639,0,0,21.45791
/home/esteve/self-driving-ND/CarND-Behavioral-Cloning-P3/data_hard/IMG/center_2017_04_28_18_34_12_925.jpg,/home/esteve/self-driving-ND/CarND-Behavioral-Cloning-P3/data_hard/IMG/left_2017_04_28_18_34_12_925.jpg,/home/esteve/self-driving-ND/CarND-Behavioral-Cloning-P3/data_hard/IMG/right_2017_04_28_18_34_12_925.jpg,0.02255639,0,0,21.24244
/home/esteve/self-driving-ND/CarND-Behavioral-Cloning-P3/data_hard/IMG/center_2017_04_28_18_34_13_002.jpg,/home/esteve/self-driving-ND/CarND-Behavioral-Cloning-P3/data_hard/IMG/left_2017_04_28_18_34_13_002.jpg,/home/esteve/self-driving-ND/CarND-Behavioral-Cloning-P3/data_hard/IMG/right_2017_04_28_18_34_13_002.jpg,0.06015037,0,0,21.07113
/home/esteve/self-driving-ND/CarND-Behavioral-Cloning-P3/data_hard/IMG/center_2017_04_28_18_34_13_090.jpg,/home/esteve/self-driving-ND/CarND-Behavioral-Cloning-P3/data_hard/IMG/left_2017_04_28_18_34_13_090.jpg,/home/esteve/self-driving-ND/CarND-Behavioral-Cloning-P3/data_hard/IMG/right_2017_04_28_18_34_13_090.jpg,0.1578947,0,0,20.88951
/home/esteve/self-driving-ND/CarND-Behavioral-Cloning-P3/data_hard/IMG/center_2017_04_28_18_34_13_165.jpg,/home/esteve/self-driving-ND/CarND-Behavioral-Cloning-P3/data_hard/IMG/left_2017_04_28_18_34_13_165.jpg,/home/esteve/self-driving-ND/CarND-Behavioral-Cloning-P3/data_hard/IMG/right_2017_04_28_18_34_13_165.jpg,0.1804511,0,0,20.70889
/home/esteve/self-driving-ND/CarND-Behavioral-Cloning-P3/data_hard/IMG/center_2017_04_28_18_34_13_240.jpg,/home/esteve/self-driving-ND/CarND-Behavioral-Cloning-P3/data_hard/IMG/left_2017_04_28_18_34_13_240.jpg,/home/esteve/self-driving-ND/CarND-Behavioral-Cloning-P3/data_hard/IMG/right_2017_04_28_18_34_13_240.jpg,0.2105263,0,0,20.57608
/home/esteve/self-driving-ND/CarND-Behavioral-Cloning-P3/data_hard/IMG/center_2017_04_28_18_34_13_318.jpg,/home/esteve/self-driving-ND/CarND-Behavioral-Cloning-P3/data_hard/IMG/left_2017_04_28_18_34_13_318.jpg,/home/esteve/self-driving-ND/CarND-Behavioral-Cloning-P3/data_hard/IMG/right_2017_04_28_18_34_13_318.jpg,0.3308271,0,0,20.38311
/home/esteve/self-driving-ND/CarND-Behavioral-Cloning-P3/data_hard/IMG/center_2017_04_28_18_34_13_397.jpg,/home/esteve/self-driving-ND/CarND-Behavioral-Cloning-P3/data_hard/IMG/left_2017_04_28_18_34_13_397.jpg,/home/esteve/self-driving-ND/CarND-Behavioral-Cloning-P3/data_hard/IMG/right_2017_04_28_18_34_13_397.jpg,0.3834586,0,0,20.17221
/home/esteve/self-driving-ND/CarND-Behavioral-Cloning-P3/data_hard/IMG/center_2017_04_28_18_34_13_474.jpg,/home/esteve/self-driving-ND/CarND-Behavioral-Cloning-P3/data_hard/IMG/left_2017_04_28_18_34_13_474.jpg,/home/esteve/self-driving-ND/CarND-Behavioral-Cloning-P3/data_hard/IMG/right_2017_04_28_18_34_13_474.jpg,0.3834586,0,0,19.98794
/home/esteve/self-driving-ND/CarND-Behavioral-Cloning-P3/data_hard/IMG/center_2017_04_28_18_34_13_551.jpg,/home/esteve/self-driving-ND/CarND-Behavioral-Cloning-P3/data_hard/IMG/left_2017_04_28_18_34_13_551.jpg,/home/esteve/self-driving-ND/CarND-Behavioral-Cloning-P3/data_hard/IMG/right_2017_04_28_18_34_13_551.jpg,0.3007519,0,0,19.82322
/home/esteve/self-driving-ND/CarND-Behavioral-Cloning-P3/data_hard/IMG/center_2017_04_28_18_34_13_625.jpg,/home/esteve/self-driving-ND/CarND-Behavioral-Cloning-P3/data_hard/IMG/left_2017_04_28_18_34_13_625.jpg,/home/esteve/self-driving-ND/CarND-Behavioral-Cloning-P3/data_hard/IMG/right_2017_04_28_18_34_13_625.jpg,0.1729323,0,0,19.69965
/home/esteve/self-driving-ND/CarND-Behavioral-Cloning-P3/data_hard/IMG/center_2017_04_28_18_34_13_701.jpg,/home/esteve/self-driving-ND/CarND-Behavioral-Cloning-P3/data_hard/IMG/left_2017_04_28_18_34_13_701.jpg,/home/esteve/self-driving-ND/CarND-Behavioral-Cloning-P3/data_hard/IMG/right_2017_04_28_18_34_13_701.jpg,0.1203007,0,0,19.62856
/home/esteve/self-driving-ND/CarND-Behavioral-Cloning-P3/data_hard/IMG/center_2017_04_28_18_34_13_779.jpg,/home/esteve/self-driving-ND/CarND-Behavioral-Cloning-P3/data_hard/IMG/left_2017_04_28_18_34_13_779.jpg,/home/esteve/self-driving-ND/CarND-Behavioral-Cloning-P3/data_hard/IMG/right_2017_04_28_18_34_13_779.jpg,0.09022556,0,0,19.58335
/home/esteve/self-driving-ND/CarND-Behavioral-Cloning-P3/data_hard/IMG/center_2017_04_28_18_34_13_859.jpg,/home/esteve/self-driving-ND/CarND-Behavioral-Cloning-P3/data_hard/IMG/left_2017_04_28_18_34_13_859.jpg,/home/esteve/self-driving-ND/CarND-Behavioral-Cloning-P3/data_hard/IMG/right_2017_04_28_18_34_13_859.jpg,0.09022556,0,0,19.55059
/home/esteve/self-driving-ND/CarND-Behavioral-Cloning-P3/data_hard/IMG/center_2017_04_28_18_34_13_936.jpg,/home/esteve/self-driving-ND/CarND-Behavioral-Cloning-P3/data_hard/IMG/left_2017_04_28_18_34_13_936.jpg,/home/esteve/self-driving-ND/CarND-Behavioral-Cloning-P3/data_hard/IMG/right_2017_04_28_18_34_13_936.jpg,0.09022556,0,0,19.60729
/home/esteve/self-driving-ND/CarND-Behavioral-Cloning-P3/data_hard/IMG/center_2017_04_28_18_34_14_016.jpg,/home/esteve/self-driving-ND/CarND-Behavioral-Cloning-P3/data_hard/IMG/left_2017_04_28_18_34_14_016.jpg,/home/esteve/self-driving-ND/CarND-Behavioral-Cloning-P3/data_hard/IMG/right_2017_04_28_18_34_14_016.jpg,0.09022556,0,0,19.77331
/home/esteve/self-driving-ND/CarND-Behavioral-Cloning-P3/data_hard/IMG/center_2017_04_28_18_34_14_092.jpg,/home/esteve/self-driving-ND/CarND-Behavioral-Cloning-P3/data_hard/IMG/left_2017_04_28_18_34_14_092.jpg,/home/esteve/self-driving-ND/CarND-Behavioral-Cloning-P3/data_hard/IMG/right_2017_04_28_18_34_14_092.jpg,0.112782,0,0,20.07975
/home/esteve/self-driving-ND/CarND-Behavioral-Cloning-P3/data_hard/IMG/center_2017_04_28_18_34_14_169.jpg,/home/esteve/self-driving-ND/CarND-Behavioral-Cloning-P3/data_hard/IMG/left_2017_04_28_18_34_14_169.jpg,/home/esteve/self-driving-ND/CarND-Behavioral-Cloning-P3/data_hard/IMG/right_2017_04_28_18_34_14_169.jpg,0.1278196,0,0,20.24995
/home/esteve/self-driving-ND/CarND-Behavioral-Cloning-P3/data_hard/IMG/center_2017_04_28_18_34_14_249.jpg,/home/esteve/self-driving-ND/CarND-Behavioral-Cloning-P3/data_hard/IMG/left_2017_04_28_18_34_14_249.jpg,/home/esteve/self-driving-ND/CarND-Behavioral-Cloning-P3/data_hard/IMG/right_2017_04_28_18_34_14_249.jpg,0.1278196,0,0,20.60771
/home/esteve/self-driving-ND/CarND-Behavioral-Cloning-P3/data_hard/IMG/center_2017_04_28_18_34_14_335.jpg,/home/esteve/self-driving-ND/CarND-Behavioral-Cloning-P3/data_hard/IMG/left_2017_04_28_18_34_14_335.jpg,/home/esteve/self-driving-ND/CarND-Behavioral-Cloning-P3/data_hard/IMG/right_2017_04_28_18_34_14_335.jpg,0.1578947,0,0,20.90047
/home/esteve/self-driving-ND/CarND-Behavioral-Cloning-P3/data_hard/IMG/center_2017_04_28_18_34_14_414.jpg,/home/esteve/self-driving-ND/CarND-Behavioral-Cloning-P3/data_hard/IMG/left_2017_04_28_18_34_14_414.jpg,/home/esteve/self-driving-ND/CarND-Behavioral-Cloning-P3/data_hard/IMG/right_2017_04_28_18_34_14_414.jpg,0.2030075,0,0,21.08831
/home/esteve/self-driving-ND/CarND-Behavioral-Cloning-P3/data_hard/IMG/center_2017_04_28_18_34_14_492.jpg,/home/esteve/self-driving-ND/CarND-Behavioral-Cloning-P3/data_hard/IMG/left_2017_04_28_18_34_14_492.jpg,/home/esteve/self-driving-ND/CarND-Behavioral-Cloning-P3/data_hard/IMG/right_2017_04_28_18_34_14_492.jpg,0.2105263,0,0,21.51921
/home/esteve/self-driving-ND/CarND-Behavioral-Cloning-P3/data_hard/IMG/center_2017_04_28_18_34_14_572.jpg,/home/esteve/self-driving-ND/CarND-Behavioral-Cloning-P3/data_hard/IMG/left_2017_04_28_18_34_14_572.jpg,/home/esteve/self-driving-ND/CarND-Behavioral-Cloning-P3/data_hard/IMG/right_2017_04_28_18_34_14_572.jpg,0.2255639,0,0,21.61116
/home/esteve/self-driving-ND/CarND-Behavioral-Cloning-P3/data_hard/IMG/center_2017_04_28_18_34_14_652.jpg,/home/esteve/self-driving-ND/CarND-Behavioral-Cloning-P3/data_hard/IMG/left_2017_04_28_18_34_14_652.jpg,/home/esteve/self-driving-ND/CarND-Behavioral-Cloning-P3/data_hard/IMG/right_2017_04_28_18_34_14_652.jpg,0.2932331,0,0,21.93688
/home/esteve/self-driving-ND/CarND-Behavioral-Cloning-P3/data_hard/IMG/center_2017_04_28_18_34_14_734.jpg,/home/esteve/self-driving-ND/CarND-Behavioral-Cloning-P3/data_hard/IMG/left_2017_04_28_18_34_14_734.jpg,/home/esteve/self-driving-ND/CarND-Behavioral-Cloning-P3/data_hard/IMG/right_2017_04_28_18_34_14_734.jpg,0.3759399,0,0,22.12459
/home/esteve/self-driving-ND/CarND-Behavioral-Cloning-P3/data_hard/IMG/center_2017_04_28_18_34_14_818.jpg,/home/esteve/self-driving-ND/CarND-Behavioral-Cloning-P3/data_hard/IMG/left_2017_04_28_18_34_14_818.jpg,/home/esteve/self-driving-ND/CarND-Behavioral-Cloning-P3/data_hard/IMG/right_2017_04_28_18_34_14_818.jpg,0.3759399,0,0,22.39312
/home/esteve/self-driving-ND/CarND-Behavioral-Cloning-P3/data_hard/IMG/center_2017_04_28_18_34_14_897.jpg,/home/esteve/self-driving-ND/CarND-Behavioral-Cloning-P3/data_hard/IMG/left_2017_04_28_18_34_14_897.jpg,/home/esteve/self-driving-ND/CarND-Behavioral-Cloning-P3/data_hard/IMG/right_2017_04_28_18_34_14_897.jpg,0.3233083,0,0,22.65913
/home/esteve/self-driving-ND/CarND-Behavioral-Cloning-P3/data_hard/IMG/center_2017_04_28_18_34_14_974.jpg,/home/esteve/self-driving-ND/CarND-Behavioral-Cloning-P3/data_hard/IMG/left_2017_04_28_18_34_14_974.jpg,/home/esteve/self-driving-ND/CarND-Behavioral-Cloning-P3/data_hard/IMG/right_2017_04_28_18_34_14_974.jpg,0.2180451,0,0,22.95605
/home/esteve/self-driving-ND/CarND-Behavioral-Cloning-P3/data_hard/IMG/center_2017_04_28_18_34_15_053.jpg,/home/esteve/self-driving-ND/CarND-Behavioral-Cloning-P3/data_hard/IMG/left_2017_04_28_18_34_15_053.jpg,/home/esteve/self-driving-ND/CarND-Behavioral-Cloning-P3/data_hard/IMG/right_2017_04_28_18_34_15_053.jpg,0.1353384,0,0,23.13542
/home/esteve/self-driving-ND/CarND-Behavioral-Cloning-P3/data_hard/IMG/center_2017_04_28_18_34_15_134.jpg,/home/esteve/self-driving-ND/CarND-Behavioral-Cloning-P3/data_hard/IMG/left_2017_04_28_18_34_15_134.jpg,/home/esteve/self-driving-ND/CarND-Behavioral-Cloning-P3/data_hard/IMG/right_2017_04_28_18_34_15_134.jpg,0.06766918,0,0,23.3593
/home/esteve/self-driving-ND/CarND-Behavioral-Cloning-P3/data_hard/IMG/center_2017_04_28_18_34_15_214.jpg,/home/esteve/self-driving-ND/CarND-Behavioral-Cloning-P3/data_hard/IMG/left_2017_04_28_18_34_15_214.jpg,/home/esteve/self-driving-ND/CarND-Behavioral-Cloning-P3/data_hard/IMG/right_2017_04_28_18_34_15_214.jpg,-0.007518797,0,0,23.54016
/home/esteve/self-driving-ND/CarND-Behavioral-Cloning-P3/data_hard/IMG/center_2017_04_28_18_34_15_293.jpg,/home/esteve/self-driving-ND/CarND-Behavioral-Cloning-P3/data_hard/IMG/left_2017_04_28_18_34_15_293.jpg,/home/esteve/self-driving-ND/CarND-Behavioral-Cloning-P3/data_hard/IMG/right_2017_04_28_18_34_15_293.jpg,-0.07518797,0,0,23.6728
/home/esteve/self-driving-ND/CarND-Behavioral-Cloning-P3/data_hard/IMG/center_2017_04_28_18_34_15_373.jpg,/home/esteve/self-driving-ND/CarND-Behavioral-Cloning-P3/data_hard/IMG/left_2017_04_28_18_34_15_373.jpg,/home/esteve/self-driving-ND/CarND-Behavioral-Cloning-P3/data_hard/IMG/right_2017_04_28_18_34_15_373.jpg,-0.1503759,0,0,23.82347
/home/esteve/self-driving-ND/CarND-Behavioral-Cloning-P3/data_hard/IMG/center_2017_04_28_18_34_15_453.jpg,/home/esteve/self-driving-ND/CarND-Behavioral-Cloning-P3/data_hard/IMG/left_2017_04_28_18_34_15_453.jpg,/home/esteve/self-driving-ND/CarND-Behavioral-Cloning-P3/data_hard/IMG/right_2017_04_28_18_34_15_453.jpg,-0.2105263,0,0,23.93274
/home/esteve/self-driving-ND/CarND-Behavioral-Cloning-P3/data_hard/IMG/center_2017_04_28_18_34_15_533.jpg,/home/esteve/self-driving-ND/CarND-Behavioral-Cloning-P3/data_hard/IMG/left_2017_04_28_18_34_15_533.jpg,/home/esteve/self-driving-ND/CarND-Behavioral-Cloning-P3/data_hard/IMG/right_2017_04_28_18_34_15_533.jpg,-0.3458647,0,0,24.11741
/home/esteve/self-driving-ND/CarND-Behavioral-Cloning-P3/data_hard/IMG/center_2017_04_28_18_34_15_613.jpg,/home/esteve/self-driving-ND/CarND-Behavioral-Cloning-P3/data_hard/IMG/left_2017_04_28_18_34_15_613.jpg,/home/esteve/self-driving-ND/CarND-Behavioral-Cloning-P3/data_hard/IMG/right_2017_04_28_18_34_15_613.jpg,-0.5037594,0,0,23.89496
/home/esteve/self-driving-ND/CarND-Behavioral-Cloning-P3/data_hard/IMG/center_2017_04_28_18_34_15_691.jpg,/home/esteve/self-driving-ND/CarND-Behavioral-Cloning-P3/data_hard/IMG/left_2017_04_28_18_34_15_691.jpg,/home/esteve/self-driving-ND/CarND-Behavioral-Cloning-P3/data_hard/IMG/right_2017_04_28_18_34_15_691.jpg,-0.5714286,0,0,23.42828
/home/esteve/self-driving-ND/CarND-Behavioral-Cloning-P3/data_hard/IMG/center_2017_04_28_18_34_15_766.jpg,/home/esteve/self-driving-ND/CarND-Behavioral-Cloning-P3/data_hard/IMG/left_2017_04_28_18_34_15_766.jpg,/home/esteve/self-driving-ND/CarND-Behavioral-Cloning-P3/data_hard/IMG/right_2017_04_28_18_34_15_766.jpg,-0.593985,0,0,23.47178
/home/esteve/self-driving-ND/CarND-Behavioral-Cloning-P3/data_hard/IMG/center_2017_04_28_18_34_15_843.jpg,/home/esteve/self-driving-ND/CarND-Behavioral-Cloning-P3/data_hard/IMG/left_2017_04_28_18_34_15_843.jpg,/home/esteve/self-driving-ND/CarND-Behavioral-Cloning-P3/data_hard/IMG/right_2017_04_28_18_34_15_843.jpg,-0.6165413,0,0,23.57186
/home/esteve/self-driving-ND/CarND-Behavioral-Cloning-P3/data_hard/IMG/center_2017_04_28_18_34_15_916.jpg,/home/esteve/self-driving-ND/CarND-Behavioral-Cloning-P3/data_hard/IMG/left_2017_04_28_18_34_15_916.jpg,/home/esteve/self-driving-ND/CarND-Behavioral-Cloning-P3/data_hard/IMG/right_2017_04_28_18_34_15_916.jpg,-0.6240602,0,0,23.68675
/home/esteve/self-driving-ND/CarND-Behavioral-Cloning-P3/data_hard/IMG/center_2017_04_28_18_34_15_993.jpg,/home/esteve/self-driving-ND/CarND-Behavioral-Cloning-P3/data_hard/IMG/left_2017_04_28_18_34_15_993.jpg,/home/esteve/self-driving-ND/CarND-Behavioral-Cloning-P3/data_hard/IMG/right_2017_04_28_18_34_15_993.jpg,-0.6240602,0,0,23.43603
/home/esteve/self-driving-ND/CarND-Behavioral-Cloning-P3/data_hard/IMG/center_2017_04_28_18_34_16_065.jpg,/home/esteve/self-driving-ND/CarND-Behavioral-Cloning-P3/data_hard/IMG/left_2017_04_28_18_34_16_065.jpg,/home/esteve/self-driving-ND/CarND-Behavioral-Cloning-P3/data_hard/IMG/right_2017_04_28_18_34_16_065.jpg,-0.6240602,0,0,23.24854
/home/esteve/self-driving-ND/CarND-Behavioral-Cloning-P3/data_hard/IMG/center_2017_04_28_18_34_16_134.jpg,/home/esteve/self-driving-ND/CarND-Behavioral-Cloning-P3/data_hard/IMG/left_2017_04_28_18_34_16_134.jpg,/home/esteve/self-driving-ND/CarND-Behavioral-Cloning-P3/data_hard/IMG/right_2017_04_28_18_34_16_134.jpg,-0.5789474,0,0,22.94932
/home/esteve/self-driving-ND/CarND-Behavioral-Cloning-P3/data_hard/IMG/center_2017_04_28_18_34_16_207.jpg,/home/esteve/self-driving-ND/CarND-Behavioral-Cloning-P3/data_hard/IMG/left_2017_04_28_18_34_16_207.jpg,/home/esteve/self-driving-ND/CarND-Behavioral-Cloning-P3/data_hard/IMG/right_2017_04_28_18_34_16_207.jpg,-0.5263158,0,0,22.85285
/home/esteve/self-driving-ND/CarND-Behavioral-Cloning-P3/data_hard/IMG/center_2017_04_28_18_34_16_280.jpg,/home/esteve/self-driving-ND/CarND-Behavioral-Cloning-P3/data_hard/IMG/left_2017_04_28_18_34_16_280.jpg,/home/esteve/self-driving-ND/CarND-Behavioral-Cloning-P3/data_hard/IMG/right_2017_04_28_18_34_16_280.jpg,-0.5112782,0,0,22.93149
/home/esteve/self-driving-ND/CarND-Behavioral-Cloning-P3/data_hard/IMG/center_2017_04_28_18_34_16_354.jpg,/home/esteve/self-driving-ND/CarND-Behavioral-Cloning-P3/data_hard/IMG/left_2017_04_28_18_34_16_354.jpg,/home/esteve/self-driving-ND/CarND-Behavioral-Cloning-P3/data_hard/IMG/right_2017_04_28_18_34_16_354.jpg,-0.5112782,0,0,22.7122
/home/esteve/self-driving-ND/CarND-Behavioral-Cloning-P3/data_hard/IMG/center_2017_04_28_18_34_16_432.jpg,/home/esteve/self-driving-ND/CarND-Behavioral-Cloning-P3/data_hard/IMG/left_2017_04_28_18_34_16_432.jpg,/home/esteve/self-driving-ND/CarND-Behavioral-Cloning-P3/data_hard/IMG/right_2017_04_28_18_34_16_432.jpg,-0.5112782,0,0,22.50815
/home/esteve/self-driving-ND/CarND-Behavioral-Cloning-P3/data_hard/IMG/center_2017_04_28_18_34_16_504.jpg,/home/esteve/self-driving-ND/CarND-Behavioral-Cloning-P3/data_hard/IMG/left_2017_04_28_18_34_16_504.jpg,/home/esteve/self-driving-ND/CarND-Behavioral-Cloning-P3/data_hard/IMG/right_2017_04_28_18_34_16_504.jpg,-0.5112782,0,0,22.31688
/home/esteve/self-driving-ND/CarND-Behavioral-Cloning-P3/data_hard/IMG/center_2017_04_28_18_34_16_579.jpg,/home/esteve/self-driving-ND/CarND-Behavioral-Cloning-P3/data_hard/IMG/left_2017_04_28_18_34_16_579.jpg,/home/esteve/self-driving-ND/CarND-Behavioral-Cloning-P3/data_hard/IMG/right_2017_04_28_18_34_16_579.jpg,-0.5112782,0,0,22.02211
/home/esteve/self-driving-ND/CarND-Behavioral-Cloning-P3/data_hard/IMG/center_2017_04_28_18_34_16_661.jpg,/home/esteve/self-driving-ND/CarND-Behavioral-Cloning-P3/data_hard/IMG/left_2017_04_28_18_34_16_661.jpg,/home/esteve/self-driving-ND/CarND-Behavioral-Cloning-P3/data_hard/IMG/right_2017_04_28_18_34_16_661.jpg,-0.3909774,0,0,21.8544
/home/esteve/self-driving-ND/CarND-Behavioral-Cloning-P3/data_hard/IMG/center_2017_04_28_18_34_16_730.jpg,/home/esteve/self-driving-ND/CarND-Behavioral-Cloning-P3/data_hard/IMG/left_2017_04_28_18_34_16_730.jpg,/home/esteve/self-driving-ND/CarND-Behavioral-Cloning-P3/data_hard/IMG/right_2017_04_28_18_34_16_730.jpg,-0.3533835,0.206847,0,21.78816
/home/esteve/self-driving-ND/CarND-Behavioral-Cloning-P3/data_hard/IMG/center_2017_04_28_18_34_16_806.jpg,/home/esteve/self-driving-ND/CarND-Behavioral-Cloning-P3/data_hard/IMG/left_2017_04_28_18_34_16_806.jpg,/home/esteve/self-driving-ND/CarND-Behavioral-Cloning-P3/data_hard/IMG/right_2017_04_28_18_34_16_806.jpg,-0.3308271,0.4341781,0,21.954
/home/esteve/self-driving-ND/CarND-Behavioral-Cloning-P3/data_hard/IMG/center_2017_04_28_18_34_16_887.jpg,/home/esteve/self-driving-ND/CarND-Behavioral-Cloning-P3/data_hard/IMG/left_2017_04_28_18_34_16_887.jpg,/home/esteve/self-driving-ND/CarND-Behavioral-Cloning-P3/data_hard/IMG/right_2017_04_28_18_34_16_887.jpg,-0.2481203,0.5650499,0,22.34979
/home/esteve/self-driving-ND/CarND-Behavioral-Cloning-P3/data_hard/IMG/center_2017_04_28_18_34_16_963.jpg,/home/esteve/self-driving-ND/CarND-Behavioral-Cloning-P3/data_hard/IMG/left_2017_04_28_18_34_16_963.jpg,/home/esteve/self-driving-ND/CarND-Behavioral-Cloning-P3/data_hard/IMG/right_2017_04_28_18_34_16_963.jpg,-0.1578947,0.3371816,0,22.62172
/home/esteve/self-driving-ND/CarND-Behavioral-Cloning-P3/data_hard/IMG/center_2017_04_28_18_34_17_040.jpg,/home/esteve/self-driving-ND/CarND-Behavioral-Cloning-P3/data_hard/IMG/left_2017_04_28_18_34_17_040.jpg,/home/esteve/self-driving-ND/CarND-Behavioral-Cloning-P3/data_hard/IMG/right_2017_04_28_18_34_17_040.jpg,-0.1278196,0.1055009,0,22.73915
/home/esteve/self-driving-ND/CarND-Behavioral-Cloning-P3/data_hard/IMG/center_2017_04_28_18_34_17_108.jpg,/home/esteve/self-driving-ND/CarND-Behavioral-Cloning-P3/data_hard/IMG/left_2017_04_28_18_34_17_108.jpg,/home/esteve/self-driving-ND/CarND-Behavioral-Cloning-P3/data_hard/IMG/right_2017_04_28_18_34_17_108.jpg,-0.1353384,0,0,22.60498
/home/esteve/self-driving-ND/CarND-Behavioral-Cloning-P3/data_hard/IMG/center_2017_04_28_18_34_17_187.jpg,/home/esteve/self-driving-ND/CarND-Behavioral-Cloning-P3/data_hard/IMG/left_2017_04_28_18_34_17_187.jpg,/home/esteve/self-driving-ND/CarND-Behavioral-Cloning-P3/data_hard/IMG/right_2017_04_28_18_34_17_187.jpg,-0.2180451,0,0,22.42506
/home/esteve/self-driving-ND/CarND-Behavioral-Cloning-P3/data_hard/IMG/center_2017_04_28_18_34_17_259.jpg,/home/esteve/self-driving-ND/CarND-Behavioral-Cloning-P3/data_hard/IMG/left_2017_04_28_18_34_17_259.jpg,/home/esteve/self-driving-ND/CarND-Behavioral-Cloning-P3/data_hard/IMG/right_2017_04_28_18_34_17_259.jpg,-0.3233083,0,0,22.1261
/home/esteve/self-driving-ND/CarND-Behavioral-Cloning-P3/data_hard/IMG/center_2017_04_28_18_34_17_335.jpg,/home/esteve/self-driving-ND/CarND-Behavioral-Cloning-P3/data_hard/IMG/left_2017_04_28_18_34_17_335.jpg,/home/esteve/self-driving-ND/CarND-Behavioral-Cloning-P3/data_hard/IMG/right_2017_04_28_18_34_17_335.jpg,-0.3458647,0,0,21.91106
/home/esteve/self-driving-ND/CarND-Behavioral-Cloning-P3/data_hard/IMG/center_2017_04_28_18_34_17_411.jpg,/home/esteve/self-driving-ND/CarND-Behavioral-Cloning-P3/data_hard/IMG/left_2017_04_28_18_34_17_411.jpg,/home/esteve/self-driving-ND/CarND-Behavioral-Cloning-P3/data_hard/IMG/right_2017_04_28_18_34_17_411.jpg,-0.3458647,0.1718094,0,21.77947
/home/esteve/self-driving-ND/CarND-Behavioral-Cloning-P3/data_hard/IMG/center_2017_04_28_18_34_17_491.jpg,/home/esteve/self-driving-ND/CarND-Behavioral-Cloning-P3/data_hard/IMG/left_2017_04_28_18_34_17_491.jpg,/home/esteve/self-driving-ND/CarND-Behavioral-Cloning-P3/data_hard/IMG/right_2017_04_28_18_34_17_491.jpg,-0.3383459,0.0492568,0,21.76157
/home/esteve/self-driving-ND/CarND-Behavioral-Cloning-P3/data_hard/IMG/center_2017_04_28_18_34_17_567.jpg,/home/esteve/self-driving-ND/CarND-Behavioral-Cloning-P3/data_hard/IMG/left_2017_04_28_18_34_17_567.jpg,/home/esteve/self-driving-ND/CarND-Behavioral-Cloning-P3/data_hard/IMG/right_2017_04_28_18_34_17_567.jpg,-0.3308271,0,0,21.57192
/home/esteve/self-driving-ND/CarND-Behavioral-Cloning-P3/data_hard/IMG/center_2017_04_28_18_34_17_643.jpg,/home/esteve/self-driving-ND/CarND-Behavioral-Cloning-P3/data_hard/IMG/left_2017_04_28_18_34_17_643.jpg,/home/esteve/self-driving-ND/CarND-Behavioral-Cloning-P3/data_hard/IMG/right_2017_04_28_18_34_17_643.jpg,-0.2857143,0.1139224,0,21.42282
/home/esteve/self-driving-ND/CarND-Behavioral-Cloning-P3/data_hard/IMG/center_2017_04_28_18_34_17_720.jpg,/home/esteve/self-driving-ND/CarND-Behavioral-Cloning-P3/data_hard/IMG/left_2017_04_28_18_34_17_720.jpg,/home/esteve/self-driving-ND/CarND-Behavioral-Cloning-P3/data_hard/IMG/right_2017_04_28_18_34_17_720.jpg,-0.2330827,0.3432033,0,21.59713
/home/esteve/self-driving-ND/CarND-Behavioral-Cloning-P3/data_hard/IMG/center_2017_04_28_18_34_17_801.jpg,/home/esteve/self-driving-ND/CarND-Behavioral-Cloning-P3/data_hard/IMG/left_2017_04_28_18_34_17_801.jpg,/home/esteve/self-driving-ND/CarND-Behavioral-Cloning-P3/data_hard/IMG/right_2017_04_28_18_34_17_801.jpg,-0.1879699,0.5322061,0,21.87417
/home/esteve/self-driving-ND/CarND-Behavioral-Cloning-P3/data_hard/IMG/center_2017_04_28_18_34_17_877.jpg,/home/esteve/self-driving-ND/CarND-Behavioral-Cloning-P3/data_hard/IMG/left_2017_04_28_18_34_17_877.jpg,/home/esteve/self-driving-ND/CarND-Behavioral-Cloning-P3/data_hard/IMG/right_2017_04_28_18_34_17_877.jpg,-0.1729323,0.7187519,0,22.35898
/home/esteve/self-driving-ND/CarND-Behavioral-Cloning-P3/data_hard/IMG/center_2017_04_28_18_34_17_952.jpg,/home/esteve/self-driving-ND/CarND-Behavioral-Cloning-P3/data_hard/IMG/left_2017_04_28_18_34_17_952.jpg,/home/esteve/self-driving-ND/CarND-Behavioral-Cloning-P3/data_hard/IMG/right_2017_04_28_18_34_17_952.jpg,-0.1729323,0.4939227,0,22.75716
/home/esteve/self-driving-ND/CarND-Behavioral-Cloning-P3/data_hard/IMG/center_2017_04_28_18_34_18_026.jpg,/home/esteve/self-driving-ND/CarND-Behavioral-Cloning-P3/data_hard/IMG/left_2017_04_28_18_34_18_026.jpg,/home/esteve/self-driving-ND/CarND-Behavioral-Cloning-P3/data_hard/IMG/right_2017_04_28_18_34_18_026.jpg,-0.1729323,0.2710826,0,22.93991
/home/esteve/self-driving-ND/CarND-Behavioral-Cloning-P3/data_hard/IMG/center_2017_04_28_18_34_18_100.jpg,/home/esteve/self-driving-ND/CarND-Behavioral-Cloning-P3/data_hard/IMG/left_2017_04_28_18_34_18_100.jpg,/home/esteve/self-driving-ND/CarND-Behavioral-Cloning-P3/data_hard/IMG/right_2017_04_28_18_34_18_100.jpg,-0.1804511,0.327575,0,22.94602
/home/esteve/self-driving-ND/CarND-Behavioral-Cloning-P3/data_hard/IMG/center_2017_04_28_18_34_18_175.jpg,/home/esteve/self-driving-ND/CarND-Behavioral-Cloning-P3/data_hard/IMG/left_2017_04_28_18_34_18_175.jpg,/home/esteve/self-driving-ND/CarND-Behavioral-Cloning-P3/data_hard/IMG/right_2017_04_28_18_34_18_175.jpg,-0.2255639,0.5999029,0,23.22532
/home/esteve/self-driving-ND/CarND-Behavioral-Cloning-P3/data_hard/IMG/center_2017_04_28_18_34_18_248.jpg,/home/esteve/self-driving-ND/CarND-Behavioral-Cloning-P3/data_hard/IMG/left_2017_04_28_18_34_18_248.jpg,/home/esteve/self-driving-ND/CarND-Behavioral-Cloning-P3/data_hard/IMG/right_2017_04_28_18_34_18_248.jpg,-0.2255639,0.8203282,0,23.72088
/home/esteve/self-driving-ND/CarND-Behavioral-Cloning-P3/data_hard/IMG/center_2017_04_28_18_34_18_326.jpg,/home/esteve/self-driving-ND/CarND-Behavioral-Cloning-P3/data_hard/IMG/left_2017_04_28_18_34_18_326.jpg,/home/esteve/self-driving-ND/CarND-Behavioral-Cloning-P3/data_hard/IMG/right_2017_04_28_18_34_18_326.jpg,-0.2255639,0.5846064,0,24.21801
/home/esteve/self-driving-ND/CarND-Behavioral-Cloning-P3/data_hard/IMG/center_2017_04_28_18_34_18_401.jpg,/home/esteve/self-driving-ND/CarND-Behavioral-Cloning-P3/data_hard/IMG/left_2017_04_28_18_34_18_401.jpg,/home/esteve/self-driving-ND/CarND-Behavioral-Cloning-P3/data_hard/IMG/right_2017_04_28_18_34_18_401.jpg,-0.2556391,0.3619852,0,24.41949
/home/esteve/self-driving-ND/CarND-Behavioral-Cloning-P3/data_hard/IMG/center_2017_04_28_18_34_18_475.jpg,/home/esteve/self-driving-ND/CarND-Behavioral-Cloning-P3/data_hard/IMG/left_2017_04_28_18_34_18_475.jpg,/home/esteve/self-driving-ND/CarND-Behavioral-Cloning-P3/data_hard/IMG/right_2017_04_28_18_34_18_475.jpg,-0.3007519,0.2453785,0,24.45554
/home/esteve/self-driving-ND/CarND-Behavioral-Cloning-P3/data_hard/IMG/center_2017_04_28_18_34_18_551.jpg,/home/esteve/self-driving-ND/CarND-Behavioral-Cloning-P3/data_hard/IMG/left_2017_04_28_18_34_18_551.jpg,/home/esteve/self-driving-ND/CarND-Behavioral-Cloning-P3/data_hard/IMG/right_2017_04_28_18_34_18_551.jpg,-0.3233083,0.4735494,0,24.5941
/home/esteve/self-driving-ND/CarND-Behavioral-Cloning-P3/data_hard/IMG/center_2017_04_28_18_34_18_630.jpg,/home/esteve/self-driving-ND/CarND-Behavioral-Cloning-P3/data_hard/IMG/left_2017_04_28_18_34_18_630.jpg,/home/esteve/self-driving-ND/CarND-Behavioral-Cloning-P3/data_hard/IMG/right_2017_04_28_18_34_18_630.jpg,-0.3533835,0.3513651,0,24.82928
/home/esteve/self-driving-ND/CarND-Behavioral-Cloning-P3/data_hard/IMG/center_2017_04_28_18_34_18_703.jpg,/home/esteve/self-driving-ND/CarND-Behavioral-Cloning-P3/data_hard/IMG/left_2017_04_28_18_34_18_703.jpg,/home/esteve/self-driving-ND/CarND-Behavioral-Cloning-P3/data_hard/IMG/right_2017_04_28_18_34_18_703.jpg,-0.3533835,0.1335497,0,24.85787
/home/esteve/self-driving-ND/CarND-Behavioral-Cloning-P3/data_hard/IMG/center_2017_04_28_18_34_18_780.jpg,/home/esteve/self-driving-ND/CarND-Behavioral-Cloning-P3/data_hard/IMG/left_2017_04_28_18_34_18_780.jpg,/home/esteve/self-driving-ND/CarND-Behavioral-Cloning-P3/data_hard/IMG/right_2017_04_28_18_34_18_780.jpg,-0.3533835,0,0,24.73562
/home/esteve/self-driving-ND/CarND-Behavioral-Cloning-P3/data_hard/IMG/center_2017_04_28_18_34_18_861.jpg,/home/esteve/self-driving-ND/CarND-Behavioral-Cloning-P3/data_hard/IMG/left_2017_04_28_18_34_18_861.jpg,/home/esteve/self-driving-ND/CarND-Behavioral-Cloning-P3/data_hard/IMG/right_2017_04_28_18_34_18_861.jpg,-0.3533835,0.1321921,0,24.5552
/home/esteve/self-driving-ND/CarND-Behavioral-Cloning-P3/data_hard/IMG/center_2017_04_28_18_34_18_938.jpg,/home/esteve/self-driving-ND/CarND-Behavioral-Cloning-P3/data_hard/IMG/left_2017_04_28_18_34_18_938.jpg,/home/esteve/self-driving-ND/CarND-Behavioral-Cloning-P3/data_hard/IMG/right_2017_04_28_18_34_18_938.jpg,-0.3533835,0.1515999,0,24.56631
/home/esteve/self-driving-ND/CarND-Behavioral-Cloning-P3/data_hard/IMG/center_2017_04_28_18_34_19_016.jpg,/home/esteve/self-driving-ND/CarND-Behavioral-Cloning-P3/data_hard/IMG/left_2017_04_28_18_34_19_016.jpg,/home/esteve/self-driving-ND/CarND-Behavioral-Cloning-P3/data_hard/IMG/right_2017_04_28_18_34_19_016.jpg,-0.3533835,0,0,24.40968
/home/esteve/self-driving-ND/CarND-Behavioral-Cloning-P3/data_hard/IMG/center_2017_04_28_18_34_19_096.jpg,/home/esteve/self-driving-ND/CarND-Behavioral-Cloning-P3/data_hard/IMG/left_2017_04_28_18_34_19_096.jpg,/home/esteve/self-driving-ND/CarND-Behavioral-Cloning-P3/data_hard/IMG/right_2017_04_28_18_34_19_096.jpg,-0.3533835,0.2412479,0,24.31196
/home/esteve/self-driving-ND/CarND-Behavioral-Cloning-P3/data_hard/IMG/center_2017_04_28_18_34_19_170.jpg,/home/esteve/self-driving-ND/CarND-Behavioral-Cloning-P3/data_hard/IMG/left_2017_04_28_18_34_19_170.jpg,/home/esteve/self-driving-ND/CarND-Behavioral-Cloning-P3/data_hard/IMG/right_2017_04_28_18_34_19_170.jpg,-0.3533835,0.4630108,0,24.44668
/home/esteve/self-driving-ND/CarND-Behavioral-Cloning-P3/data_hard/IMG/center_2017_04_28_18_34_19_249.jpg,/home/esteve/self-driving-ND/CarND-Behavioral-Cloning-P3/data_hard/IMG/left_2017_04_28_18_34_19_249.jpg,/home/esteve/self-driving-ND/CarND-Behavioral-Cloning-P3/data_hard/IMG/right_2017_04_28_18_34_19_249.jpg,-0.3533835,0.226995,0,24.58248
/home/esteve/self-driving-ND/CarND-Behavioral-Cloning-P3/data_hard/IMG/center_2017_04_28_18_34_19_326.jpg,/home/esteve/self-driving-ND/CarND-Behavioral-Cloning-P3/data_hard/IMG/left_2017_04_28_18_34_19_326.jpg,/home/esteve/self-driving-ND/CarND-Behavioral-Cloning-P3/data_hard/IMG/right_2017_04_28_18_34_19_326.jpg,-0.3533835,0,0,24.49048
/home/esteve/self-driving-ND/CarND-Behavioral-Cloning-P3/data_hard/IMG/center_2017_04_28_18_34_19_407.jpg,/home/esteve/self-driving-ND/CarND-Behavioral-Cloning-P3/data_hard/IMG/left_2017_04_28_18_34_19_407.jpg,/home/esteve/self-driving-ND/CarND-Behavioral-Cloning-P3/data_hard/IMG/right_2017_04_28_18_34_19_407.jpg,-0.3533835,0,0,24.28696
/home/esteve/self-driving-ND/CarND-Behavioral-Cloning-P3/data_hard/IMG/center_2017_04_28_18_34_19_477.jpg,/home/esteve/self-driving-ND/CarND-Behavioral-Cloning-P3/data_hard/IMG/left_2017_04_28_18_34_19_477.jpg,/home/esteve/self-driving-ND/CarND-Behavioral-Cloning-P3/data_hard/IMG/right_2017_04_28_18_34_19_477.jpg,-0.3458647,0,0,24.13723
/home/esteve/self-driving-ND/CarND-Behavioral-Cloning-P3/data_hard/IMG/center_2017_04_28_18_34_19_554.jpg,/home/esteve/self-driving-ND/CarND-Behavioral-Cloning-P3/data_hard/IMG/left_2017_04_28_18_34_19_554.jpg,/home/esteve/self-driving-ND/CarND-Behavioral-Cloning-P3/data_hard/IMG/right_2017_04_28_18_34_19_554.jpg,-0.3383459,0,0,23.94024
/home/esteve/self-driving-ND/CarND-Behavioral-Cloning-P3/data_hard/IMG/center_2017_04_28_18_34_19_631.jpg,/home/esteve/self-driving-ND/CarND-Behavioral-Cloning-P3/data_hard/IMG/left_2017_04_28_18_34_19_631.jpg,/home/esteve/self-driving-ND/CarND-Behavioral-Cloning-P3/data_hard/IMG/right_2017_04_28_18_34_19_631.jpg,-0.3383459,0.1054831,0,23.76714
/home/esteve/self-driving-ND/CarND-Behavioral-Cloning-P3/data_hard/IMG/center_2017_04_28_18_34_19_714.jpg,/home/esteve/self-driving-ND/CarND-Behavioral-Cloning-P3/data_hard/IMG/left_2017_04_28_18_34_19_714.jpg,/home/esteve/self-driving-ND/CarND-Behavioral-Cloning-P3/data_hard/IMG/right_2017_04_28_18_34_19_714.jpg,-0.3383459,0.3520203,0,23.78706
/home/esteve/self-driving-ND/CarND-Behavioral-Cloning-P3/data_hard/IMG/center_2017_04_28_18_34_19_794.jpg,/home/esteve/self-driving-ND/CarND-Behavioral-Cloning-P3/data_hard/IMG/left_2017_04_28_18_34_19_794.jpg,/home/esteve/self-driving-ND/CarND-Behavioral-Cloning-P3/data_hard/IMG/right_2017_04_28_18_34_19_794.jpg,-0.3533835,0.2093847,0,23.91904
/home/esteve/self-driving-ND/CarND-Behavioral-Cloning-P3/data_hard/IMG/center_2017_04_28_18_34_19_879.jpg,/home/esteve/self-driving-ND/CarND-Behavioral-Cloning-P3/data_hard/IMG/left_2017_04_28_18_34_19_879.jpg,/home/esteve/self-driving-ND/CarND-Behavioral-Cloning-P3/data_hard/IMG/right_2017_04_28_18_34_19_879.jpg,-0.3609022,0,0,23.79913
/home/esteve/self-driving-ND/CarND-Behavioral-Cloning-P3/data_hard/IMG/center_2017_04_28_18_34_19_957.jpg,/home/esteve/self-driving-ND/CarND-Behavioral-Cloning-P3/data_hard/IMG/left_2017_04_28_18_34_19_957.jpg,/home/esteve/self-driving-ND/CarND-Behavioral-Cloning-P3/data_hard/IMG/right_2017_04_28_18_34_19_957.jpg,-0.3609022,0,0,23.60019
/home/esteve/self-driving-ND/CarND-Behavioral-Cloning-P3/data_hard/IMG/center_2017_04_28_18_34_20_036.jpg,/home/esteve/self-driving-ND/CarND-Behavioral-Cloning-P3/data_hard/IMG/left_2017_04_28_18_34_20_036.jpg,/home/esteve/self-driving-ND/CarND-Behavioral-Cloning-P3/data_hard/IMG/right_2017_04_28_18_34_20_036.jpg,-0.3609022,0,0,23.40413
/home/esteve/self-driving-ND/CarND-Behavioral-Cloning-P3/data_hard/IMG/center_2017_04_28_18_34_20_115.jpg,/home/esteve/self-driving-ND/CarND-Behavioral-Cloning-P3/data_hard/IMG/left_2017_04_28_18_34_20_115.jpg,/home/esteve/self-driving-ND/CarND-Behavioral-Cloning-P3/data_hard/IMG/right_2017_04_28_18_34_20_115.jpg,-0.3609022,0.237819,0,23.31886
/home/esteve/self-driving-ND/CarND-Behavioral-Cloning-P3/data_hard/IMG/center_2017_04_28_18_34_20_194.jpg,/home/esteve/self-driving-ND/CarND-Behavioral-Cloning-P3/data_hard/IMG/left_2017_04_28_18_34_20_194.jpg,/home/esteve/self-driving-ND/CarND-Behavioral-Cloning-P3/data_hard/IMG/right_2017_04_28_18_34_20_194.jpg,-0.3609022,0.3741117,0,23.47174
/home/esteve/self-driving-ND/CarND-Behavioral-Cloning-P3/data_hard/IMG/center_2017_04_28_18_34_20_276.jpg,/home/esteve/self-driving-ND/CarND-Behavioral-Cloning-P3/data_hard/IMG/left_2017_04_28_18_34_20_276.jpg,/home/esteve/self-driving-ND/CarND-Behavioral-Cloning-P3/data_hard/IMG/right_2017_04_28_18_34_20_276.jpg,-0.3082707,0.1289191,0,23.52924
/home/esteve/self-driving-ND/CarND-Behavioral-Cloning-P3/data_hard/IMG/center_2017_04_28_18_34_20_356.jpg,/home/esteve/self-driving-ND/CarND-Behavioral-Cloning-P3/data_hard/IMG/left_2017_04_28_18_34_20_356.jpg,/home/esteve/self-driving-ND/CarND-Behavioral-Cloning-P3/data_hard/IMG/right_2017_04_28_18_34_20_356.jpg,-0.2406015,0,0,23.38893
/home/esteve/self-driving-ND/CarND-Behavioral-Cloning-P3/data_hard/IMG/center_2017_04_28_18_34_20_436.jpg,/home/esteve/self-driving-ND/CarND-Behavioral-Cloning-P3/data_hard/IMG/left_2017_04_28_18_34_20_436.jpg,/home/esteve/self-driving-ND/CarND-Behavioral-Cloning-P3/data_hard/IMG/right_2017_04_28_18_34_20_436.jpg,-0.2406015,0.06362987,0,23.20722
/home/esteve/self-driving-ND/CarND-Behavioral-Cloning-P3/data_hard/IMG/center_2017_04_28_18_34_20_516.jpg,/home/esteve/self-driving-ND/CarND-Behavioral-Cloning-P3/data_hard/IMG/left_2017_04_28_18_34_20_516.jpg,/home/esteve/self-driving-ND/CarND-Behavioral-Cloning-P3/data_hard/IMG/right_2017_04_28_18_34_20_516.jpg,-0.2406015,0.304548,0,23.196
/home/esteve/self-driving-ND/CarND-Behavioral-Cloning-P3/data_hard/IMG/center_2017_04_28_18_34_20_598.jpg,/home/esteve/self-driving-ND/CarND-Behavioral-Cloning-P3/data_hard/IMG/left_2017_04_28_18_34_20_598.jpg,/home/esteve/self-driving-ND/CarND-Behavioral-Cloning-P3/data_hard/IMG/right_2017_04_28_18_34_20_598.jpg,-0.2406015,0.1683218,0,23.29453
/home/esteve/self-driving-ND/CarND-Behavioral-Cloning-P3/data_hard/IMG/center_2017_04_28_18_34_20_678.jpg,/home/esteve/self-driving-ND/CarND-Behavioral-Cloning-P3/data_hard/IMG/left_2017_04_28_18_34_20_678.jpg,/home/esteve/self-driving-ND/CarND-Behavioral-Cloning-P3/data_hard/IMG/right_2017_04_28_18_34_20_678.jpg,-0.2406015,0,0,23.16706
/home/esteve/self-driving-ND/CarND-Behavioral-Cloning-P3/data_hard/IMG/center_2017_04_28_18_34_20_760.jpg,/home/esteve/self-driving-ND/CarND-Behavioral-Cloning-P3/data_hard/IMG/left_2017_04_28_18_34_20_760.jpg,/home/esteve/self-driving-ND/CarND-Behavioral-Cloning-P3/data_hard/IMG/right_2017_04_28_18_34_20_760.jpg,-0.2406015,0.06238174,0,22.98042
/home/esteve/self-driving-ND/CarND-Behavioral-Cloning-P3/data_hard/IMG/center_2017_04_28_18_34_20_843.jpg,/home/esteve/self-driving-ND/CarND-Behavioral-Cloning-P3/data_hard/IMG/left_2017_04_28_18_34_20_843.jpg,/home/esteve/self-driving-ND/CarND-Behavioral-Cloning-P3/data_hard/IMG/right_2017_04_28_18_34_20_843.jpg,-0.2406015,0.3111541,0,22.9823
/home/esteve/self-driving-ND/CarND-Behavioral-Cloning-P3/data_hard/IMG/center_2017_04_28_18_34_20_926.jpg,/home/esteve/self-driving-ND/CarND-Behavioral-Cloning-P3/data_hard/IMG/left_2017_04_28_18_34_20_926.jpg,/home/esteve/self-driving-ND/CarND-Behavioral-Cloning-P3/data_hard/IMG/right_2017_04_28_18_34_20_926.jpg,-0.2481203,0.4346516,0,23.24079
/home/esteve/self-driving-ND/CarND-Behavioral-Cloning-P3/data_hard/IMG/center_2017_04_28_18_34_21_005.jpg,/home/esteve/self-driving-ND/CarND-Behavioral-Cloning-P3/data_hard/IMG/left_2017_04_28_18_34_21_005.jpg,/home/esteve/self-driving-ND/CarND-Behavioral-Cloning-P3/data_hard/IMG/right_2017_04_28_18_34_21_005.jpg,-0.2706767,0.1963799,0,23.35034
/home/esteve/self-driving-ND/CarND-Behavioral-Cloning-P3/data_hard/IMG/center_2017_04_28_18_34_21_087.jpg,/home/esteve/self-driving-ND/CarND-Behavioral-Cloning-P3/data_hard/IMG/left_2017_04_28_18_34_21_087.jpg,/home/esteve/self-driving-ND/CarND-Behavioral-Cloning-P3/data_hard/IMG/right_2017_04_28_18_34_21_087.jpg,-0.2781955,0,0,23.23215
/home/esteve/self-driving-ND/CarND-Behavioral-Cloning-P3/data_hard/IMG/center_2017_04_28_18_34_21_172.jpg,/home/esteve/self-driving-ND/CarND-Behavioral-Cloning-P3/data_hard/IMG/left_2017_04_28_18_34_21_172.jpg,/home/esteve/self-driving-ND/CarND-Behavioral-Cloning-P3/data_hard/IMG/right_2017_04_28_18_34_21_172.jpg,-0.2781955,0,0,23.04062
/home/esteve/self-driving-ND/CarND-Behavioral-Cloning-P3/data_hard/IMG/center_2017_04_28_18_34_21_257.jpg,/home/esteve/self-driving-ND/CarND-Behavioral-Cloning-P3/data_hard/IMG/left_2017_04_28_18_34_21_257.jpg,/home/esteve/self-driving-ND/CarND-Behavioral-Cloning-P3/data_hard/IMG/right_2017_04_28_18_34_21_257.jpg,-0.2781955,0.07171226,0,22.85172
/home/esteve/self-driving-ND/CarND-Behavioral-Cloning-P3/data_hard/IMG/center_2017_04_28_18_34_21_340.jpg,/home/esteve/self-driving-ND/CarND-Behavioral-Cloning-P3/data_hard/IMG/left_2017_04_28_18_34_21_340.jpg,/home/esteve/self-driving-ND/CarND-Behavioral-Cloning-P3/data_hard/IMG/right_2017_04_28_18_34_21_340.jpg,-0.2781955,0.3187137,0,22.84686
/home/esteve/self-driving-ND/CarND-Behavioral-Cloning-P3/data_hard/IMG/center_2017_04_28_18_34_21_421.jpg,/home/esteve/self-driving-ND/CarND-Behavioral-Cloning-P3/data_hard/IMG/left_2017_04_28_18_34_21_421.jpg,/home/esteve/self-driving-ND/CarND-Behavioral-Cloning-P3/data_hard/IMG/right_2017_04_28_18_34_21_421.jpg,-0.2781955,0.2992508,0,23.01843
/home/esteve/self-driving-ND/CarND-Behavioral-Cloning-P3/data_hard/IMG/center_2017_04_28_18_34_21_500.jpg,/home/esteve/self-driving-ND/CarND-Behavioral-Cloning-P3/data_hard/IMG/left_2017_04_28_18_34_21_500.jpg,/home/esteve/self-driving-ND/CarND-Behavioral-Cloning-P3/data_hard/IMG/right_2017_04_28_18_34_21_500.jpg,-0.2857143,0.1151977,0,23.01339
/home/esteve/self-driving-ND/CarND-Behavioral-Cloning-P3/data_hard/IMG/center_2017_04_28_18_34_21_583.jpg,/home/esteve/self-driving-ND/CarND-Behavioral-Cloning-P3/data_hard/IMG/left_2017_04_28_18_34_21_583.jpg,/home/esteve/self-driving-ND/CarND-Behavioral-Cloning-P3/data_hard/IMG/right_2017_04_28_18_34_21_583.jpg,-0.2857143,0,0,22.81273
/home/esteve/self-driving-ND/CarND-Behavioral-Cloning-P3/data_hard/IMG/center_2017_04_28_18_34_21_661.jpg,/home/esteve/self-driving-ND/CarND-Behavioral-Cloning-P3/data_hard/IMG/left_2017_04_28_18_34_21_661.jpg,/home/esteve/self-driving-ND/CarND-Behavioral-Cloning-P3/data_hard/IMG/right_2017_04_28_18_34_21_661.jpg,-0.2857143,0,0,22.65652
/home/esteve/self-driving-ND/CarND-Behavioral-Cloning-P3/data_hard/IMG/center_2017_04_28_18_34_21_744.jpg,/home/esteve/self-driving-ND/CarND-Behavioral-Cloning-P3/data_hard/IMG/left_2017_04_28_18_34_21_744.jpg,/home/esteve/self-driving-ND/CarND-Behavioral-Cloning-P3/data_hard/IMG/right_2017_04_28_18_34_21_744.jpg,-0.2857143,0,0,22.4396
/home/esteve/self-driving-ND/CarND-Behavioral-Cloning-P3/data_hard/IMG/center_2017_04_28_18_34_21_814.jpg,/home/esteve/self-driving-ND/CarND-Behavioral-Cloning-P3/data_hard/IMG/left_2017_04_28_18_34_21_814.jpg,/home/esteve/self-driving-ND/CarND-Behavioral-Cloning-P3/data_hard/IMG/right_2017_04_28_18_34_21_814.jpg,-0.2857143,0.1464086,0,22.32424
/home/esteve/self-driving-ND/CarND-Behavioral-Cloning-P3/data_hard/IMG/center_2017_04_28_18_34_21_885.jpg,/home/esteve/self-driving-ND/CarND-Behavioral-Cloning-P3/data_hard/IMG/left_2017_04_28_18_34_21_885.jpg,/home/esteve/self-driving-ND/CarND-Behavioral-Cloning-P3/data_hard/IMG/right_2017_04_28_18_34_21_885.jpg,-0.2105263,0.358326,0,22.42371
/home/esteve/self-driving-ND/CarND-Behavioral-Cloning-P3/data_hard/IMG/center_2017_04_28_18_34_21_969.jpg,/home/esteve/self-driving-ND/CarND-Behavioral-Cloning-P3/data_hard/IMG/left_2017_04_28_18_34_21_969.jpg,/home/esteve/self-driving-ND/CarND-Behavioral-Cloning-P3/data_hard/IMG/right_2017_04_28_18_34_21_969.jpg,-0.1954887,0.336555,0,22.64984
/home/esteve/self-driving-ND/CarND-Behavioral-Cloning-P3/data_hard/IMG/center_2017_04_28_18_34_22_050.jpg,/home/esteve/self-driving-ND/CarND-Behavioral-Cloning-P3/data_hard/IMG/left_2017_04_28_18_34_22_050.jpg,/home/esteve/self-driving-ND/CarND-Behavioral-Cloning-P3/data_hard/IMG/right_2017_04_28_18_34_22_050.jpg,-0.1428571,0.09310555,0,22.68442
/home/esteve/self-driving-ND/CarND-Behavioral-Cloning-P3/data_hard/IMG/center_2017_04_28_18_34_22_135.jpg,/home/esteve/self-driving-ND/CarND-Behavioral-Cloning-P3/data_hard/IMG/left_2017_04_28_18_34_22_135.jpg,/home/esteve/self-driving-ND/CarND-Behavioral-Cloning-P3/data_hard/IMG/right_2017_04_28_18_34_22_135.jpg,-0.06015037,0,0,22.52313
/home/esteve/self-driving-ND/CarND-Behavioral-Cloning-P3/data_hard/IMG/center_2017_04_28_18_34_22_223.jpg,/home/esteve/self-driving-ND/CarND-Behavioral-Cloning-P3/data_hard/IMG/left_2017_04_28_18_34_22_223.jpg,/home/esteve/self-driving-ND/CarND-Behavioral-Cloning-P3/data_hard/IMG/right_2017_04_28_18_34_22_223.jpg,0.05263158,0,0,22.29324
/home/esteve/self-driving-ND/CarND-Behavioral-Cloning-P3/data_hard/IMG/center_2017_04_28_18_34_22_307.jpg,/home/esteve/self-driving-ND/CarND-Behavioral-Cloning-P3/data_hard/IMG/left_2017_04_28_18_34_22_307.jpg,/home/esteve/self-driving-ND/CarND-Behavioral-Cloning-P3/data_hard/IMG/right_2017_04_28_18_34_22_307.jpg,0.09022556,0.2518258,0,22.23659
/home/esteve/self-driving-ND/CarND-Behavioral-Cloning-P3/data_hard/IMG/center_2017_04_28_18_34_22_388.jpg,/home/esteve/self-driving-ND/CarND-Behavioral-Cloning-P3/data_hard/IMG/left_2017_04_28_18_34_22_388.jpg,/home/esteve/self-driving-ND/CarND-Behavioral-Cloning-P3/data_hard/IMG/right_2017_04_28_18_34_22_388.jpg,0.1278196,0.4948533,0,22.40668
/home/esteve/self-driving-ND/CarND-Behavioral-Cloning-P3/data_hard/IMG/center_2017_04_28_18_34_22_471.jpg,/home/esteve/self-driving-ND/CarND-Behavioral-Cloning-P3/data_hard/IMG/left_2017_04_28_18_34_22_471.jpg,/home/esteve/self-driving-ND/CarND-Behavioral-Cloning-P3/data_hard/IMG/right_2017_04_28_18_34_22_471.jpg,0.1278196,0.2460186,0,22.64942
/home/esteve/self-driving-ND/CarND-Behavioral-Cloning-P3/data_hard/IMG/center_2017_04_28_18_34_22_561.jpg,/home/esteve/self-driving-ND/CarND-Behavioral-Cloning-P3/data_hard/IMG/left_2017_04_28_18_34_22_561.jpg,/home/esteve/self-driving-ND/CarND-Behavioral-Cloning-P3/data_hard/IMG/right_2017_04_28_18_34_22_561.jpg,0.1278196,0,0,22.17854
/home/esteve/self-driving-ND/CarND-Behavioral-Cloning-P3/data_hard/IMG/center_2017_04_28_18_34_22_641.jpg,/home/esteve/self-driving-ND/CarND-Behavioral-Cloning-P3/data_hard/IMG/left_2017_04_28_18_34_22_641.jpg,/home/esteve/self-driving-ND/CarND-Behavioral-Cloning-P3/data_hard/IMG/right_2017_04_28_18_34_22_641.jpg,0.1278196,0.1895785,0,21.92587
/home/esteve/self-driving-ND/CarND-Behavioral-Cloning-P3/data_hard/IMG/center_2017_04_28_18_34_22_730.jpg,/home/esteve/self-driving-ND/CarND-Behavioral-Cloning-P3/data_hard/IMG/left_2017_04_28_18_34_22_730.jpg,/home/esteve/self-driving-ND/CarND-Behavioral-Cloning-P3/data_hard/IMG/right_2017_04_28_18_34_22_730.jpg,0.1278196,0.4346309,0,21.08773
/home/esteve/self-driving-ND/CarND-Behavioral-Cloning-P3/data_hard/IMG/center_2017_04_28_18_34_22_800.jpg,/home/esteve/self-driving-ND/CarND-Behavioral-Cloning-P3/data_hard/IMG/left_2017_04_28_18_34_22_800.jpg,/home/esteve/self-driving-ND/CarND-Behavioral-Cloning-P3/data_hard/IMG/right_2017_04_28_18_34_22_800.jpg,0.1278196,0.6480031,0,21.01632
/home/esteve/self-driving-ND/CarND-Behavioral-Cloning-P3/data_hard/IMG/center_2017_04_28_18_34_22_886.jpg,/home/esteve/self-driving-ND/CarND-Behavioral-Cloning-P3/data_hard/IMG/left_2017_04_28_18_34_22_886.jpg,/home/esteve/self-driving-ND/CarND-Behavioral-Cloning-P3/data_hard/IMG/right_2017_04_28_18_34_22_886.jpg,0.1278196,0.8987131,0,20.94996
/home/esteve/self-driving-ND/CarND-Behavioral-Cloning-P3/data_hard/IMG/center_2017_04_28_18_34_22_952.jpg,/home/esteve/self-driving-ND/CarND-Behavioral-Cloning-P3/data_hard/IMG/left_2017_04_28_18_34_22_952.jpg,/home/esteve/self-driving-ND/CarND-Behavioral-Cloning-P3/data_hard/IMG/right_2017_04_28_18_34_22_952.jpg,0.1278196,1,0,21.25034
/home/esteve/self-driving-ND/CarND-Behavioral-Cloning-P3/data_hard/IMG/center_2017_04_28_18_34_23_020.jpg,/home/esteve/self-driving-ND/CarND-Behavioral-Cloning-P3/data_hard/IMG/left_2017_04_28_18_34_23_020.jpg,/home/esteve/self-driving-ND/CarND-Behavioral-Cloning-P3/data_hard/IMG/right_2017_04_28_18_34_23_020.jpg,0.1278196,0.9321916,0,20.88434
/home/esteve/self-driving-ND/CarND-Behavioral-Cloning-P3/data_hard/IMG/center_2017_04_28_18_34_23_100.jpg,/home/esteve/self-driving-ND/CarND-Behavioral-Cloning-P3/data_hard/IMG/left_2017_04_28_18_34_23_100.jpg,/home/esteve/self-driving-ND/CarND-Behavioral-Cloning-P3/data_hard/IMG/right_2017_04_28_18_34_23_100.jpg,0.1353384,0.6925066,0,21.20332
/home/esteve/self-driving-ND/CarND-Behavioral-Cloning-P3/data_hard/IMG/center_2017_04_28_18_34_23_177.jpg,/home/esteve/self-driving-ND/CarND-Behavioral-Cloning-P3/data_hard/IMG/left_2017_04_28_18_34_23_177.jpg,/home/esteve/self-driving-ND/CarND-Behavioral-Cloning-P3/data_hard/IMG/right_2017_04_28_18_34_23_177.jpg,0.1428571,0.4387903,0,20.72644
/home/esteve/self-driving-ND/CarND-Behavioral-Cloning-P3/data_hard/IMG/center_2017_04_28_18_34_23_271.jpg,/home/esteve/self-driving-ND/CarND-Behavioral-Cloning-P3/data_hard/IMG/left_2017_04_28_18_34_23_271.jpg,/home/esteve/self-driving-ND/CarND-Behavioral-Cloning-P3/data_hard/IMG/right_2017_04_28_18_34_23_271.jpg,0.1879699,0.1818311,0,20.46767
/home/esteve/self-driving-ND/CarND-Behavioral-Cloning-P3/data_hard/IMG/center_2017_04_28_18_34_23_354.jpg,/home/esteve/self-driving-ND/CarND-Behavioral-Cloning-P3/data_hard/IMG/left_2017_04_28_18_34_23_354.jpg,/home/esteve/self-driving-ND/CarND-Behavioral-Cloning-P3/data_hard/IMG/right_2017_04_28_18_34_23_354.jpg,0.2857143,0.4395342,0,20.13351
/home/esteve/self-driving-ND/CarND-Behavioral-Cloning-P3/data_hard/IMG/center_2017_04_28_18_34_23_434.jpg,/home/esteve/self-driving-ND/CarND-Behavioral-Cloning-P3/data_hard/IMG/left_2017_04_28_18_34_23_434.jpg,/home/esteve/self-driving-ND/CarND-Behavioral-Cloning-P3/data_hard/IMG/right_2017_04_28_18_34_23_434.jpg,0.3007519,0.5702536,0,19.99588
/home/esteve/self-driving-ND/CarND-Behavioral-Cloning-P3/data_hard/IMG/center_2017_04_28_18_34_23_513.jpg,/home/esteve/self-driving-ND/CarND-Behavioral-Cloning-P3/data_hard/IMG/left_2017_04_28_18_34_23_513.jpg,/home/esteve/self-driving-ND/CarND-Behavioral-Cloning-P3/data_hard/IMG/right_2017_04_28_18_34_23_513.jpg,0.3007519,0.3327436,0,19.73907
/home/esteve/self-driving-ND/CarND-Behavioral-Cloning-P3/data_hard/IMG/center_2017_04_28_18_34_23_597.jpg,/home/esteve/self-driving-ND/CarND-Behavioral-Cloning-P3/data_hard/IMG/left_2017_04_28_18_34_23_597.jpg,/home/esteve/self-driving-ND/CarND-Behavioral-Cloning-P3/data_hard/IMG/right_2017_04_28_18_34_23_597.jpg,0.3007519,0.08151436,0,19.50252
/home/esteve/self-driving-ND/CarND-Behavioral-Cloning-P3/data_hard/IMG/center_2017_04_28_18_34_23_682.jpg,/home/esteve/self-driving-ND/CarND-Behavioral-Cloning-P3/data_hard/IMG/left_2017_04_28_18_34_23_682.jpg,/home/esteve/self-driving-ND/CarND-Behavioral-Cloning-P3/data_hard/IMG/right_2017_04_28_18_34_23_682.jpg,0.2255639,0,0,18.91759
/home/esteve/self-driving-ND/CarND-Behavioral-Cloning-P3/data_hard/IMG/center_2017_04_28_18_34_23_769.jpg,/home/esteve/self-driving-ND/CarND-Behavioral-Cloning-P3/data_hard/IMG/left_2017_04_28_18_34_23_769.jpg,/home/esteve/self-driving-ND/CarND-Behavioral-Cloning-P3/data_hard/IMG/right_2017_04_28_18_34_23_769.jpg,0.09774436,0.2622178,0,17.98162
/home/esteve/self-driving-ND/CarND-Behavioral-Cloning-P3/data_hard/IMG/center_2017_04_28_18_34_23_861.jpg,/home/esteve/self-driving-ND/CarND-Behavioral-Cloning-P3/data_hard/IMG/left_2017_04_28_18_34_23_861.jpg,/home/esteve/self-driving-ND/CarND-Behavioral-Cloning-P3/data_hard/IMG/right_2017_04_28_18_34_23_861.jpg,-0.02255639,0.5385897,0,17.81254
/home/esteve/self-driving-ND/CarND-Behavioral-Cloning-P3/data_hard/IMG/center_2017_04_28_18_34_23_929.jpg,/home/esteve/self-driving-ND/CarND-Behavioral-Cloning-P3/data_hard/IMG/left_2017_04_28_18_34_23_929.jpg,/home/esteve/self-driving-ND/CarND-Behavioral-Cloning-P3/data_hard/IMG/right_2017_04_28_18_34_23_929.jpg,-0.05263158,0.4972057,0,17.97123
/home/esteve/self-driving-ND/CarND-Behavioral-Cloning-P3/data_hard/IMG/center_2017_04_28_18_34_24_013.jpg,/home/esteve/self-driving-ND/CarND-Behavioral-Cloning-P3/data_hard/IMG/left_2017_04_28_18_34_24_013.jpg,/home/esteve/self-driving-ND/CarND-Behavioral-Cloning-P3/data_hard/IMG/right_2017_04_28_18_34_24_013.jpg,-0.1428571,0.2448034,0,17.72538
/home/esteve/self-driving-ND/CarND-Behavioral-Cloning-P3/data_hard/IMG/center_2017_04_28_18_34_24_102.jpg,/home/esteve/self-driving-ND/CarND-Behavioral-Cloning-P3/data_hard/IMG/left_2017_04_28_18_34_24_102.jpg,/home/esteve/self-driving-ND/CarND-Behavioral-Cloning-P3/data_hard/IMG/right_2017_04_28_18_34_24_102.jpg,-0.3007519,0,0,17.01763
/home/esteve/self-driving-ND/CarND-Behavioral-Cloning-P3/data_hard/IMG/center_2017_04_28_18_34_24_187.jpg,/home/esteve/self-driving-ND/CarND-Behavioral-Cloning-P3/data_hard/IMG/left_2017_04_28_18_34_24_187.jpg,/home/esteve/self-driving-ND/CarND-Behavioral-Cloning-P3/data_hard/IMG/right_2017_04_28_18_34_24_187.jpg,-0.4135338,0,0,16.44171
/home/esteve/self-driving-ND/CarND-Behavioral-Cloning-P3/data_hard/IMG/center_2017_04_28_18_34_24_271.jpg,/home/esteve/self-driving-ND/CarND-Behavioral-Cloning-P3/data_hard/IMG/left_2017_04_28_18_34_24_271.jpg,/home/esteve/self-driving-ND/CarND-Behavioral-Cloning-P3/data_hard/IMG/right_2017_04_28_18_34_24_271.jpg,-0.4135338,0,0,15.82855
/home/esteve/self-driving-ND/CarND-Behavioral-Cloning-P3/data_hard/IMG/center_2017_04_28_18_34_24_348.jpg,/home/esteve/self-driving-ND/CarND-Behavioral-Cloning-P3/data_hard/IMG/left_2017_04_28_18_34_24_348.jpg,/home/esteve/self-driving-ND/CarND-Behavioral-Cloning-P3/data_hard/IMG/right_2017_04_28_18_34_24_348.jpg,-0.4135338,0,0,15.368
/home/esteve/self-driving-ND/CarND-Behavioral-Cloning-P3/data_hard/IMG/center_2017_04_28_18_34_24_430.jpg,/home/esteve/self-driving-ND/CarND-Behavioral-Cloning-P3/data_hard/IMG/left_2017_04_28_18_34_24_430.jpg,/home/esteve/self-driving-ND/CarND-Behavioral-Cloning-P3/data_hard/IMG/right_2017_04_28_18_34_24_430.jpg,-0.4135338,0,0,14.86148
/home/esteve/self-driving-ND/CarND-Behavioral-Cloning-P3/data_hard/IMG/center_2017_04_28_18_34_24_517.jpg,/home/esteve/self-driving-ND/CarND-Behavioral-Cloning-P3/data_hard/IMG/left_2017_04_28_18_34_24_517.jpg,/home/esteve/self-driving-ND/CarND-Behavioral-Cloning-P3/data_hard/IMG/right_2017_04_28_18_34_24_517.jpg,-0.368421,0,0,14.5147
/home/esteve/self-driving-ND/CarND-Behavioral-Cloning-P3/data_hard/IMG/center_2017_04_28_18_34_24_603.jpg,/home/esteve/self-driving-ND/CarND-Behavioral-Cloning-P3/data_hard/IMG/left_2017_04_28_18_34_24_603.jpg,/home/esteve/self-driving-ND/CarND-Behavioral-Cloning-P3/data_hard/IMG/right_2017_04_28_18_34_24_603.jpg,-0.3157895,0,0,13.80759
/home/esteve/self-driving-ND/CarND-Behavioral-Cloning-P3/data_hard/IMG/center_2017_04_28_18_34_24_691.jpg,/home/esteve/self-driving-ND/CarND-Behavioral-Cloning-P3/data_hard/IMG/left_2017_04_28_18_34_24_691.jpg,/home/esteve/self-driving-ND/CarND-Behavioral-Cloning-P3/data_hard/IMG/right_2017_04_28_18_34_24_691.jpg,-0.2932331,0,0,13.32265
/home/esteve/self-driving-ND/CarND-Behavioral-Cloning-P3/data_hard/IMG/center_2017_04_28_18_34_24_775.jpg,/home/esteve/self-driving-ND/CarND-Behavioral-Cloning-P3/data_hard/IMG/left_2017_04_28_18_34_24_775.jpg,/home/esteve/self-driving-ND/CarND-Behavioral-Cloning-P3/data_hard/IMG/right_2017_04_28_18_34_24_775.jpg,-0.3007519,0,0,12.70174
/home/esteve/self-driving-ND/CarND-Behavioral-Cloning-P3/data_hard/IMG/center_2017_04_28_18_34_24_848.jpg,/home/esteve/self-driving-ND/CarND-Behavioral-Cloning-P3/data_hard/IMG/left_2017_04_28_18_34_24_848.jpg,/home/esteve/self-driving-ND/CarND-Behavioral-Cloning-P3/data_hard/IMG/right_2017_04_28_18_34_24_848.jpg,-0.3007519,0,0,12.4147
/home/esteve/self-driving-ND/CarND-Behavioral-Cloning-P3/data_hard/IMG/center_2017_04_28_18_34_24_917.jpg,/home/esteve/self-driving-ND/CarND-Behavioral-Cloning-P3/data_hard/IMG/left_2017_04_28_18_34_24_917.jpg,/home/esteve/self-driving-ND/CarND-Behavioral-Cloning-P3/data_hard/IMG/right_2017_04_28_18_34_24_917.jpg,-0.3007519,0,0,12.0494
/home/esteve/self-driving-ND/CarND-Behavioral-Cloning-P3/data_hard/IMG/center_2017_04_28_18_34_24_997.jpg,/home/esteve/self-driving-ND/CarND-Behavioral-Cloning-P3/data_hard/IMG/left_2017_04_28_18_34_24_997.jpg,/home/esteve/self-driving-ND/CarND-Behavioral-Cloning-P3/data_hard/IMG/right_2017_04_28_18_34_24_997.jpg,-0.3007519,0.05745935,0,11.6751
/home/esteve/self-driving-ND/CarND-Behavioral-Cloning-P3/data_hard/IMG/center_2017_04_28_18_34_25_081.jpg,/home/esteve/self-driving-ND/CarND-Behavioral-Cloning-P3/data_hard/IMG/left_2017_04_28_18_34_25_081.jpg,/home/esteve/self-driving-ND/CarND-Behavioral-Cloning-P3/data_hard/IMG/right_2017_04_28_18_34_25_081.jpg,-0.2556391,0.304857,0,11.51914
/home/esteve/self-driving-ND/CarND-Behavioral-Cloning-P3/data_hard/IMG/center_2017_04_28_18_34_25_162.jpg,/home/esteve/self-driving-ND/CarND-Behavioral-Cloning-P3/data_hard/IMG/left_2017_04_28_18_34_25_162.jpg,/home/esteve/self-driving-ND/CarND-Behavioral-Cloning-P3/data_hard/IMG/right_2017_04_28_18_34_25_162.jpg,-0.2481203,0.5507998,0,11.58947
/home/esteve/self-driving-ND/CarND-Behavioral-Cloning-P3/data_hard/IMG/center_2017_04_28_18_34_25_244.jpg,/home/esteve/self-driving-ND/CarND-Behavioral-Cloning-P3/data_hard/IMG/left_2017_04_28_18_34_25_244.jpg,/home/esteve/self-driving-ND/CarND-Behavioral-Cloning-P3/data_hard/IMG/right_2017_04_28_18_34_25_244.jpg,-0.2481203,0.7953093,0,12.11028
/home/esteve/self-driving-ND/CarND-Behavioral-Cloning-P3/data_hard/IMG/center_2017_04_28_18_34_25_327.jpg,/home/esteve/self-driving-ND/CarND-Behavioral-Cloning-P3/data_hard/IMG/left_2017_04_28_18_34_25_327.jpg,/home/esteve/self-driving-ND/CarND-Behavioral-Cloning-P3/data_hard/IMG/right_2017_04_28_18_34_25_327.jpg,-0.2406015,0.5454783,0,12.40472
/home/esteve/self-driving-ND/CarND-Behavioral-Cloning-P3/data_hard/IMG/center_2017_04_28_18_34_25_409.jpg,/home/esteve/self-driving-ND/CarND-Behavioral-Cloning-P3/data_hard/IMG/left_2017_04_28_18_34_25_409.jpg,/home/esteve/self-driving-ND/CarND-Behavioral-Cloning-P3/data_hard/IMG/right_2017_04_28_18_34_25_409.jpg,-0.1729323,0.4107034,0,12.35559
/home/esteve/self-driving-ND/CarND-Behavioral-Cloning-P3/data_hard/IMG/center_2017_04_28_18_34_25_492.jpg,/home/esteve/self-driving-ND/CarND-Behavioral-Cloning-P3/data_hard/IMG/left_2017_04_28_18_34_25_492.jpg,/home/esteve/self-driving-ND/CarND-Behavioral-Cloning-P3/data_hard/IMG/right_2017_04_28_18_34_25_492.jpg,-0.05263158,0.657418,0,12.72293
/home/esteve/self-driving-ND/CarND-Behavioral-Cloning-P3/data_hard/IMG/center_2017_04_28_18_34_25_576.jpg,/home/esteve/self-driving-ND/CarND-Behavioral-Cloning-P3/data_hard/IMG/left_2017_04_28_18_34_25_576.jpg,/home/esteve/self-driving-ND/CarND-Behavioral-Cloning-P3/data_hard/IMG/right_2017_04_28_18_34_25_576.jpg,0.03007519,0.911773,0,13.35994
/home/esteve/self-driving-ND/CarND-Behavioral-Cloning-P3/data_hard/IMG/center_2017_04_28_18_34_25_659.jpg,/home/esteve/self-driving-ND/CarND-Behavioral-Cloning-P3/data_hard/IMG/left_2017_04_28_18_34_25_659.jpg,/home/esteve/self-driving-ND/CarND-Behavioral-Cloning-P3/data_hard/IMG/right_2017_04_28_18_34_25_659.jpg,0.06015037,1,0,14.20861
/home/esteve/self-driving-ND/CarND-Behavioral-Cloning-P3/data_hard/IMG/center_2017_04_28_18_34_25_744.jpg,/home/esteve/self-driving-ND/CarND-Behavioral-Cloning-P3/data_hard/IMG/left_2017_04_28_18_34_25_744.jpg,/home/esteve/self-driving-ND/CarND-Behavioral-Cloning-P3/data_hard/IMG/right_2017_04_28_18_34_25_744.jpg,0.06015037,0.8171284,0,15.32256
/home/esteve/self-driving-ND/CarND-Behavioral-Cloning-P3/data_hard/IMG/center_2017_04_28_18_34_25_827.jpg,/home/esteve/self-driving-ND/CarND-Behavioral-Cloning-P3/data_hard/IMG/left_2017_04_28_18_34_25_827.jpg,/home/esteve/self-driving-ND/CarND-Behavioral-Cloning-P3/data_hard/IMG/right_2017_04_28_18_34_25_827.jpg,0.06015037,0.567982,0,15.71144
/home/esteve/self-driving-ND/CarND-Behavioral-Cloning-P3/data_hard/IMG/center_2017_04_28_18_34_25_896.jpg,/home/esteve/self-driving-ND/CarND-Behavioral-Cloning-P3/data_hard/IMG/left_2017_04_28_18_34_25_896.jpg,/home/esteve/self-driving-ND/CarND-Behavioral-Cloning-P3/data_hard/IMG/right_2017_04_28_18_34_25_896.jpg,0.06015037,0.3611915,0,15.80014
/home/esteve/self-driving-ND/CarND-Behavioral-Cloning-P3/data_hard/IMG/center_2017_04_28_18_34_25_985.jpg,/home/esteve/self-driving-ND/CarND-Behavioral-Cloning-P3/data_hard/IMG/left_2017_04_28_18_34_25_985.jpg,/home/esteve/self-driving-ND/CarND-Behavioral-Cloning-P3/data_hard/IMG/right_2017_04_28_18_34_25_985.jpg,0.1278196,0.2479265,0,15.9643
/home/esteve/self-driving-ND/CarND-Behavioral-Cloning-P3/data_hard/IMG/center_2017_04_28_18_34_26_066.jpg,/home/esteve/self-driving-ND/CarND-Behavioral-Cloning-P3/data_hard/IMG/left_2017_04_28_18_34_26_066.jpg,/home/esteve/self-driving-ND/CarND-Behavioral-Cloning-P3/data_hard/IMG/right_2017_04_28_18_34_26_066.jpg,0.3082707,0.4924624,0,16.16571
/home/esteve/self-driving-ND/CarND-Behavioral-Cloning-P3/data_hard/IMG/center_2017_04_28_18_34_26_152.jpg,/home/esteve/self-driving-ND/CarND-Behavioral-Cloning-P3/data_hard/IMG/left_2017_04_28_18_34_26_152.jpg,/home/esteve/self-driving-ND/CarND-Behavioral-Cloning-P3/data_hard/IMG/right_2017_04_28_18_34_26_152.jpg,0.4962406,0.750345,0,16.60851
/home/esteve/self-driving-ND/CarND-Behavioral-Cloning-P3/data_hard/IMG/center_2017_04_28_18_34_26_240.jpg,/home/esteve/self-driving-ND/CarND-Behavioral-Cloning-P3/data_hard/IMG/left_2017_04_28_18_34_26_240.jpg,/home/esteve/self-driving-ND/CarND-Behavioral-Cloning-P3/data_hard/IMG/right_2017_04_28_18_34_26_240.jpg,0.6390978,0.4855409,0,16.93481
/home/esteve/self-driving-ND/CarND-Behavioral-Cloning-P3/data_hard/IMG/center_2017_04_28_18_34_26_323.jpg,/home/esteve/self-driving-ND/CarND-Behavioral-Cloning-P3/data_hard/IMG/left_2017_04_28_18_34_26_323.jpg,/home/esteve/self-driving-ND/CarND-Behavioral-Cloning-P3/data_hard/IMG/right_2017_04_28_18_34_26_323.jpg,0.6842105,0.2386589,0,17.13405
/home/esteve/self-driving-ND/CarND-Behavioral-Cloning-P3/data_hard/IMG/center_2017_04_28_18_34_26_405.jpg,/home/esteve/self-driving-ND/CarND-Behavioral-Cloning-P3/data_hard/IMG/left_2017_04_28_18_34_26_405.jpg,/home/esteve/self-driving-ND/CarND-Behavioral-Cloning-P3/data_hard/IMG/right_2017_04_28_18_34_26_405.jpg,0.7067669,0,0,17.06672
/home/esteve/self-driving-ND/CarND-Behavioral-Cloning-P3/data_hard/IMG/center_2017_04_28_18_34_26_495.jpg,/home/esteve/self-driving-ND/CarND-Behavioral-Cloning-P3/data_hard/IMG/left_2017_04_28_18_34_26_495.jpg,/home/esteve/self-driving-ND/CarND-Behavioral-Cloning-P3/data_hard/IMG/right_2017_04_28_18_34_26_495.jpg,0.7067669,0,0,16.89966
/home/esteve/self-driving-ND/CarND-Behavioral-Cloning-P3/data_hard/IMG/center_2017_04_28_18_34_26_581.jpg,/home/esteve/self-driving-ND/CarND-Behavioral-Cloning-P3/data_hard/IMG/left_2017_04_28_18_34_26_581.jpg,/home/esteve/self-driving-ND/CarND-Behavioral-Cloning-P3/data_hard/IMG/right_2017_04_28_18_34_26_581.jpg,0.7067669,0,0,16.74213
/home/esteve/self-driving-ND/CarND-Behavioral-Cloning-P3/data_hard/IMG/center_2017_04_28_18_34_26_657.jpg,/home/esteve/self-driving-ND/CarND-Behavioral-Cloning-P3/data_hard/IMG/left_2017_04_28_18_34_26_657.jpg,/home/esteve/self-driving-ND/CarND-Behavioral-Cloning-P3/data_hard/IMG/right_2017_04_28_18_34_26_657.jpg,0.744361,0,0,16.58121
/home/esteve/self-driving-ND/CarND-Behavioral-Cloning-P3/data_hard/IMG/center_2017_04_28_18_34_26_745.jpg,/home/esteve/self-driving-ND/CarND-Behavioral-Cloning-P3/data_hard/IMG/left_2017_04_28_18_34_26_745.jpg,/home/esteve/self-driving-ND/CarND-Behavioral-Cloning-P3/data_hard/IMG/right_2017_04_28_18_34_26_745.jpg,0.8571429,0,0,16.38643
/home/esteve/self-driving-ND/CarND-Behavioral-Cloning-P3/data_hard/IMG/center_2017_04_28_18_34_26_825.jpg,/home/esteve/self-driving-ND/CarND-Behavioral-Cloning-P3/data_hard/IMG/left_2017_04_28_18_34_26_825.jpg,/home/esteve/self-driving-ND/CarND-Behavioral-Cloning-P3/data_hard/IMG/right_2017_04_28_18_34_26_825.jpg,0.9398496,0,0,16.04167
/home/esteve/self-driving-ND/CarND-Behavioral-Cloning-P3/data_hard/IMG/center_2017_04_28_18_34_26_897.jpg,/home/esteve/self-driving-ND/CarND-Behavioral-Cloning-P3/data_hard/IMG/left_2017_04_28_18_34_26_897.jpg,/home/esteve/self-driving-ND/CarND-Behavioral-Cloning-P3/data_hard/IMG/right_2017_04_28_18_34_26_897.jpg,0.9699247,0,0,15.95292
/home/esteve/self-driving-ND/CarND-Behavioral-Cloning-P3/data_hard/IMG/center_2017_04_28_18_34_26_978.jpg,/home/esteve/self-driving-ND/CarND-Behavioral-Cloning-P3/data_hard/IMG/left_2017_04_28_18_34_26_978.jpg,/home/esteve/self-driving-ND/CarND-Behavioral-Cloning-P3/data_hard/IMG/right_2017_04_28_18_34_26_978.jpg,1,0,0,15.75779
/home/esteve/self-driving-ND/CarND-Behavioral-Cloning-P3/data_hard/IMG/center_2017_04_28_18_34_27_061.jpg,/home/esteve/self-driving-ND/CarND-Behavioral-Cloning-P3/data_hard/IMG/left_2017_04_28_18_34_27_061.jpg,/home/esteve/self-driving-ND/CarND-Behavioral-Cloning-P3/data_hard/IMG/right_2017_04_28_18_34_27_061.jpg,1,0,0,15.57954
/home/esteve/self-driving-ND/CarND-Behavioral-Cloning-P3/data_hard/IMG/center_2017_04_28_18_34_27_142.jpg,/home/esteve/self-driving-ND/CarND-Behavioral-Cloning-P3/data_hard/IMG/left_2017_04_28_18_34_27_142.jpg,/home/esteve/self-driving-ND/CarND-Behavioral-Cloning-P3/data_hard/IMG/right_2017_04_28_18_34_27_142.jpg,1,0,0,15.41458
/home/esteve/self-driving-ND/CarND-Behavioral-Cloning-P3/data_hard/IMG/center_2017_04_28_18_34_27_222.jpg,/home/esteve/self-driving-ND/CarND-Behavioral-Cloning-P3/data_hard/IMG/left_2017_04_28_18_34_27_222.jpg,/home/esteve/self-driving-ND/CarND-Behavioral-Cloning-P3/data_hard/IMG/right_2017_04_28_18_34_27_222.jpg,1,0,0,15.25683
/home/esteve/self-driving-ND/CarND-Behavioral-Cloning-P3/data_hard/IMG/center_2017_04_28_18_34_27_302.jpg,/home/esteve/self-driving-ND/CarND-Behavioral-Cloning-P3/data_hard/IMG/left_2017_04_28_18_34_27_302.jpg,/home/esteve/self-driving-ND/CarND-Behavioral-Cloning-P3/data_hard/IMG/right_2017_04_28_18_34_27_302.jpg,1,0,0,15.10368
/home/esteve/self-driving-ND/CarND-Behavioral-Cloning-P3/data_hard/IMG/center_2017_04_28_18_34_27_381.jpg,/home/esteve/self-driving-ND/CarND-Behavioral-Cloning-P3/data_hard/IMG/left_2017_04_28_18_34_27_381.jpg,/home/esteve/self-driving-ND/CarND-Behavioral-Cloning-P3/data_hard/IMG/right_2017_04_28_18_34_27_381.jpg,1,0,0,14.95377
/home/esteve/self-driving-ND/CarND-Behavioral-Cloning-P3/data_hard/IMG/center_2017_04_28_18_34_27_457.jpg,/home/esteve/self-driving-ND/CarND-Behavioral-Cloning-P3/data_hard/IMG/left_2017_04_28_18_34_27_457.jpg,/home/esteve/self-driving-ND/CarND-Behavioral-Cloning-P3/data_hard/IMG/right_2017_04_28_18_34_27_457.jpg,0.962406,0,0,14.80229
/home/esteve/self-driving-ND/CarND-Behavioral-Cloning-P3/data_hard/IMG/center_2017_04_28_18_34_27_537.jpg,/home/esteve/self-driving-ND/CarND-Behavioral-Cloning-P3/data_hard/IMG/left_2017_04_28_18_34_27_537.jpg,/home/esteve/self-driving-ND/CarND-Behavioral-Cloning-P3/data_hard/IMG/right_2017_04_28_18_34_27_537.jpg,0.8947369,0,0,14.67733
/home/esteve/self-driving-ND/CarND-Behavioral-Cloning-P3/data_hard/IMG/center_2017_04_28_18_34_27_618.jpg,/home/esteve/self-driving-ND/CarND-Behavioral-Cloning-P3/data_hard/IMG/left_2017_04_28_18_34_27_618.jpg,/home/esteve/self-driving-ND/CarND-Behavioral-Cloning-P3/data_hard/IMG/right_2017_04_28_18_34_27_618.jpg,0.8721805,0.06157207,0,14.55897
/home/esteve/self-driving-ND/CarND-Behavioral-Cloning-P3/data_hard/IMG/center_2017_04_28_18_34_27_693.jpg,/home/esteve/self-driving-ND/CarND-Behavioral-Cloning-P3/data_hard/IMG/left_2017_04_28_18_34_27_693.jpg,/home/esteve/self-driving-ND/CarND-Behavioral-Cloning-P3/data_hard/IMG/right_2017_04_28_18_34_27_693.jpg,0.8721805,0.2993882,0,14.63644
/home/esteve/self-driving-ND/CarND-Behavioral-Cloning-P3/data_hard/IMG/center_2017_04_28_18_34_27_772.jpg,/home/esteve/self-driving-ND/CarND-Behavioral-Cloning-P3/data_hard/IMG/left_2017_04_28_18_34_27_772.jpg,/home/esteve/self-driving-ND/CarND-Behavioral-Cloning-P3/data_hard/IMG/right_2017_04_28_18_34_27_772.jpg,0.8721805,0.5369582,0,14.86435
/home/esteve/self-driving-ND/CarND-Behavioral-Cloning-P3/data_hard/IMG/center_2017_04_28_18_34_27_852.jpg,/home/esteve/self-driving-ND/CarND-Behavioral-Cloning-P3/data_hard/IMG/left_2017_04_28_18_34_27_852.jpg,/home/esteve/self-driving-ND/CarND-Behavioral-Cloning-P3/data_hard/IMG/right_2017_04_28_18_34_27_852.jpg,0.8721805,0.7754788,0,15.36628
/home/esteve/self-driving-ND/CarND-Behavioral-Cloning-P3/data_hard/IMG/center_2017_04_28_18_34_27_935.jpg,/home/esteve/self-driving-ND/CarND-Behavioral-Cloning-P3/data_hard/IMG/left_2017_04_28_18_34_27_935.jpg,/home/esteve/self-driving-ND/CarND-Behavioral-Cloning-P3/data_hard/IMG/right_2017_04_28_18_34_27_935.jpg,0.8796992,1,0,16.11188
/home/esteve/self-driving-ND/CarND-Behavioral-Cloning-P3/data_hard/IMG/center_2017_04_28_18_34_28_011.jpg,/home/esteve/self-driving-ND/CarND-Behavioral-Cloning-P3/data_hard/IMG/left_2017_04_28_18_34_28_011.jpg,/home/esteve/self-driving-ND/CarND-Behavioral-Cloning-P3/data_hard/IMG/right_2017_04_28_18_34_28_011.jpg,0.9323308,0.8767722,0,16.82981
/home/esteve/self-driving-ND/CarND-Behavioral-Cloning-P3/data_hard/IMG/center_2017_04_28_18_34_28_090.jpg,/home/esteve/self-driving-ND/CarND-Behavioral-Cloning-P3/data_hard/IMG/left_2017_04_28_18_34_28_090.jpg,/home/esteve/self-driving-ND/CarND-Behavioral-Cloning-P3/data_hard/IMG/right_2017_04_28_18_34_28_090.jpg,0.9398496,0.6410503,0,17.3627
/home/esteve/self-driving-ND/CarND-Behavioral-Cloning-P3/data_hard/IMG/center_2017_04_28_18_34_28_168.jpg,/home/esteve/self-driving-ND/CarND-Behavioral-Cloning-P3/data_hard/IMG/left_2017_04_28_18_34_28_168.jpg,/home/esteve/self-driving-ND/CarND-Behavioral-Cloning-P3/data_hard/IMG/right_2017_04_28_18_34_28_168.jpg,0.9398496,0.4066539,0,17.68141
/home/esteve/self-driving-ND/CarND-Behavioral-Cloning-P3/data_hard/IMG/center_2017_04_28_18_34_28_243.jpg,/home/esteve/self-driving-ND/CarND-Behavioral-Cloning-P3/data_hard/IMG/left_2017_04_28_18_34_28_243.jpg,/home/esteve/self-driving-ND/CarND-Behavioral-Cloning-P3/data_hard/IMG/right_2017_04_28_18_34_28_243.jpg,0.9398496,0.1832473,0,17.77001
/home/esteve/self-driving-ND/CarND-Behavioral-Cloning-P3/data_hard/IMG/center_2017_04_28_18_34_28_320.jpg,/home/esteve/self-driving-ND/CarND-Behavioral-Cloning-P3/data_hard/IMG/left_2017_04_28_18_34_28_320.jpg,/home/esteve/self-driving-ND/CarND-Behavioral-Cloning-P3/data_hard/IMG/right_2017_04_28_18_34_28_320.jpg,0.9398496,0,0,17.8845
/home/esteve/self-driving-ND/CarND-Behavioral-Cloning-P3/data_hard/IMG/center_2017_04_28_18_34_28_401.jpg,/home/esteve/self-driving-ND/CarND-Behavioral-Cloning-P3/data_hard/IMG/left_2017_04_28_18_34_28_401.jpg,/home/esteve/self-driving-ND/CarND-Behavioral-Cloning-P3/data_hard/IMG/right_2017_04_28_18_34_28_401.jpg,0.8872181,0,0,17.72966
/home/esteve/self-driving-ND/CarND-Behavioral-Cloning-P3/data_hard/IMG/center_2017_04_28_18_34_28_481.jpg,/home/esteve/self-driving-ND/CarND-Behavioral-Cloning-P3/data_hard/IMG/left_2017_04_28_18_34_28_481.jpg,/home/esteve/self-driving-ND/CarND-Behavioral-Cloning-P3/data_hard/IMG/right_2017_04_28_18_34_28_481.jpg,0.7894737,0,0,17.62028
/home/esteve/self-driving-ND/CarND-Behavioral-Cloning-P3/data_hard/IMG/center_2017_04_28_18_34_28_558.jpg,/home/esteve/self-driving-ND/CarND-Behavioral-Cloning-P3/data_hard/IMG/left_2017_04_28_18_34_28_558.jpg,/home/esteve/self-driving-ND/CarND-Behavioral-Cloning-P3/data_hard/IMG/right_2017_04_28_18_34_28_558.jpg,0.7218045,0.2293139,0,17.59293
/home/esteve/self-driving-ND/CarND-Behavioral-Cloning-P3/data_hard/IMG/center_2017_04_28_18_34_28_629.jpg,/home/esteve/self-driving-ND/CarND-Behavioral-Cloning-P3/data_hard/IMG/left_2017_04_28_18_34_28_629.jpg,/home/esteve/self-driving-ND/CarND-Behavioral-Cloning-P3/data_hard/IMG/right_2017_04_28_18_34_28_629.jpg,0.6992481,0.4553189,0,17.8053
/home/esteve/self-driving-ND/CarND-Behavioral-Cloning-P3/data_hard/IMG/center_2017_04_28_18_34_28_705.jpg,/home/esteve/self-driving-ND/CarND-Behavioral-Cloning-P3/data_hard/IMG/left_2017_04_28_18_34_28_705.jpg,/home/esteve/self-driving-ND/CarND-Behavioral-Cloning-P3/data_hard/IMG/right_2017_04_28_18_34_28_705.jpg,0.6842105,0.682389,0,18.22079
/home/esteve/self-driving-ND/CarND-Behavioral-Cloning-P3/data_hard/IMG/center_2017_04_28_18_34_28_785.jpg,/home/esteve/self-driving-ND/CarND-Behavioral-Cloning-P3/data_hard/IMG/left_2017_04_28_18_34_28_785.jpg,/home/esteve/self-driving-ND/CarND-Behavioral-Cloning-P3/data_hard/IMG/right_2017_04_28_18_34_28_785.jpg,0.6842105,0.9214704,0,18.83647
/home/esteve/self-driving-ND/CarND-Behavioral-Cloning-P3/data_hard/IMG/center_2017_04_28_18_34_28_867.jpg,/home/esteve/self-driving-ND/CarND-Behavioral-Cloning-P3/data_hard/IMG/left_2017_04_28_18_34_28_867.jpg,/home/esteve/self-driving-ND/CarND-Behavioral-Cloning-P3/data_hard/IMG/right_2017_04_28_18_34_28_867.jpg,0.6842105,1,0,19.62662
/home/esteve/self-driving-ND/CarND-Behavioral-Cloning-P3/data_hard/IMG/center_2017_04_28_18_34_28_946.jpg,/home/esteve/self-driving-ND/CarND-Behavioral-Cloning-P3/data_hard/IMG/left_2017_04_28_18_34_28_946.jpg,/home/esteve/self-driving-ND/CarND-Behavioral-Cloning-P3/data_hard/IMG/right_2017_04_28_18_34_28_946.jpg,0.6842105,1,0,20.4122
/home/esteve/self-driving-ND/CarND-Behavioral-Cloning-P3/data_hard/IMG/center_2017_04_28_18_34_29_027.jpg,/home/esteve/self-driving-ND/CarND-Behavioral-Cloning-P3/data_hard/IMG/left_2017_04_28_18_34_29_027.jpg,/home/esteve/self-driving-ND/CarND-Behavioral-Cloning-P3/data_hard/IMG/right_2017_04_28_18_34_29_027.jpg,0.5864662,0.7586176,0,21.10042
/home/esteve/self-driving-ND/CarND-Behavioral-Cloning-P3/data_hard/IMG/center_2017_04_28_18_34_29_107.jpg,/home/esteve/self-driving-ND/CarND-Behavioral-Cloning-P3/data_hard/IMG/left_2017_04_28_18_34_29_107.jpg,/home/esteve/self-driving-ND/CarND-Behavioral-Cloning-P3/data_hard/IMG/right_2017_04_28_18_34_29_107.jpg,0.481203,0.5171416,0,21.58781
/home/esteve/self-driving-ND/CarND-Behavioral-Cloning-P3/data_hard/IMG/center_2017_04_28_18_34_29_188.jpg,/home/esteve/self-driving-ND/CarND-Behavioral-Cloning-P3/data_hard/IMG/left_2017_04_28_18_34_29_188.jpg,/home/esteve/self-driving-ND/CarND-Behavioral-Cloning-P3/data_hard/IMG/right_2017_04_28_18_34_29_188.jpg,0.3759399,0.2749903,0,21.84031
/home/esteve/self-driving-ND/CarND-Behavioral-Cloning-P3/data_hard/IMG/center_2017_04_28_18_34_29_269.jpg,/home/esteve/self-driving-ND/CarND-Behavioral-Cloning-P3/data_hard/IMG/left_2017_04_28_18_34_29_269.jpg,/home/esteve/self-driving-ND/CarND-Behavioral-Cloning-P3/data_hard/IMG/right_2017_04_28_18_34_29_269.jpg,0.09022556,0.03084707,0,21.82454
/home/esteve/self-driving-ND/CarND-Behavioral-Cloning-P3/data_hard/IMG/center_2017_04_28_18_34_29_348.jpg,/home/esteve/self-driving-ND/CarND-Behavioral-Cloning-P3/data_hard/IMG/left_2017_04_28_18_34_29_348.jpg,/home/esteve/self-driving-ND/CarND-Behavioral-Cloning-P3/data_hard/IMG/right_2017_04_28_18_34_29_348.jpg,-0.03759398,0,0,21.62639
/home/esteve/self-driving-ND/CarND-Behavioral-Cloning-P3/data_hard/IMG/center_2017_04_28_18_34_29_425.jpg,/home/esteve/self-driving-ND/CarND-Behavioral-Cloning-P3/data_hard/IMG/left_2017_04_28_18_34_29_425.jpg,/home/esteve/self-driving-ND/CarND-Behavioral-Cloning-P3/data_hard/IMG/right_2017_04_28_18_34_29_425.jpg,-0.03759398,0,0,21.43888
/home/esteve/self-driving-ND/CarND-Behavioral-Cloning-P3/data_hard/IMG/center_2017_04_28_18_34_29_505.jpg,/home/esteve/self-driving-ND/CarND-Behavioral-Cloning-P3/data_hard/IMG/left_2017_04_28_18_34_29_505.jpg,/home/esteve/self-driving-ND/CarND-Behavioral-Cloning-P3/data_hard/IMG/right_2017_04_28_18_34_29_505.jpg,-0.09022556,0.181293,0,21.31193
/home/esteve/self-driving-ND/CarND-Behavioral-Cloning-P3/data_hard/IMG/center_2017_04_28_18_34_29_583.jpg,/home/esteve/self-driving-ND/CarND-Behavioral-Cloning-P3/data_hard/IMG/left_2017_04_28_18_34_29_583.jpg,/home/esteve/self-driving-ND/CarND-Behavioral-Cloning-P3/data_hard/IMG/right_2017_04_28_18_34_29_583.jpg,-0.1503759,0.4154584,0,21.40669
/home/esteve/self-driving-ND/CarND-Behavioral-Cloning-P3/data_hard/IMG/center_2017_04_28_18_34_29_659.jpg,/home/esteve/self-driving-ND/CarND-Behavioral-Cloning-P3/data_hard/IMG/left_2017_04_28_18_34_29_659.jpg,/home/esteve/self-driving-ND/CarND-Behavioral-Cloning-P3/data_hard/IMG/right_2017_04_28_18_34_29_659.jpg,-0.1278196,0.304234,0,21.43375
/home/esteve/self-driving-ND/CarND-Behavioral-Cloning-P3/data_hard/IMG/center_2017_04_28_18_34_29_737.jpg,/home/esteve/self-driving-ND/CarND-Behavioral-Cloning-P3/data_hard/IMG/left_2017_04_28_18_34_29_737.jpg,/home/esteve/self-driving-ND/CarND-Behavioral-Cloning-P3/data_hard/IMG/right_2017_04_28_18_34_29_737.jpg,0.02255639,0.06987691,0,21.43008
/home/esteve/self-driving-ND/CarND-Behavioral-Cloning-P3/data_hard/IMG/center_2017_04_28_18_34_29_823.jpg,/home/esteve/self-driving-ND/CarND-Behavioral-Cloning-P3/data_hard/IMG/left_2017_04_28_18_34_29_823.jpg,/home/esteve/self-driving-ND/CarND-Behavioral-Cloning-P3/data_hard/IMG/right_2017_04_28_18_34_29_823.jpg,0.1353384,0,0,21.41072
/home/esteve/self-driving-ND/CarND-Behavioral-Cloning-P3/data_hard/IMG/center_2017_04_28_18_34_29_899.jpg,/home/esteve/self-driving-ND/CarND-Behavioral-Cloning-P3/data_hard/IMG/left_2017_04_28_18_34_29_899.jpg,/home/esteve/self-driving-ND/CarND-Behavioral-Cloning-P3/data_hard/IMG/right_2017_04_28_18_34_29_899.jpg,0.1729323,0,0,20.97841
/home/esteve/self-driving-ND/CarND-Behavioral-Cloning-P3/data_hard/IMG/center_2017_04_28_18_34_29_975.jpg,/home/esteve/self-driving-ND/CarND-Behavioral-Cloning-P3/data_hard/IMG/left_2017_04_28_18_34_29_975.jpg,/home/esteve/self-driving-ND/CarND-Behavioral-Cloning-P3/data_hard/IMG/right_2017_04_28_18_34_29_975.jpg,0.1729323,0,0,20.63922
/home/esteve/self-driving-ND/CarND-Behavioral-Cloning-P3/data_hard/IMG/center_2017_04_28_18_34_30_053.jpg,/home/esteve/self-driving-ND/CarND-Behavioral-Cloning-P3/data_hard/IMG/left_2017_04_28_18_34_30_053.jpg,/home/esteve/self-driving-ND/CarND-Behavioral-Cloning-P3/data_hard/IMG/right_2017_04_28_18_34_30_053.jpg,0.1729323,0.1719031,0,20.47515
/home/esteve/self-driving-ND/CarND-Behavioral-Cloning-P3/data_hard/IMG/center_2017_04_28_18_34_30_137.jpg,/home/esteve/self-driving-ND/CarND-Behavioral-Cloning-P3/data_hard/IMG/left_2017_04_28_18_34_30_137.jpg,/home/esteve/self-driving-ND/CarND-Behavioral-Cloning-P3/data_hard/IMG/right_2017_04_28_18_34_30_137.jpg,0.2030075,0.4111354,0,20.44594
/home/esteve/self-driving-ND/CarND-Behavioral-Cloning-P3/data_hard/IMG/center_2017_04_28_18_34_30_211.jpg,/home/esteve/self-driving-ND/CarND-Behavioral-Cloning-P3/data_hard/IMG/left_2017_04_28_18_34_30_211.jpg,/home/esteve/self-driving-ND/CarND-Behavioral-Cloning-P3/data_hard/IMG/right_2017_04_28_18_34_30_211.jpg,0.2406015,0.6463351,0,20.55336
/home/esteve/self-driving-ND/CarND-Behavioral-Cloning-P3/data_hard/IMG/center_2017_04_28_18_34_30_294.jpg,/home/esteve/self-driving-ND/CarND-Behavioral-Cloning-P3/data_hard/IMG/left_2017_04_28_18_34_30_294.jpg,/home/esteve/self-driving-ND/CarND-Behavioral-Cloning-P3/data_hard/IMG/right_2017_04_28_18_34_30_294.jpg,0.2781955,0.8817422,0,20.16621
/home/esteve/self-driving-ND/CarND-Behavioral-Cloning-P3/data_hard/IMG/center_2017_04_28_18_34_30_372.jpg,/home/esteve/self-driving-ND/CarND-Behavioral-Cloning-P3/data_hard/IMG/left_2017_04_28_18_34_30_372.jpg,/home/esteve/self-driving-ND/CarND-Behavioral-Cloning-P3/data_hard/IMG/right_2017_04_28_18_34_30_372.jpg,0.368421,1,0,19.84096
/home/esteve/self-driving-ND/CarND-Behavioral-Cloning-P3/data_hard/IMG/center_2017_04_28_18_34_30_447.jpg,/home/esteve/self-driving-ND/CarND-Behavioral-Cloning-P3/data_hard/IMG/left_2017_04_28_18_34_30_447.jpg,/home/esteve/self-driving-ND/CarND-Behavioral-Cloning-P3/data_hard/IMG/right_2017_04_28_18_34_30_447.jpg,0.4586466,0.934165,0,20.30484
/home/esteve/self-driving-ND/CarND-Behavioral-Cloning-P3/data_hard/IMG/center_2017_04_28_18_34_30_519.jpg,/home/esteve/self-driving-ND/CarND-Behavioral-Cloning-P3/data_hard/IMG/left_2017_04_28_18_34_30_519.jpg,/home/esteve/self-driving-ND/CarND-Behavioral-Cloning-P3/data_hard/IMG/right_2017_04_28_18_34_30_519.jpg,0.518797,0.7113135,0,19.9083
/home/esteve/self-driving-ND/CarND-Behavioral-Cloning-P3/data_hard/IMG/center_2017_04_28_18_34_30_598.jpg,/home/esteve/self-driving-ND/CarND-Behavioral-Cloning-P3/data_hard/IMG/left_2017_04_28_18_34_30_598.jpg,/home/esteve/self-driving-ND/CarND-Behavioral-Cloning-P3/data_hard/IMG/right_2017_04_28_18_34_30_598.jpg,0.556391,0.4834123,0,19.90804
/home/esteve/self-driving-ND/CarND-Behavioral-Cloning-P3/data_hard/IMG/center_2017_04_28_18_34_30_665.jpg,/home/esteve/self-driving-ND/CarND-Behavioral-Cloning-P3/data_hard/IMG/left_2017_04_28_18_34_30_665.jpg,/home/esteve/self-driving-ND/CarND-Behavioral-Cloning-P3/data_hard/IMG/right_2017_04_28_18_34_30_665.jpg,0.6165413,0.2748523,0,19.58702
/home/esteve/self-driving-ND/CarND-Behavioral-Cloning-P3/data_hard/IMG/center_2017_04_28_18_34_30_743.jpg,/home/esteve/self-driving-ND/CarND-Behavioral-Cloning-P3/data_hard/IMG/left_2017_04_28_18_34_30_743.jpg,/home/esteve/self-driving-ND/CarND-Behavioral-Cloning-P3/data_hard/IMG/right_2017_04_28_18_34_30_743.jpg,0.6466165,0.05307436,0,19.42735
/home/esteve/self-driving-ND/CarND-Behavioral-Cloning-P3/data_hard/IMG/center_2017_04_28_18_34_30_820.jpg,/home/esteve/self-driving-ND/CarND-Behavioral-Cloning-P3/data_hard/IMG/left_2017_04_28_18_34_30_820.jpg,/home/esteve/self-driving-ND/CarND-Behavioral-Cloning-P3/data_hard/IMG/right_2017_04_28_18_34_30_820.jpg,0.6842105,0,0,18.7305
/home/esteve/self-driving-ND/CarND-Behavioral-Cloning-P3/data_hard/IMG/center_2017_04_28_18_34_30_902.jpg,/home/esteve/self-driving-ND/CarND-Behavioral-Cloning-P3/data_hard/IMG/left_2017_04_28_18_34_30_902.jpg,/home/esteve/self-driving-ND/CarND-Behavioral-Cloning-P3/data_hard/IMG/right_2017_04_28_18_34_30_902.jpg,0.7218045,0,0,17.84826
/home/esteve/self-driving-ND/CarND-Behavioral-Cloning-P3/data_hard/IMG/center_2017_04_28_18_34_30_973.jpg,/home/esteve/self-driving-ND/CarND-Behavioral-Cloning-P3/data_hard/IMG/left_2017_04_28_18_34_30_973.jpg,/home/esteve/self-driving-ND/CarND-Behavioral-Cloning-P3/data_hard/IMG/right_2017_04_28_18_34_30_973.jpg,0.7218045,0,0,17.25692
/home/esteve/self-driving-ND/CarND-Behavioral-Cloning-P3/data_hard/IMG/center_2017_04_28_18_34_31_044.jpg,/home/esteve/self-driving-ND/CarND-Behavioral-Cloning-P3/data_hard/IMG/left_2017_04_28_18_34_31_044.jpg,/home/esteve/self-driving-ND/CarND-Behavioral-Cloning-P3/data_hard/IMG/right_2017_04_28_18_34_31_044.jpg,0.6917293,0.04699516,0,16.584
/home/esteve/self-driving-ND/CarND-Behavioral-Cloning-P3/data_hard/IMG/center_2017_04_28_18_34_31_122.jpg,/home/esteve/self-driving-ND/CarND-Behavioral-Cloning-P3/data_hard/IMG/left_2017_04_28_18_34_31_122.jpg,/home/esteve/self-driving-ND/CarND-Behavioral-Cloning-P3/data_hard/IMG/right_2017_04_28_18_34_31_122.jpg,0.518797,0.26598,0,16.42946
/home/esteve/self-driving-ND/CarND-Behavioral-Cloning-P3/data_hard/IMG/center_2017_04_28_18_34_31_192.jpg,/home/esteve/self-driving-ND/CarND-Behavioral-Cloning-P3/data_hard/IMG/left_2017_04_28_18_34_31_192.jpg,/home/esteve/self-driving-ND/CarND-Behavioral-Cloning-P3/data_hard/IMG/right_2017_04_28_18_34_31_192.jpg,0.368421,0.4897113,0,16.34723
/home/esteve/self-driving-ND/CarND-Behavioral-Cloning-P3/data_hard/IMG/center_2017_04_28_18_34_31_269.jpg,/home/esteve/self-driving-ND/CarND-Behavioral-Cloning-P3/data_hard/IMG/left_2017_04_28_18_34_31_269.jpg,/home/esteve/self-driving-ND/CarND-Behavioral-Cloning-P3/data_hard/IMG/right_2017_04_28_18_34_31_269.jpg,0.2255639,0.4883201,0,16.1701
/home/esteve/self-driving-ND/CarND-Behavioral-Cloning-P3/data_hard/IMG/center_2017_04_28_18_34_31_343.jpg,/home/esteve/self-driving-ND/CarND-Behavioral-Cloning-P3/data_hard/IMG/left_2017_04_28_18_34_31_343.jpg,/home/esteve/self-driving-ND/CarND-Behavioral-Cloning-P3/data_hard/IMG/right_2017_04_28_18_34_31_343.jpg,0.112782,0.2650087,0,15.93789
/home/esteve/self-driving-ND/CarND-Behavioral-Cloning-P3/data_hard/IMG/center_2017_04_28_18_34_31_418.jpg,/home/esteve/self-driving-ND/CarND-Behavioral-Cloning-P3/data_hard/IMG/left_2017_04_28_18_34_31_418.jpg,/home/esteve/self-driving-ND/CarND-Behavioral-Cloning-P3/data_hard/IMG/right_2017_04_28_18_34_31_418.jpg,0.02255639,0.04134679,0,15.55188
/home/esteve/self-driving-ND/CarND-Behavioral-Cloning-P3/data_hard/IMG/center_2017_04_28_18_34_31_500.jpg,/home/esteve/self-driving-ND/CarND-Behavioral-Cloning-P3/data_hard/IMG/left_2017_04_28_18_34_31_500.jpg,/home/esteve/self-driving-ND/CarND-Behavioral-Cloning-P3/data_hard/IMG/right_2017_04_28_18_34_31_500.jpg,-0.02255639,0,0,14.96045
/home/esteve/self-driving-ND/CarND-Behavioral-Cloning-P3/data_hard/IMG/center_2017_04_28_18_34_31_569.jpg,/home/esteve/self-driving-ND/CarND-Behavioral-Cloning-P3/data_hard/IMG/left_2017_04_28_18_34_31_569.jpg,/home/esteve/self-driving-ND/CarND-Behavioral-Cloning-P3/data_hard/IMG/right_2017_04_28_18_34_31_569.jpg,-0.02255639,0,0,14.3841
/home/esteve/self-driving-ND/CarND-Behavioral-Cloning-P3/data_hard/IMG/center_2017_04_28_18_34_31_645.jpg,/home/esteve/self-driving-ND/CarND-Behavioral-Cloning-P3/data_hard/IMG/left_2017_04_28_18_34_31_645.jpg,/home/esteve/self-driving-ND/CarND-Behavioral-Cloning-P3/data_hard/IMG/right_2017_04_28_18_34_31_645.jpg,-0.1654135,0.1082246,0,13.76686
/home/esteve/self-driving-ND/CarND-Behavioral-Cloning-P3/data_hard/IMG/center_2017_04_28_18_34_31_721.jpg,/home/esteve/self-driving-ND/CarND-Behavioral-Cloning-P3/data_hard/IMG/left_2017_04_28_18_34_31_721.jpg,/home/esteve/self-driving-ND/CarND-Behavioral-Cloning-P3/data_hard/IMG/right_2017_04_28_18_34_31_721.jpg,-0.3233083,0.2870636,0,13.73214
/home/esteve/self-driving-ND/CarND-Behavioral-Cloning-P3/data_hard/IMG/center_2017_04_28_18_34_31_808.jpg,/home/esteve/self-driving-ND/CarND-Behavioral-Cloning-P3/data_hard/IMG/left_2017_04_28_18_34_31_808.jpg,/home/esteve/self-driving-ND/CarND-Behavioral-Cloning-P3/data_hard/IMG/right_2017_04_28_18_34_31_808.jpg,-0.3834586,0.5816095,0,13.22674
/home/esteve/self-driving-ND/CarND-Behavioral-Cloning-P3/data_hard/IMG/center_2017_04_28_18_34_31_881.jpg,/home/esteve/self-driving-ND/CarND-Behavioral-Cloning-P3/data_hard/IMG/left_2017_04_28_18_34_31_881.jpg,/home/esteve/self-driving-ND/CarND-Behavioral-Cloning-P3/data_hard/IMG/right_2017_04_28_18_34_31_881.jpg,-0.3909774,0.7683871,0,13.50026
/home/esteve/self-driving-ND/CarND-Behavioral-Cloning-P3/data_hard/IMG/center_2017_04_28_18_34_31_961.jpg,/home/esteve/self-driving-ND/CarND-Behavioral-Cloning-P3/data_hard/IMG/left_2017_04_28_18_34_31_961.jpg,/home/esteve/self-driving-ND/CarND-Behavioral-Cloning-P3/data_hard/IMG/right_2017_04_28_18_34_31_961.jpg,-0.3984962,1,0,13.8975
/home/esteve/self-driving-ND/CarND-Behavioral-Cloning-P3/data_hard/IMG/center_2017_04_28_18_34_32_041.jpg,/home/esteve/self-driving-ND/CarND-Behavioral-Cloning-P3/data_hard/IMG/left_2017_04_28_18_34_32_041.jpg,/home/esteve/self-driving-ND/CarND-Behavioral-Cloning-P3/data_hard/IMG/right_2017_04_28_18_34_32_041.jpg,-0.3984962,1,0,13.97016
/home/esteve/self-driving-ND/CarND-Behavioral-Cloning-P3/data_hard/IMG/center_2017_04_28_18_34_32_113.jpg,/home/esteve/self-driving-ND/CarND-Behavioral-Cloning-P3/data_hard/IMG/left_2017_04_28_18_34_32_113.jpg,/home/esteve/self-driving-ND/CarND-Behavioral-Cloning-P3/data_hard/IMG/right_2017_04_28_18_34_32_113.jpg,-0.3984962,1,0,14.23933
/home/esteve/self-driving-ND/CarND-Behavioral-Cloning-P3/data_hard/IMG/center_2017_04_28_18_34_32_193.jpg,/home/esteve/self-driving-ND/CarND-Behavioral-Cloning-P3/data_hard/IMG/left_2017_04_28_18_34_32_193.jpg,/home/esteve/self-driving-ND/CarND-Behavioral-Cloning-P3/data_hard/IMG/right_2017_04_28_18_34_32_193.jpg,-0.3984962,0.8951743,0,14.51457
/home/esteve/self-driving-ND/CarND-Behavioral-Cloning-P3/data_hard/IMG/center_2017_04_28_18_34_32_271.jpg,/home/esteve/self-driving-ND/CarND-Behavioral-Cloning-P3/data_hard/IMG/left_2017_04_28_18_34_32_271.jpg,/home/esteve/self-driving-ND/CarND-Behavioral-Cloning-P3/data_hard/IMG/right_2017_04_28_18_34_32_271.jpg,-0.3984962,0.659584,0,14.81466
/home/esteve/self-driving-ND/CarND-Behavioral-Cloning-P3/data_hard/IMG/center_2017_04_28_18_34_32_345.jpg,/home/esteve/self-driving-ND/CarND-Behavioral-Cloning-P3/data_hard/IMG/left_2017_04_28_18_34_32_345.jpg,/home/esteve/self-driving-ND/CarND-Behavioral-Cloning-P3/data_hard/IMG/right_2017_04_28_18_34_32_345.jpg,-0.3984962,0.4357483,0,14.99708
/home/esteve/self-driving-ND/CarND-Behavioral-Cloning-P3/data_hard/IMG/center_2017_04_28_18_34_32_419.jpg,/home/esteve/self-driving-ND/CarND-Behavioral-Cloning-P3/data_hard/IMG/left_2017_04_28_18_34_32_419.jpg,/home/esteve/self-driving-ND/CarND-Behavioral-Cloning-P3/data_hard/IMG/right_2017_04_28_18_34_32_419.jpg,-0.3984962,0.536633,0,15.57144
/home/esteve/self-driving-ND/CarND-Behavioral-Cloning-P3/data_hard/IMG/center_2017_04_28_18_34_32_490.jpg,/home/esteve/self-driving-ND/CarND-Behavioral-Cloning-P3/data_hard/IMG/left_2017_04_28_18_34_32_490.jpg,/home/esteve/self-driving-ND/CarND-Behavioral-Cloning-P3/data_hard/IMG/right_2017_04_28_18_34_32_490.jpg,-0.3984962,0.7622991,0,15.10885
/home/esteve/self-driving-ND/CarND-Behavioral-Cloning-P3/data_hard/IMG/center_2017_04_28_18_34_32_565.jpg,/home/esteve/self-driving-ND/CarND-Behavioral-Cloning-P3/data_hard/IMG/left_2017_04_28_18_34_32_565.jpg,/home/esteve/self-driving-ND/CarND-Behavioral-Cloning-P3/data_hard/IMG/right_2017_04_28_18_34_32_565.jpg,-0.3984962,0.9893806,0,15.42282
/home/esteve/self-driving-ND/CarND-Behavioral-Cloning-P3/data_hard/IMG/center_2017_04_28_18_34_32_643.jpg,/home/esteve/self-driving-ND/CarND-Behavioral-Cloning-P3/data_hard/IMG/left_2017_04_28_18_34_32_643.jpg,/home/esteve/self-driving-ND/CarND-Behavioral-Cloning-P3/data_hard/IMG/right_2017_04_28_18_34_32_643.jpg,-0.4436091,1,0,15.75271
/home/esteve/self-driving-ND/CarND-Behavioral-Cloning-P3/data_hard/IMG/center_2017_04_28_18_34_32_720.jpg,/home/esteve/self-driving-ND/CarND-Behavioral-Cloning-P3/data_hard/IMG/left_2017_04_28_18_34_32_720.jpg,/home/esteve/self-driving-ND/CarND-Behavioral-Cloning-P3/data_hard/IMG/right_2017_04_28_18_34_32_720.jpg,-0.4736842,1,0,15.94974
/home/esteve/self-driving-ND/CarND-Behavioral-Cloning-P3/data_hard/IMG/center_2017_04_28_18_34_32_796.jpg,/home/esteve/self-driving-ND/CarND-Behavioral-Cloning-P3/data_hard/IMG/left_2017_04_28_18_34_32_796.jpg,/home/esteve/self-driving-ND/CarND-Behavioral-Cloning-P3/data_hard/IMG/right_2017_04_28_18_34_32_796.jpg,-0.4736842,0.8206003,0,16.53308
/home/esteve/self-driving-ND/CarND-Behavioral-Cloning-P3/data_hard/IMG/center_2017_04_28_18_34_32_876.jpg,/home/esteve/self-driving-ND/CarND-Behavioral-Cloning-P3/data_hard/IMG/left_2017_04_28_18_34_32_876.jpg,/home/esteve/self-driving-ND/CarND-Behavioral-Cloning-P3/data_hard/IMG/right_2017_04_28_18_34_32_876.jpg,-0.4736842,0.5802851,0,16.90447
/home/esteve/self-driving-ND/CarND-Behavioral-Cloning-P3/data_hard/IMG/center_2017_04_28_18_34_32_951.jpg,/home/esteve/self-driving-ND/CarND-Behavioral-Cloning-P3/data_hard/IMG/left_2017_04_28_18_34_32_951.jpg,/home/esteve/self-driving-ND/CarND-Behavioral-Cloning-P3/data_hard/IMG/right_2017_04_28_18_34_32_951.jpg,-0.4736842,0.5859578,0,17.35058
/home/esteve/self-driving-ND/CarND-Behavioral-Cloning-P3/data_hard/IMG/center_2017_04_28_18_34_33_023.jpg,/home/esteve/self-driving-ND/CarND-Behavioral-Cloning-P3/data_hard/IMG/left_2017_04_28_18_34_33_023.jpg,/home/esteve/self-driving-ND/CarND-Behavioral-Cloning-P3/data_hard/IMG/right_2017_04_28_18_34_33_023.jpg,-0.4736842,0.8141437,0,17.91598
/home/esteve/self-driving-ND/CarND-Behavioral-Cloning-P3/data_hard/IMG/center_2017_04_28_18_34_33_101.jpg,/home/esteve/self-driving-ND/CarND-Behavioral-Cloning-P3/data_hard/IMG/left_2017_04_28_18_34_33_101.jpg,/home/esteve/self-driving-ND/CarND-Behavioral-Cloning-P3/data_hard/IMG/right_2017_04_28_18_34_33_101.jpg,-0.4736842,0.9944618,0,18.15275
/home/esteve/self-driving-ND/CarND-Behavioral-Cloning-P3/data_hard/IMG/center_2017_04_28_18_34_33_176.jpg,/home/esteve/self-driving-ND/CarND-Behavioral-Cloning-P3/data_hard/IMG/left_2017_04_28_18_34_33_176.jpg,/home/esteve/self-driving-ND/CarND-Behavioral-Cloning-P3/data_hard/IMG/right_2017_04_28_18_34_33_176.jpg,-0.4736842,0.9393821,0,18.79124
/home/esteve/self-driving-ND/CarND-Behavioral-Cloning-P3/data_hard/IMG/center_2017_04_28_18_34_33_256.jpg,/home/esteve/self-driving-ND/CarND-Behavioral-Cloning-P3/data_hard/IMG/left_2017_04_28_18_34_33_256.jpg,/home/esteve/self-driving-ND/CarND-Behavioral-Cloning-P3/data_hard/IMG/right_2017_04_28_18_34_33_256.jpg,-0.4736842,0.712204,0,19.67457
/home/esteve/self-driving-ND/CarND-Behavioral-Cloning-P3/data_hard/IMG/center_2017_04_28_18_34_33_332.jpg,/home/esteve/self-driving-ND/CarND-Behavioral-Cloning-P3/data_hard/IMG/left_2017_04_28_18_34_33_332.jpg,/home/esteve/self-driving-ND/CarND-Behavioral-Cloning-P3/data_hard/IMG/right_2017_04_28_18_34_33_332.jpg,-0.3533835,0.4736769,0,20.18272
/home/esteve/self-driving-ND/CarND-Behavioral-Cloning-P3/data_hard/IMG/center_2017_04_28_18_34_33_409.jpg,/home/esteve/self-driving-ND/CarND-Behavioral-Cloning-P3/data_hard/IMG/left_2017_04_28_18_34_33_409.jpg,/home/esteve/self-driving-ND/CarND-Behavioral-Cloning-P3/data_hard/IMG/right_2017_04_28_18_34_33_409.jpg,-0.2030075,0.240505,0,20.3716
/home/esteve/self-driving-ND/CarND-Behavioral-Cloning-P3/data_hard/IMG/center_2017_04_28_18_34_33_488.jpg,/home/esteve/self-driving-ND/CarND-Behavioral-Cloning-P3/data_hard/IMG/left_2017_04_28_18_34_33_488.jpg,/home/esteve/self-driving-ND/CarND-Behavioral-Cloning-P3/data_hard/IMG/right_2017_04_28_18_34_33_488.jpg,-0.09774436,0.004597187,0,20.34423
/home/esteve/self-driving-ND/CarND-Behavioral-Cloning-P3/data_hard/IMG/center_2017_04_28_18_34_33_562.jpg,/home/esteve/self-driving-ND/CarND-Behavioral-Cloning-P3/data_hard/IMG/left_2017_04_28_18_34_33_562.jpg,/home/esteve/self-driving-ND/CarND-Behavioral-Cloning-P3/data_hard/IMG/right_2017_04_28_18_34_33_562.jpg,-0.04511278,0.06174588,0,20.2189
/home/esteve/self-driving-ND/CarND-Behavioral-Cloning-P3/data_hard/IMG/center_2017_04_28_18_34_33_637.jpg,/home/esteve/self-driving-ND/CarND-Behavioral-Cloning-P3/data_hard/IMG/left_2017_04_28_18_34_33_637.jpg,/home/esteve/self-driving-ND/CarND-Behavioral-Cloning-P3/data_hard/IMG/right_2017_04_28_18_34_33_637.jpg,-0.04511278,0.2872624,0,19.98901
/home/esteve/self-driving-ND/CarND-Behavioral-Cloning-P3/data_hard/IMG/center_2017_04_28_18_34_33_713.jpg,/home/esteve/self-driving-ND/CarND-Behavioral-Cloning-P3/data_hard/IMG/left_2017_04_28_18_34_33_713.jpg,/home/esteve/self-driving-ND/CarND-Behavioral-Cloning-P3/data_hard/IMG/right_2017_04_28_18_34_33_713.jpg,-0.04511278,0.5157874,0,20.22876
/home/esteve/self-driving-ND/CarND-Behavioral-Cloning-P3/data_hard/IMG/center_2017_04_28_18_34_33_796.jpg,/home/esteve/self-driving-ND/CarND-Behavioral-Cloning-P3/data_hard/IMG/left_2017_04_28_18_34_33_796.jpg,/home/esteve/self-driving-ND/CarND-Behavioral-Cloning-P3/data_hard/IMG/right_2017_04_28_18_34_33_796.jpg,0.03007519,0.764421,0,20.72147
/home/esteve/self-driving-ND/CarND-Behavioral-Cloning-P3/data_hard/IMG/center_2017_04_28_18_34_33_878.jpg,/home/esteve/self-driving-ND/CarND-Behavioral-Cloning-P3/data_hard/IMG/left_2017_04_28_18_34_33_878.jpg,/home/esteve/self-driving-ND/CarND-Behavioral-Cloning-P3/data_hard/IMG/right_2017_04_28_18_34_33_878.jpg,0.1729323,1,0,21.42579
/home/esteve/self-driving-ND/CarND-Behavioral-Cloning-P3/data_hard/IMG/center_2017_04_28_18_34_33_957.jpg,/home/esteve/self-driving-ND/CarND-Behavioral-Cloning-P3/data_hard/IMG/left_2017_04_28_18_34_33_957.jpg,/home/esteve/self-driving-ND/CarND-Behavioral-Cloning-P3/data_hard/IMG/right_2017_04_28_18_34_33_957.jpg,0.1729323,0.7640443,0,22.11948
/home/esteve/self-driving-ND/CarND-Behavioral-Cloning-P3/data_hard/IMG/center_2017_04_28_18_34_34_030.jpg,/home/esteve/self-driving-ND/CarND-Behavioral-Cloning-P3/data_hard/IMG/left_2017_04_28_18_34_34_030.jpg,/home/esteve/self-driving-ND/CarND-Behavioral-Cloning-P3/data_hard/IMG/right_2017_04_28_18_34_34_030.jpg,0.1578947,0.5447383,0,22.58119
/home/esteve/self-driving-ND/CarND-Behavioral-Cloning-P3/data_hard/IMG/center_2017_04_28_18_34_34_105.jpg,/home/esteve/self-driving-ND/CarND-Behavioral-Cloning-P3/data_hard/IMG/left_2017_04_28_18_34_34_105.jpg,/home/esteve/self-driving-ND/CarND-Behavioral-Cloning-P3/data_hard/IMG/right_2017_04_28_18_34_34_105.jpg,0.112782,0.3197589,0,22.82601
/home/esteve/self-driving-ND/CarND-Behavioral-Cloning-P3/data_hard/IMG/center_2017_04_28_18_34_34_182.jpg,/home/esteve/self-driving-ND/CarND-Behavioral-Cloning-P3/data_hard/IMG/left_2017_04_28_18_34_34_182.jpg,/home/esteve/self-driving-ND/CarND-Behavioral-Cloning-P3/data_hard/IMG/right_2017_04_28_18_34_34_182.jpg,0.07518797,0.08636165,0,22.85098
/home/esteve/self-driving-ND/CarND-Behavioral-Cloning-P3/data_hard/IMG/center_2017_04_28_18_34_34_258.jpg,/home/esteve/self-driving-ND/CarND-Behavioral-Cloning-P3/data_hard/IMG/left_2017_04_28_18_34_34_258.jpg,/home/esteve/self-driving-ND/CarND-Behavioral-Cloning-P3/data_hard/IMG/right_2017_04_28_18_34_34_258.jpg,0.06766918,0,0,22.75436
/home/esteve/self-driving-ND/CarND-Behavioral-Cloning-P3/data_hard/IMG/center_2017_04_28_18_34_34_330.jpg,/home/esteve/self-driving-ND/CarND-Behavioral-Cloning-P3/data_hard/IMG/left_2017_04_28_18_34_34_330.jpg,/home/esteve/self-driving-ND/CarND-Behavioral-Cloning-P3/data_hard/IMG/right_2017_04_28_18_34_34_330.jpg,0.06766918,0,0,22.56997
/home/esteve/self-driving-ND/CarND-Behavioral-Cloning-P3/data_hard/IMG/center_2017_04_28_18_34_34_408.jpg,/home/esteve/self-driving-ND/CarND-Behavioral-Cloning-P3/data_hard/IMG/left_2017_04_28_18_34_34_408.jpg,/home/esteve/self-driving-ND/CarND-Behavioral-Cloning-P3/data_hard/IMG/right_2017_04_28_18_34_34_408.jpg,0.06766918,0.1787524,0,22.4449
/home/esteve/self-driving-ND/CarND-Behavioral-Cloning-P3/data_hard/IMG/center_2017_04_28_18_34_34_480.jpg,/home/esteve/self-driving-ND/CarND-Behavioral-Cloning-P3/data_hard/IMG/left_2017_04_28_18_34_34_480.jpg,/home/esteve/self-driving-ND/CarND-Behavioral-Cloning-P3/data_hard/IMG/right_2017_04_28_18_34_34_480.jpg,0.06766918,0.3400955,0,22.47296
/home/esteve/self-driving-ND/CarND-Behavioral-Cloning-P3/data_hard/IMG/center_2017_04_28_18_34_34_557.jpg,/home/esteve/self-driving-ND/CarND-Behavioral-Cloning-P3/data_hard/IMG/left_2017_04_28_18_34_34_557.jpg,/home/esteve/self-driving-ND/CarND-Behavioral-Cloning-P3/data_hard/IMG/right_2017_04_28_18_34_34_557.jpg,0.06766918,0.3969247,0,22.7318
/home/esteve/self-driving-ND/CarND-Behavioral-Cloning-P3/data_hard/IMG/center_2017_04_28_18_34_34_633.jpg,/home/esteve/self-driving-ND/CarND-Behavioral-Cloning-P3/data_hard/IMG/left_2017_04_28_18_34_34_633.jpg,/home/esteve/self-driving-ND/CarND-Behavioral-Cloning-P3/data_hard/IMG/right_2017_04_28_18_34_34_633.jpg,0.06766918,0.16801,0,22.81949
/home/esteve/self-driving-ND/CarND-Behavioral-Cloning-P3/data_hard/IMG/center_2017_04_28_18_34_34_716.jpg,/home/esteve/self-driving-ND/CarND-Behavioral-Cloning-P3/data_hard/IMG/left_2017_04_28_18_34_34_716.jpg,/home/esteve/self-driving-ND/CarND-Behavioral-Cloning-P3/data_hard/IMG/right_2017_04_28_18_34_34_716.jpg,0.06766918,0,0,22.69455
/home/esteve/self-driving-ND/CarND-Behavioral-Cloning-P3/data_hard/IMG/center_2017_04_28_18_34_34_792.jpg,/home/esteve/self-driving-ND/CarND-Behavioral-Cloning-P3/data_hard/IMG/left_2017_04_28_18_34_34_792.jpg,/home/esteve/self-driving-ND/CarND-Behavioral-Cloning-P3/data_hard/IMG/right_2017_04_28_18_34_34_792.jpg,0.06766918,0,0,22.51361
/home/esteve/self-driving-ND/CarND-Behavioral-Cloning-P3/data_hard/IMG/center_2017_04_28_18_34_34_867.jpg,/home/esteve/self-driving-ND/CarND-Behavioral-Cloning-P3/data_hard/IMG/left_2017_04_28_18_34_34_867.jpg,/home/esteve/self-driving-ND/CarND-Behavioral-Cloning-P3/data_hard/IMG/right_2017_04_28_18_34_34_867.jpg,0.06766918,0.1558614,0,22.37893
/home/esteve/self-driving-ND/CarND-Behavioral-Cloning-P3/data_hard/IMG/center_2017_04_28_18_34_34_945.jpg,/home/esteve/self-driving-ND/CarND-Behavioral-Cloning-P3/data_hard/IMG/left_2017_04_28_18_34_34_945.jpg,/home/esteve/self-driving-ND/CarND-Behavioral-Cloning-P3/data_hard/IMG/right_2017_04_28_18_34_34_945.jpg,0.06766918,0.390486,0,22.46644
/home/esteve/self-driving-ND/CarND-Behavioral-Cloning-P3/data_hard/IMG/center_2017_04_28_18_34_35_028.jpg,/home/esteve/self-driving-ND/CarND-Behavioral-Cloning-P3/data_hard/IMG/left_2017_04_28_18_34_35_028.jpg,/home/esteve/self-driving-ND/CarND-Behavioral-Cloning-P3/data_hard/IMG/right_2017_04_28_18_34_35_028.jpg,0.03759398,0.6370854,0,22.78531
/home/esteve/self-driving-ND/CarND-Behavioral-Cloning-P3/data_hard/IMG/center_2017_04_28_18_34_35_109.jpg,/home/esteve/self-driving-ND/CarND-Behavioral-Cloning-P3/data_hard/IMG/left_2017_04_28_18_34_35_109.jpg,/home/esteve/self-driving-ND/CarND-Behavioral-Cloning-P3/data_hard/IMG/right_2017_04_28_18_34_35_109.jpg,0.007518797,0.5131137,0,23.21726
/home/esteve/self-driving-ND/CarND-Behavioral-Cloning-P3/data_hard/IMG/center_2017_04_28_18_34_35_192.jpg,/home/esteve/self-driving-ND/CarND-Behavioral-Cloning-P3/data_hard/IMG/left_2017_04_28_18_34_35_192.jpg,/home/esteve/self-driving-ND/CarND-Behavioral-Cloning-P3/data_hard/IMG/right_2017_04_28_18_34_35_192.jpg,-0.03759398,0.2649901,0,23.40834
/home/esteve/self-driving-ND/CarND-Behavioral-Cloning-P3/data_hard/IMG/center_2017_04_28_18_34_35_272.jpg,/home/esteve/self-driving-ND/CarND-Behavioral-Cloning-P3/data_hard/IMG/left_2017_04_28_18_34_35_272.jpg,/home/esteve/self-driving-ND/CarND-Behavioral-Cloning-P3/data_hard/IMG/right_2017_04_28_18_34_35_272.jpg,-0.07518797,0.02466917,0,23.35607
/home/esteve/self-driving-ND/CarND-Behavioral-Cloning-P3/data_hard/IMG/center_2017_04_28_18_34_35_354.jpg,/home/esteve/self-driving-ND/CarND-Behavioral-Cloning-P3/data_hard/IMG/left_2017_04_28_18_34_35_354.jpg,/home/esteve/self-driving-ND/CarND-Behavioral-Cloning-P3/data_hard/IMG/right_2017_04_28_18_34_35_354.jpg,-0.08270676,0,0,23.16381
/home/esteve/self-driving-ND/CarND-Behavioral-Cloning-P3/data_hard/IMG/center_2017_04_28_18_34_35_440.jpg,/home/esteve/self-driving-ND/CarND-Behavioral-Cloning-P3/data_hard/IMG/left_2017_04_28_18_34_35_440.jpg,/home/esteve/self-driving-ND/CarND-Behavioral-Cloning-P3/data_hard/IMG/right_2017_04_28_18_34_35_440.jpg,-0.09022556,0.1356454,0,23.00064
/home/esteve/self-driving-ND/CarND-Behavioral-Cloning-P3/data_hard/IMG/center_2017_04_28_18_34_35_523.jpg,/home/esteve/self-driving-ND/CarND-Behavioral-Cloning-P3/data_hard/IMG/left_2017_04_28_18_34_35_523.jpg,/home/esteve/self-driving-ND/CarND-Behavioral-Cloning-P3/data_hard/IMG/right_2017_04_28_18_34_35_523.jpg,-0.09022556,0.3844893,0,23.10867
/home/esteve/self-driving-ND/CarND-Behavioral-Cloning-P3/data_hard/IMG/center_2017_04_28_18_34_35_603.jpg,/home/esteve/self-driving-ND/CarND-Behavioral-Cloning-P3/data_hard/IMG/left_2017_04_28_18_34_35_603.jpg,/home/esteve/self-driving-ND/CarND-Behavioral-Cloning-P3/data_hard/IMG/right_2017_04_28_18_34_35_603.jpg,-0.09022556,0.247987,0,23.24597
/home/esteve/self-driving-ND/CarND-Behavioral-Cloning-P3/data_hard/IMG/center_2017_04_28_18_34_35_687.jpg,/home/esteve/self-driving-ND/CarND-Behavioral-Cloning-P3/data_hard/IMG/left_2017_04_28_18_34_35_687.jpg,/home/esteve/self-driving-ND/CarND-Behavioral-Cloning-P3/data_hard/IMG/right_2017_04_28_18_34_35_687.jpg,-0.09022556,0,0,23.17743
/home/esteve/self-driving-ND/CarND-Behavioral-Cloning-P3/data_hard/IMG/center_2017_04_28_18_34_35_778.jpg,/home/esteve/self-driving-ND/CarND-Behavioral-Cloning-P3/data_hard/IMG/left_2017_04_28_18_34_35_778.jpg,/home/esteve/self-driving-ND/CarND-Behavioral-Cloning-P3/data_hard/IMG/right_2017_04_28_18_34_35_778.jpg,-0.09022556,0,0,22.98624
/home/esteve/self-driving-ND/CarND-Behavioral-Cloning-P3/data_hard/IMG/center_2017_04_28_18_34_35_850.jpg,/home/esteve/self-driving-ND/CarND-Behavioral-Cloning-P3/data_hard/IMG/left_2017_04_28_18_34_35_850.jpg,/home/esteve/self-driving-ND/CarND-Behavioral-Cloning-P3/data_hard/IMG/right_2017_04_28_18_34_35_850.jpg,-0.03007519,0.1496036,0,22.83963
/home/esteve/self-driving-ND/CarND-Behavioral-Cloning-P3/data_hard/IMG/center_2017_04_28_18_34_35_939.jpg,/home/esteve/self-driving-ND/CarND-Behavioral-Cloning-P3/data_hard/IMG/left_2017_04_28_18_34_35_939.jpg,/home/esteve/self-driving-ND/CarND-Behavioral-Cloning-P3/data_hard/IMG/right_2017_04_28_18_34_35_939.jpg,-0.007518797,0.415839,0,22.92897
/home/esteve/self-driving-ND/CarND-Behavioral-Cloning-P3/data_hard/IMG/center_2017_04_28_18_34_36_020.jpg,/home/esteve/self-driving-ND/CarND-Behavioral-Cloning-P3/data_hard/IMG/left_2017_04_28_18_34_36_020.jpg,/home/esteve/self-driving-ND/CarND-Behavioral-Cloning-P3/data_hard/IMG/right_2017_04_28_18_34_36_020.jpg,-0.007518797,0.607182,0,23.26399
/home/esteve/self-driving-ND/CarND-Behavioral-Cloning-P3/data_hard/IMG/center_2017_04_28_18_34_36_102.jpg,/home/esteve/self-driving-ND/CarND-Behavioral-Cloning-P3/data_hard/IMG/left_2017_04_28_18_34_36_102.jpg,/home/esteve/self-driving-ND/CarND-Behavioral-Cloning-P3/data_hard/IMG/right_2017_04_28_18_34_36_102.jpg,-0.007518797,0.4126625,0,23.66538
/home/esteve/self-driving-ND/CarND-Behavioral-Cloning-P3/data_hard/IMG/center_2017_04_28_18_34_36_185.jpg,/home/esteve/self-driving-ND/CarND-Behavioral-Cloning-P3/data_hard/IMG/left_2017_04_28_18_34_36_185.jpg,/home/esteve/self-driving-ND/CarND-Behavioral-Cloning-P3/data_hard/IMG/right_2017_04_28_18_34_36_185.jpg,-0.007518797,0.1638787,0,23.7621
/home/esteve/self-driving-ND/CarND-Behavioral-Cloning-P3/data_hard/IMG/center_2017_04_28_18_34_36_268.jpg,/home/esteve/self-driving-ND/CarND-Behavioral-Cloning-P3/data_hard/IMG/left_2017_04_28_18_34_36_268.jpg,/home/esteve/self-driving-ND/CarND-Behavioral-Cloning-P3/data_hard/IMG/right_2017_04_28_18_34_36_268.jpg,-0.007518797,0,0,23.62554
/home/esteve/self-driving-ND/CarND-Behavioral-Cloning-P3/data_hard/IMG/center_2017_04_28_18_34_36_349.jpg,/home/esteve/self-driving-ND/CarND-Behavioral-Cloning-P3/data_hard/IMG/left_2017_04_28_18_34_36_349.jpg,/home/esteve/self-driving-ND/CarND-Behavioral-Cloning-P3/data_hard/IMG/right_2017_04_28_18_34_36_349.jpg,-0.007518797,0,0,23.43611
/home/esteve/self-driving-ND/CarND-Behavioral-Cloning-P3/data_hard/IMG/center_2017_04_28_18_34_36_430.jpg,/home/esteve/self-driving-ND/CarND-Behavioral-Cloning-P3/data_hard/IMG/left_2017_04_28_18_34_36_430.jpg,/home/esteve/self-driving-ND/CarND-Behavioral-Cloning-P3/data_hard/IMG/right_2017_04_28_18_34_36_430.jpg,-0.007518797,0.1719182,0,23.30002
/home/esteve/self-driving-ND/CarND-Behavioral-Cloning-P3/data_hard/IMG/center_2017_04_28_18_34_36_509.jpg,/home/esteve/self-driving-ND/CarND-Behavioral-Cloning-P3/data_hard/IMG/left_2017_04_28_18_34_36_509.jpg,/home/esteve/self-driving-ND/CarND-Behavioral-Cloning-P3/data_hard/IMG/right_2017_04_28_18_34_36_509.jpg,-0.007518797,0.4111018,0,23.39527
/home/esteve/self-driving-ND/CarND-Behavioral-Cloning-P3/data_hard/IMG/center_2017_04_28_18_34_36_589.jpg,/home/esteve/self-driving-ND/CarND-Behavioral-Cloning-P3/data_hard/IMG/left_2017_04_28_18_34_36_589.jpg,/home/esteve/self-driving-ND/CarND-Behavioral-Cloning-P3/data_hard/IMG/right_2017_04_28_18_34_36_589.jpg,-0.007518797,0.1728566,0,23.49426
/home/esteve/self-driving-ND/CarND-Behavioral-Cloning-P3/data_hard/IMG/center_2017_04_28_18_34_36_668.jpg,/home/esteve/self-driving-ND/CarND-Behavioral-Cloning-P3/data_hard/IMG/left_2017_04_28_18_34_36_668.jpg,/home/esteve/self-driving-ND/CarND-Behavioral-Cloning-P3/data_hard/IMG/right_2017_04_28_18_34_36_668.jpg,-0.007518797,0,0,23.36256
/home/esteve/self-driving-ND/CarND-Behavioral-Cloning-P3/data_hard/IMG/center_2017_04_28_18_34_36_748.jpg,/home/esteve/self-driving-ND/CarND-Behavioral-Cloning-P3/data_hard/IMG/left_2017_04_28_18_34_36_748.jpg,/home/esteve/self-driving-ND/CarND-Behavioral-Cloning-P3/data_hard/IMG/right_2017_04_28_18_34_36_748.jpg,-0.007518797,0,0,23.17629
/home/esteve/self-driving-ND/CarND-Behavioral-Cloning-P3/data_hard/IMG/center_2017_04_28_18_34_36_815.jpg,/home/esteve/self-driving-ND/CarND-Behavioral-Cloning-P3/data_hard/IMG/left_2017_04_28_18_34_36_815.jpg,/home/esteve/self-driving-ND/CarND-Behavioral-Cloning-P3/data_hard/IMG/right_2017_04_28_18_34_36_815.jpg,-0.007518797,0,0,23.03775
/home/esteve/self-driving-ND/CarND-Behavioral-Cloning-P3/data_hard/IMG/center_2017_04_28_18_34_36_901.jpg,/home/esteve/self-driving-ND/CarND-Behavioral-Cloning-P3/data_hard/IMG/left_2017_04_28_18_34_36_901.jpg,/home/esteve/self-driving-ND/CarND-Behavioral-Cloning-P3/data_hard/IMG/right_2017_04_28_18_34_36_901.jpg,-0.007518797,0.1938744,0,22.91301
/home/esteve/self-driving-ND/CarND-Behavioral-Cloning-P3/data_hard/IMG/center_2017_04_28_18_34_36_975.jpg,/home/esteve/self-driving-ND/CarND-Behavioral-Cloning-P3/data_hard/IMG/left_2017_04_28_18_34_36_975.jpg,/home/esteve/self-driving-ND/CarND-Behavioral-Cloning-P3/data_hard/IMG/right_2017_04_28_18_34_36_975.jpg,-0.007518797,0.3006835,0,23.0225
/home/esteve/self-driving-ND/CarND-Behavioral-Cloning-P3/data_hard/IMG/center_2017_04_28_18_34_37_052.jpg,/home/esteve/self-driving-ND/CarND-Behavioral-Cloning-P3/data_hard/IMG/left_2017_04_28_18_34_37_052.jpg,/home/esteve/self-driving-ND/CarND-Behavioral-Cloning-P3/data_hard/IMG/right_2017_04_28_18_34_37_052.jpg,-0.007518797,0.07058001,0,23.01458
/home/esteve/self-driving-ND/CarND-Behavioral-Cloning-P3/data_hard/IMG/center_2017_04_28_18_34_37_129.jpg,/home/esteve/self-driving-ND/CarND-Behavioral-Cloning-P3/data_hard/IMG/left_2017_04_28_18_34_37_129.jpg,/home/esteve/self-driving-ND/CarND-Behavioral-Cloning-P3/data_hard/IMG/right_2017_04_28_18_34_37_129.jpg,-0.007518797,0,0,22.83769
/home/esteve/self-driving-ND/CarND-Behavioral-Cloning-P3/data_hard/IMG/center_2017_04_28_18_34_37_208.jpg,/home/esteve/self-driving-ND/CarND-Behavioral-Cloning-P3/data_hard/IMG/left_2017_04_28_18_34_37_208.jpg,/home/esteve/self-driving-ND/CarND-Behavioral-Cloning-P3/data_hard/IMG/right_2017_04_28_18_34_37_208.jpg,-0.007518797,0,0,22.65388
/home/esteve/self-driving-ND/CarND-Behavioral-Cloning-P3/data_hard/IMG/center_2017_04_28_18_34_37_280.jpg,/home/esteve/self-driving-ND/CarND-Behavioral-Cloning-P3/data_hard/IMG/left_2017_04_28_18_34_37_280.jpg,/home/esteve/self-driving-ND/CarND-Behavioral-Cloning-P3/data_hard/IMG/right_2017_04_28_18_34_37_280.jpg,-0.007518797,0,0,22.51679
/home/esteve/self-driving-ND/CarND-Behavioral-Cloning-P3/data_hard/IMG/center_2017_04_28_18_34_37_354.jpg,/home/esteve/self-driving-ND/CarND-Behavioral-Cloning-P3/data_hard/IMG/left_2017_04_28_18_34_37_354.jpg,/home/esteve/self-driving-ND/CarND-Behavioral-Cloning-P3/data_hard/IMG/right_2017_04_28_18_34_37_354.jpg,-0.007518797,0,0,22.33582
/home/esteve/self-driving-ND/CarND-Behavioral-Cloning-P3/data_hard/IMG/center_2017_04_28_18_34_37_430.jpg,/home/esteve/self-driving-ND/CarND-Behavioral-Cloning-P3/data_hard/IMG/left_2017_04_28_18_34_37_430.jpg,/home/esteve/self-driving-ND/CarND-Behavioral-Cloning-P3/data_hard/IMG/right_2017_04_28_18_34_37_430.jpg,-0.007518797,0,0,22.15627
/home/esteve/self-driving-ND/CarND-Behavioral-Cloning-P3/data_hard/IMG/center_2017_04_28_18_34_37_500.jpg,/home/esteve/self-driving-ND/CarND-Behavioral-Cloning-P3/data_hard/IMG/left_2017_04_28_18_34_37_500.jpg,/home/esteve/self-driving-ND/CarND-Behavioral-Cloning-P3/data_hard/IMG/right_2017_04_28_18_34_37_500.jpg,-0.007518797,0,0,22.02261
/home/esteve/self-driving-ND/CarND-Behavioral-Cloning-P3/data_hard/IMG/center_2017_04_28_18_34_37_576.jpg,/home/esteve/self-driving-ND/CarND-Behavioral-Cloning-P3/data_hard/IMG/left_2017_04_28_18_34_37_576.jpg,/home/esteve/self-driving-ND/CarND-Behavioral-Cloning-P3/data_hard/IMG/right_2017_04_28_18_34_37_576.jpg,-0.03007519,0,0,21.84519
/home/esteve/self-driving-ND/CarND-Behavioral-Cloning-P3/data_hard/IMG/center_2017_04_28_18_34_37_646.jpg,/home/esteve/self-driving-ND/CarND-Behavioral-Cloning-P3/data_hard/IMG/left_2017_04_28_18_34_37_646.jpg,/home/esteve/self-driving-ND/CarND-Behavioral-Cloning-P3/data_hard/IMG/right_2017_04_28_18_34_37_646.jpg,-0.04511278,0,0,21.6687
/home/esteve/self-driving-ND/CarND-Behavioral-Cloning-P3/data_hard/IMG/center_2017_04_28_18_34_37_718.jpg,/home/esteve/self-driving-ND/CarND-Behavioral-Cloning-P3/data_hard/IMG/left_2017_04_28_18_34_37_718.jpg,/home/esteve/self-driving-ND/CarND-Behavioral-Cloning-P3/data_hard/IMG/right_2017_04_28_18_34_37_718.jpg,-0.04511278,0,0,21.53745
/home/esteve/self-driving-ND/CarND-Behavioral-Cloning-P3/data_hard/IMG/center_2017_04_28_18_34_37_791.jpg,/home/esteve/self-driving-ND/CarND-Behavioral-Cloning-P3/data_hard/IMG/left_2017_04_28_18_34_37_791.jpg,/home/esteve/self-driving-ND/CarND-Behavioral-Cloning-P3/data_hard/IMG/right_2017_04_28_18_34_37_791.jpg,-0.05263158,0,0,21.36374
/home/esteve/self-driving-ND/CarND-Behavioral-Cloning-P3/data_hard/IMG/center_2017_04_28_18_34_37_871.jpg,/home/esteve/self-driving-ND/CarND-Behavioral-Cloning-P3/data_hard/IMG/left_2017_04_28_18_34_37_871.jpg,/home/esteve/self-driving-ND/CarND-Behavioral-Cloning-P3/data_hard/IMG/right_2017_04_28_18_34_37_871.jpg,-0.06766918,0,0,21.19099
/home/esteve/self-driving-ND/CarND-Behavioral-Cloning-P3/data_hard/IMG/center_2017_04_28_18_34_37_945.jpg,/home/esteve/self-driving-ND/CarND-Behavioral-Cloning-P3/data_hard/IMG/left_2017_04_28_18_34_37_945.jpg,/home/esteve/self-driving-ND/CarND-Behavioral-Cloning-P3/data_hard/IMG/right_2017_04_28_18_34_37_945.jpg,-0.08270676,0,0,21.019
/home/esteve/self-driving-ND/CarND-Behavioral-Cloning-P3/data_hard/IMG/center_2017_04_28_18_34_38_017.jpg,/home/esteve/self-driving-ND/CarND-Behavioral-Cloning-P3/data_hard/IMG/left_2017_04_28_18_34_38_017.jpg,/home/esteve/self-driving-ND/CarND-Behavioral-Cloning-P3/data_hard/IMG/right_2017_04_28_18_34_38_017.jpg,-0.1052632,0.05433941,0,20.89033
/home/esteve/self-driving-ND/CarND-Behavioral-Cloning-P3/data_hard/IMG/center_2017_04_28_18_34_38_090.jpg,/home/esteve/self-driving-ND/CarND-Behavioral-Cloning-P3/data_hard/IMG/left_2017_04_28_18_34_38_090.jpg,/home/esteve/self-driving-ND/CarND-Behavioral-Cloning-P3/data_hard/IMG/right_2017_04_28_18_34_38_090.jpg,-0.112782,0.2727242,0,20.88141
/home/esteve/self-driving-ND/CarND-Behavioral-Cloning-P3/data_hard/IMG/center_2017_04_28_18_34_38_162.jpg,/home/esteve/self-driving-ND/CarND-Behavioral-Cloning-P3/data_hard/IMG/left_2017_04_28_18_34_38_162.jpg,/home/esteve/self-driving-ND/CarND-Behavioral-Cloning-P3/data_hard/IMG/right_2017_04_28_18_34_38_162.jpg,-0.1278196,0.2699425,0,21.0269
/home/esteve/self-driving-ND/CarND-Behavioral-Cloning-P3/data_hard/IMG/center_2017_04_28_18_34_38_234.jpg,/home/esteve/self-driving-ND/CarND-Behavioral-Cloning-P3/data_hard/IMG/left_2017_04_28_18_34_38_234.jpg,/home/esteve/self-driving-ND/CarND-Behavioral-Cloning-P3/data_hard/IMG/right_2017_04_28_18_34_38_234.jpg,-0.1353384,0.05551171,0,21.02469
/home/esteve/self-driving-ND/CarND-Behavioral-Cloning-P3/data_hard/IMG/center_2017_04_28_18_34_38_305.jpg,/home/esteve/self-driving-ND/CarND-Behavioral-Cloning-P3/data_hard/IMG/left_2017_04_28_18_34_38_305.jpg,/home/esteve/self-driving-ND/CarND-Behavioral-Cloning-P3/data_hard/IMG/right_2017_04_28_18_34_38_305.jpg,-0.1428571,0,0,20.85887
/home/esteve/self-driving-ND/CarND-Behavioral-Cloning-P3/data_hard/IMG/center_2017_04_28_18_34_38_375.jpg,/home/esteve/self-driving-ND/CarND-Behavioral-Cloning-P3/data_hard/IMG/left_2017_04_28_18_34_38_375.jpg,/home/esteve/self-driving-ND/CarND-Behavioral-Cloning-P3/data_hard/IMG/right_2017_04_28_18_34_38_375.jpg,-0.1428571,0,0,20.69025
/home/esteve/self-driving-ND/CarND-Behavioral-Cloning-P3/data_hard/IMG/center_2017_04_28_18_34_38_446.jpg,/home/esteve/self-driving-ND/CarND-Behavioral-Cloning-P3/data_hard/IMG/left_2017_04_28_18_34_38_446.jpg,/home/esteve/self-driving-ND/CarND-Behavioral-Cloning-P3/data_hard/IMG/right_2017_04_28_18_34_38_446.jpg,-0.1428571,0,0,20.48194
/home/esteve/self-driving-ND/CarND-Behavioral-Cloning-P3/data_hard/IMG/center_2017_04_28_18_34_38_517.jpg,/home/esteve/self-driving-ND/CarND-Behavioral-Cloning-P3/data_hard/IMG/left_2017_04_28_18_34_38_517.jpg,/home/esteve/self-driving-ND/CarND-Behavioral-Cloning-P3/data_hard/IMG/right_2017_04_28_18_34_38_517.jpg,-0.1428571,0.1597381,0,20.5439
/home/esteve/self-driving-ND/CarND-Behavioral-Cloning-P3/data_hard/IMG/center_2017_04_28_18_34_38_589.jpg,/home/esteve/self-driving-ND/CarND-Behavioral-Cloning-P3/data_hard/IMG/left_2017_04_28_18_34_38_589.jpg,/home/esteve/self-driving-ND/CarND-Behavioral-Cloning-P3/data_hard/IMG/right_2017_04_28_18_34_38_589.jpg,-0.1954887,0.3778317,0,20.63412
/home/esteve/self-driving-ND/CarND-Behavioral-Cloning-P3/data_hard/IMG/center_2017_04_28_18_34_38_657.jpg,/home/esteve/self-driving-ND/CarND-Behavioral-Cloning-P3/data_hard/IMG/left_2017_04_28_18_34_38_657.jpg,/home/esteve/self-driving-ND/CarND-Behavioral-Cloning-P3/data_hard/IMG/right_2017_04_28_18_34_38_657.jpg,-0.2330827,0.5379624,0,20.65289
/home/esteve/self-driving-ND/CarND-Behavioral-Cloning-P3/data_hard/IMG/center_2017_04_28_18_34_38_727.jpg,/home/esteve/self-driving-ND/CarND-Behavioral-Cloning-P3/data_hard/IMG/left_2017_04_28_18_34_38_727.jpg,/home/esteve/self-driving-ND/CarND-Behavioral-Cloning-P3/data_hard/IMG/right_2017_04_28_18_34_38_727.jpg,-0.2781955,0.7906466,0,21.15908
/home/esteve/self-driving-ND/CarND-Behavioral-Cloning-P3/data_hard/IMG/center_2017_04_28_18_34_38_806.jpg,/home/esteve/self-driving-ND/CarND-Behavioral-Cloning-P3/data_hard/IMG/left_2017_04_28_18_34_38_806.jpg,/home/esteve/self-driving-ND/CarND-Behavioral-Cloning-P3/data_hard/IMG/right_2017_04_28_18_34_38_806.jpg,-0.3007519,0.9088705,0,21.87394
/home/esteve/self-driving-ND/CarND-Behavioral-Cloning-P3/data_hard/IMG/center_2017_04_28_18_34_38_878.jpg,/home/esteve/self-driving-ND/CarND-Behavioral-Cloning-P3/data_hard/IMG/left_2017_04_28_18_34_38_878.jpg,/home/esteve/self-driving-ND/CarND-Behavioral-Cloning-P3/data_hard/IMG/right_2017_04_28_18_34_38_878.jpg,-0.3233083,0.6950662,0,22.39347
/home/esteve/self-driving-ND/CarND-Behavioral-Cloning-P3/data_hard/IMG/center_2017_04_28_18_34_38_948.jpg,/home/esteve/self-driving-ND/CarND-Behavioral-Cloning-P3/data_hard/IMG/left_2017_04_28_18_34_38_948.jpg,/home/esteve/self-driving-ND/CarND-Behavioral-Cloning-P3/data_hard/IMG/right_2017_04_28_18_34_38_948.jpg,-0.3233083,0.4832332,0,22.76218
/home/esteve/self-driving-ND/CarND-Behavioral-Cloning-P3/data_hard/IMG/center_2017_04_28_18_34_39_018.jpg,/home/esteve/self-driving-ND/CarND-Behavioral-Cloning-P3/data_hard/IMG/left_2017_04_28_18_34_39_018.jpg,/home/esteve/self-driving-ND/CarND-Behavioral-Cloning-P3/data_hard/IMG/right_2017_04_28_18_34_39_018.jpg,-0.3308271,0.2727685,0,22.86889
/home/esteve/self-driving-ND/CarND-Behavioral-Cloning-P3/data_hard/IMG/center_2017_04_28_18_34_39_092.jpg,/home/esteve/self-driving-ND/CarND-Behavioral-Cloning-P3/data_hard/IMG/left_2017_04_28_18_34_39_092.jpg,/home/esteve/self-driving-ND/CarND-Behavioral-Cloning-P3/data_hard/IMG/right_2017_04_28_18_34_39_092.jpg,-0.3308271,0.05168009,0,22.83937
/home/esteve/self-driving-ND/CarND-Behavioral-Cloning-P3/data_hard/IMG/center_2017_04_28_18_34_39_172.jpg,/home/esteve/self-driving-ND/CarND-Behavioral-Cloning-P3/data_hard/IMG/left_2017_04_28_18_34_39_172.jpg,/home/esteve/self-driving-ND/CarND-Behavioral-Cloning-P3/data_hard/IMG/right_2017_04_28_18_34_39_172.jpg,-0.3308271,0,0,22.65093
/home/esteve/self-driving-ND/CarND-Behavioral-Cloning-P3/data_hard/IMG/center_2017_04_28_18_34_39_242.jpg,/home/esteve/self-driving-ND/CarND-Behavioral-Cloning-P3/data_hard/IMG/left_2017_04_28_18_34_39_242.jpg,/home/esteve/self-driving-ND/CarND-Behavioral-Cloning-P3/data_hard/IMG/right_2017_04_28_18_34_39_242.jpg,-0.3308271,0.0520227,0,22.44977
/home/esteve/self-driving-ND/CarND-Behavioral-Cloning-P3/data_hard/IMG/center_2017_04_28_18_34_39_317.jpg,/home/esteve/self-driving-ND/CarND-Behavioral-Cloning-P3/data_hard/IMG/left_2017_04_28_18_34_39_317.jpg,/home/esteve/self-driving-ND/CarND-Behavioral-Cloning-P3/data_hard/IMG/right_2017_04_28_18_34_39_317.jpg,-0.3308271,0.277452,0,22.51653
/home/esteve/self-driving-ND/CarND-Behavioral-Cloning-P3/data_hard/IMG/center_2017_04_28_18_34_39_384.jpg,/home/esteve/self-driving-ND/CarND-Behavioral-Cloning-P3/data_hard/IMG/left_2017_04_28_18_34_39_384.jpg,/home/esteve/self-driving-ND/CarND-Behavioral-Cloning-P3/data_hard/IMG/right_2017_04_28_18_34_39_384.jpg,-0.3308271,0.4795289,0,22.69817
/home/esteve/self-driving-ND/CarND-Behavioral-Cloning-P3/data_hard/IMG/center_2017_04_28_18_34_39_457.jpg,/home/esteve/self-driving-ND/CarND-Behavioral-Cloning-P3/data_hard/IMG/left_2017_04_28_18_34_39_457.jpg,/home/esteve/self-driving-ND/CarND-Behavioral-Cloning-P3/data_hard/IMG/right_2017_04_28_18_34_39_457.jpg,-0.3308271,0.263001,0,22.75024
/home/esteve/self-driving-ND/CarND-Behavioral-Cloning-P3/data_hard/IMG/center_2017_04_28_18_34_39_527.jpg,/home/esteve/self-driving-ND/CarND-Behavioral-Cloning-P3/data_hard/IMG/left_2017_04_28_18_34_39_527.jpg,/home/esteve/self-driving-ND/CarND-Behavioral-Cloning-P3/data_hard/IMG/right_2017_04_28_18_34_39_527.jpg,-0.3308271,0.05281234,0,22.70684
/home/esteve/self-driving-ND/CarND-Behavioral-Cloning-P3/data_hard/IMG/center_2017_04_28_18_34_39_598.jpg,/home/esteve/self-driving-ND/CarND-Behavioral-Cloning-P3/data_hard/IMG/left_2017_04_28_18_34_39_598.jpg,/home/esteve/self-driving-ND/CarND-Behavioral-Cloning-P3/data_hard/IMG/right_2017_04_28_18_34_39_598.jpg,-0.3308271,0,0,22.68902
/home/esteve/self-driving-ND/CarND-Behavioral-Cloning-P3/data_hard/IMG/center_2017_04_28_18_34_39_670.jpg,/home/esteve/self-driving-ND/CarND-Behavioral-Cloning-P3/data_hard/IMG/left_2017_04_28_18_34_39_670.jpg,/home/esteve/self-driving-ND/CarND-Behavioral-Cloning-P3/data_hard/IMG/right_2017_04_28_18_34_39_670.jpg,-0.3308271,0,0,22.5073
/home/esteve/self-driving-ND/CarND-Behavioral-Cloning-P3/data_hard/IMG/center_2017_04_28_18_34_39_741.jpg,/home/esteve/self-driving-ND/CarND-Behavioral-Cloning-P3/data_hard/IMG/left_2017_04_28_18_34_39_741.jpg,/home/esteve/self-driving-ND/CarND-Behavioral-Cloning-P3/data_hard/IMG/right_2017_04_28_18_34_39_741.jpg,-0.2481203,0.1072705,0,22.25504
/home/esteve/self-driving-ND/CarND-Behavioral-Cloning-P3/data_hard/IMG/center_2017_04_28_18_34_39_819.jpg,/home/esteve/self-driving-ND/CarND-Behavioral-Cloning-P3/data_hard/IMG/left_2017_04_28_18_34_39_819.jpg,/home/esteve/self-driving-ND/CarND-Behavioral-Cloning-P3/data_hard/IMG/right_2017_04_28_18_34_39_819.jpg,-0.2105263,0.3435209,0,22.36023
/home/esteve/self-driving-ND/CarND-Behavioral-Cloning-P3/data_hard/IMG/center_2017_04_28_18_34_39_896.jpg,/home/esteve/self-driving-ND/CarND-Behavioral-Cloning-P3/data_hard/IMG/left_2017_04_28_18_34_39_896.jpg,/home/esteve/self-driving-ND/CarND-Behavioral-Cloning-P3/data_hard/IMG/right_2017_04_28_18_34_39_896.jpg,-0.2105263,0.6243746,0,22.68796
/home/esteve/self-driving-ND/CarND-Behavioral-Cloning-P3/data_hard/IMG/center_2017_04_28_18_34_39_964.jpg,/home/esteve/self-driving-ND/CarND-Behavioral-Cloning-P3/data_hard/IMG/left_2017_04_28_18_34_39_964.jpg,/home/esteve/self-driving-ND/CarND-Behavioral-Cloning-P3/data_hard/IMG/right_2017_04_28_18_34_39_964.jpg,-0.2105263,0.6134212,0,23.17276
/home/esteve/self-driving-ND/CarND-Behavioral-Cloning-P3/data_hard/IMG/center_2017_04_28_18_34_40_039.jpg,/home/esteve/self-driving-ND/CarND-Behavioral-Cloning-P3/data_hard/IMG/left_2017_04_28_18_34_40_039.jpg,/home/esteve/self-driving-ND/CarND-Behavioral-Cloning-P3/data_hard/IMG/right_2017_04_28_18_34_40_039.jpg,-0.2105263,0.3871193,0,23.44287
/home/esteve/self-driving-ND/CarND-Behavioral-Cloning-P3/data_hard/IMG/center_2017_04_28_18_34_40_107.jpg,/home/esteve/self-driving-ND/CarND-Behavioral-Cloning-P3/data_hard/IMG/left_2017_04_28_18_34_40_107.jpg,/home/esteve/self-driving-ND/CarND-Behavioral-Cloning-P3/data_hard/IMG/right_2017_04_28_18_34_40_107.jpg,-0.2105263,0.1835361,0,23.53338
/home/esteve/self-driving-ND/CarND-Behavioral-Cloning-P3/data_hard/IMG/center_2017_04_28_18_34_40_183.jpg,/home/esteve/self-driving-ND/CarND-Behavioral-Cloning-P3/data_hard/IMG/left_2017_04_28_18_34_40_183.jpg,/home/esteve/self-driving-ND/CarND-Behavioral-Cloning-P3/data_hard/IMG/right_2017_04_28_18_34_40_183.jpg,-0.2105263,0,0,23.40879
/home/esteve/self-driving-ND/CarND-Behavioral-Cloning-P3/data_hard/IMG/center_2017_04_28_18_34_40_251.jpg,/home/esteve/self-driving-ND/CarND-Behavioral-Cloning-P3/data_hard/IMG/left_2017_04_28_18_34_40_251.jpg,/home/esteve/self-driving-ND/CarND-Behavioral-Cloning-P3/data_hard/IMG/right_2017_04_28_18_34_40_251.jpg,-0.2706767,0.1067913,0,23.27591
/home/esteve/self-driving-ND/CarND-Behavioral-Cloning-P3/data_hard/IMG/center_2017_04_28_18_34_40_323.jpg,/home/esteve/self-driving-ND/CarND-Behavioral-Cloning-P3/data_hard/IMG/left_2017_04_28_18_34_40_323.jpg,/home/esteve/self-driving-ND/CarND-Behavioral-Cloning-P3/data_hard/IMG/right_2017_04_28_18_34_40_323.jpg,-0.3233083,0.3216634,0,23.27079
/home/esteve/self-driving-ND/CarND-Behavioral-Cloning-P3/data_hard/IMG/center_2017_04_28_18_34_40_394.jpg,/home/esteve/self-driving-ND/CarND-Behavioral-Cloning-P3/data_hard/IMG/left_2017_04_28_18_34_40_394.jpg,/home/esteve/self-driving-ND/CarND-Behavioral-Cloning-P3/data_hard/IMG/right_2017_04_28_18_34_40_394.jpg,-0.3458647,0.5354791,0,23.4309
/home/esteve/self-driving-ND/CarND-Behavioral-Cloning-P3/data_hard/IMG/center_2017_04_28_18_34_40_466.jpg,/home/esteve/self-driving-ND/CarND-Behavioral-Cloning-P3/data_hard/IMG/left_2017_04_28_18_34_40_466.jpg,/home/esteve/self-driving-ND/CarND-Behavioral-Cloning-P3/data_hard/IMG/right_2017_04_28_18_34_40_466.jpg,-0.3609022,0.3200219,0,23.6437
/home/esteve/self-driving-ND/CarND-Behavioral-Cloning-P3/data_hard/IMG/center_2017_04_28_18_34_40_535.jpg,/home/esteve/self-driving-ND/CarND-Behavioral-Cloning-P3/data_hard/IMG/left_2017_04_28_18_34_40_535.jpg,/home/esteve/self-driving-ND/CarND-Behavioral-Cloning-P3/data_hard/IMG/right_2017_04_28_18_34_40_535.jpg,-0.368421,0.1116543,0,23.64143
/home/esteve/self-driving-ND/CarND-Behavioral-Cloning-P3/data_hard/IMG/center_2017_04_28_18_34_40_607.jpg,/home/esteve/self-driving-ND/CarND-Behavioral-Cloning-P3/data_hard/IMG/left_2017_04_28_18_34_40_607.jpg,/home/esteve/self-driving-ND/CarND-Behavioral-Cloning-P3/data_hard/IMG/right_2017_04_28_18_34_40_607.jpg,-0.3759399,0,0,23.47016
/home/esteve/self-driving-ND/CarND-Behavioral-Cloning-P3/data_hard/IMG/center_2017_04_28_18_34_40_679.jpg,/home/esteve/self-driving-ND/CarND-Behavioral-Cloning-P3/data_hard/IMG/left_2017_04_28_18_34_40_679.jpg,/home/esteve/self-driving-ND/CarND-Behavioral-Cloning-P3/data_hard/IMG/right_2017_04_28_18_34_40_679.jpg,-0.3759399,0,0,23.32183
/home/esteve/self-driving-ND/CarND-Behavioral-Cloning-P3/data_hard/IMG/center_2017_04_28_18_34_40_752.jpg,/home/esteve/self-driving-ND/CarND-Behavioral-Cloning-P3/data_hard/IMG/left_2017_04_28_18_34_40_752.jpg,/home/esteve/self-driving-ND/CarND-Behavioral-Cloning-P3/data_hard/IMG/right_2017_04_28_18_34_40_752.jpg,-0.3759399,0,0,23.12641
/home/esteve/self-driving-ND/CarND-Behavioral-Cloning-P3/data_hard/IMG/center_2017_04_28_18_34_40_832.jpg,/home/esteve/self-driving-ND/CarND-Behavioral-Cloning-P3/data_hard/IMG/left_2017_04_28_18_34_40_832.jpg,/home/esteve/self-driving-ND/CarND-Behavioral-Cloning-P3/data_hard/IMG/right_2017_04_28_18_34_40_832.jpg,-0.3759399,0,0,22.93406
/home/esteve/self-driving-ND/CarND-Behavioral-Cloning-P3/data_hard/IMG/center_2017_04_28_18_34_40_907.jpg,/home/esteve/self-driving-ND/CarND-Behavioral-Cloning-P3/data_hard/IMG/left_2017_04_28_18_34_40_907.jpg,/home/esteve/self-driving-ND/CarND-Behavioral-Cloning-P3/data_hard/IMG/right_2017_04_28_18_34_40_907.jpg,-0.3759399,0,0,22.74412
/home/esteve/self-driving-ND/CarND-Behavioral-Cloning-P3/data_hard/IMG/center_2017_04_28_18_34_40_980.jpg,/home/esteve/self-driving-ND/CarND-Behavioral-Cloning-P3/data_hard/IMG/left_2017_04_28_18_34_40_980.jpg,/home/esteve/self-driving-ND/CarND-Behavioral-Cloning-P3/data_hard/IMG/right_2017_04_28_18_34_40_980.jpg,-0.3759399,0,0,22.60285
/home/esteve/self-driving-ND/CarND-Behavioral-Cloning-P3/data_hard/IMG/center_2017_04_28_18_34_41_052.jpg,/home/esteve/self-driving-ND/CarND-Behavioral-Cloning-P3/data_hard/IMG/left_2017_04_28_18_34_41_052.jpg,/home/esteve/self-driving-ND/CarND-Behavioral-Cloning-P3/data_hard/IMG/right_2017_04_28_18_34_41_052.jpg,-0.3759399,0,0,22.41637
/home/esteve/self-driving-ND/CarND-Behavioral-Cloning-P3/data_hard/IMG/center_2017_04_28_18_34_41_126.jpg,/home/esteve/self-driving-ND/CarND-Behavioral-Cloning-P3/data_hard/IMG/left_2017_04_28_18_34_41_126.jpg,/home/esteve/self-driving-ND/CarND-Behavioral-Cloning-P3/data_hard/IMG/right_2017_04_28_18_34_41_126.jpg,-0.3759399,0.05511332,0,22.23164
/home/esteve/self-driving-ND/CarND-Behavioral-Cloning-P3/data_hard/IMG/center_2017_04_28_18_34_41_198.jpg,/home/esteve/self-driving-ND/CarND-Behavioral-Cloning-P3/data_hard/IMG/left_2017_04_28_18_34_41_198.jpg,/home/esteve/self-driving-ND/CarND-Behavioral-Cloning-P3/data_hard/IMG/right_2017_04_28_18_34_41_198.jpg,-0.3759399,0.2697394,0,22.19781
/home/esteve/self-driving-ND/CarND-Behavioral-Cloning-P3/data_hard/IMG/center_2017_04_28_18_34_41_275.jpg,/home/esteve/self-driving-ND/CarND-Behavioral-Cloning-P3/data_hard/IMG/left_2017_04_28_18_34_41_275.jpg,/home/esteve/self-driving-ND/CarND-Behavioral-Cloning-P3/data_hard/IMG/right_2017_04_28_18_34_41_275.jpg,-0.2932331,0.03687358,0,22.18335
/home/esteve/self-driving-ND/CarND-Behavioral-Cloning-P3/data_hard/IMG/center_2017_04_28_18_34_41_347.jpg,/home/esteve/self-driving-ND/CarND-Behavioral-Cloning-P3/data_hard/IMG/left_2017_04_28_18_34_41_347.jpg,/home/esteve/self-driving-ND/CarND-Behavioral-Cloning-P3/data_hard/IMG/right_2017_04_28_18_34_41_347.jpg,-0.2556391,0,0,22.01776
/home/esteve/self-driving-ND/CarND-Behavioral-Cloning-P3/data_hard/IMG/center_2017_04_28_18_34_41_422.jpg,/home/esteve/self-driving-ND/CarND-Behavioral-Cloning-P3/data_hard/IMG/left_2017_04_28_18_34_41_422.jpg,/home/esteve/self-driving-ND/CarND-Behavioral-Cloning-P3/data_hard/IMG/right_2017_04_28_18_34_41_422.jpg,-0.2556391,0,0,21.84758
/home/esteve/self-driving-ND/CarND-Behavioral-Cloning-P3/data_hard/IMG/center_2017_04_28_18_34_41_498.jpg,/home/esteve/self-driving-ND/CarND-Behavioral-Cloning-P3/data_hard/IMG/left_2017_04_28_18_34_41_498.jpg,/home/esteve/self-driving-ND/CarND-Behavioral-Cloning-P3/data_hard/IMG/right_2017_04_28_18_34_41_498.jpg,-0.2556391,0,0,21.72419
/home/esteve/self-driving-ND/CarND-Behavioral-Cloning-P3/data_hard/IMG/center_2017_04_28_18_34_41_572.jpg,/home/esteve/self-driving-ND/CarND-Behavioral-Cloning-P3/data_hard/IMG/left_2017_04_28_18_34_41_572.jpg,/home/esteve/self-driving-ND/CarND-Behavioral-Cloning-P3/data_hard/IMG/right_2017_04_28_18_34_41_572.jpg,-0.2556391,0,0,21.58196
/home/esteve/self-driving-ND/CarND-Behavioral-Cloning-P3/data_hard/IMG/center_2017_04_28_18_34_41_651.jpg,/home/esteve/self-driving-ND/CarND-Behavioral-Cloning-P3/data_hard/IMG/left_2017_04_28_18_34_41_651.jpg,/home/esteve/self-driving-ND/CarND-Behavioral-Cloning-P3/data_hard/IMG/right_2017_04_28_18_34_41_651.jpg,-0.2556391,0,0,21.46125
/home/esteve/self-driving-ND/CarND-Behavioral-Cloning-P3/data_hard/IMG/center_2017_04_28_18_34_41_722.jpg,/home/esteve/self-driving-ND/CarND-Behavioral-Cloning-P3/data_hard/IMG/left_2017_04_28_18_34_41_722.jpg,/home/esteve/self-driving-ND/CarND-Behavioral-Cloning-P3/data_hard/IMG/right_2017_04_28_18_34_41_722.jpg,-0.2556391,0,0,21.36849
/home/esteve/self-driving-ND/CarND-Behavioral-Cloning-P3/data_hard/IMG/center_2017_04_28_18_34_41_797.jpg,/home/esteve/self-driving-ND/CarND-Behavioral-Cloning-P3/data_hard/IMG/left_2017_04_28_18_34_41_797.jpg,/home/esteve/self-driving-ND/CarND-Behavioral-Cloning-P3/data_hard/IMG/right_2017_04_28_18_34_41_797.jpg,-0.2932331,0,0,21.24069
/home/esteve/self-driving-ND/CarND-Behavioral-Cloning-P3/data_hard/IMG/center_2017_04_28_18_34_41_878.jpg,/home/esteve/self-driving-ND/CarND-Behavioral-Cloning-P3/data_hard/IMG/left_2017_04_28_18_34_41_878.jpg,/home/esteve/self-driving-ND/CarND-Behavioral-Cloning-P3/data_hard/IMG/right_2017_04_28_18_34_41_878.jpg,-0.3157895,0.1855466,0,21.22793
/home/esteve/self-driving-ND/CarND-Behavioral-Cloning-P3/data_hard/IMG/center_2017_04_28_18_34_41_954.jpg,/home/esteve/self-driving-ND/CarND-Behavioral-Cloning-P3/data_hard/IMG/left_2017_04_28_18_34_41_954.jpg,/home/esteve/self-driving-ND/CarND-Behavioral-Cloning-P3/data_hard/IMG/right_2017_04_28_18_34_41_954.jpg,-0.3233083,0.3003774,0,21.49034
/home/esteve/self-driving-ND/CarND-Behavioral-Cloning-P3/data_hard/IMG/center_2017_04_28_18_34_42_026.jpg,/home/esteve/self-driving-ND/CarND-Behavioral-Cloning-P3/data_hard/IMG/left_2017_04_28_18_34_42_026.jpg,/home/esteve/self-driving-ND/CarND-Behavioral-Cloning-P3/data_hard/IMG/right_2017_04_28_18_34_42_026.jpg,-0.3233083,0.08414626,0,21.63119
/home/esteve/self-driving-ND/CarND-Behavioral-Cloning-P3/data_hard/IMG/center_2017_04_28_18_34_42_102.jpg,/home/esteve/self-driving-ND/CarND-Behavioral-Cloning-P3/data_hard/IMG/left_2017_04_28_18_34_42_102.jpg,/home/esteve/self-driving-ND/CarND-Behavioral-Cloning-P3/data_hard/IMG/right_2017_04_28_18_34_42_102.jpg,-0.3233083,0,0,21.61247
/home/esteve/self-driving-ND/CarND-Behavioral-Cloning-P3/data_hard/IMG/center_2017_04_28_18_34_42_173.jpg,/home/esteve/self-driving-ND/CarND-Behavioral-Cloning-P3/data_hard/IMG/left_2017_04_28_18_34_42_173.jpg,/home/esteve/self-driving-ND/CarND-Behavioral-Cloning-P3/data_hard/IMG/right_2017_04_28_18_34_42_173.jpg,-0.3233083,0,0,21.62506
/home/esteve/self-driving-ND/CarND-Behavioral-Cloning-P3/data_hard/IMG/center_2017_04_28_18_34_42_246.jpg,/home/esteve/self-driving-ND/CarND-Behavioral-Cloning-P3/data_hard/IMG/left_2017_04_28_18_34_42_246.jpg,/home/esteve/self-driving-ND/CarND-Behavioral-Cloning-P3/data_hard/IMG/right_2017_04_28_18_34_42_246.jpg,-0.3458647,0.164664,0,21.70797
/home/esteve/self-driving-ND/CarND-Behavioral-Cloning-P3/data_hard/IMG/center_2017_04_28_18_34_42_319.jpg,/home/esteve/self-driving-ND/CarND-Behavioral-Cloning-P3/data_hard/IMG/left_2017_04_28_18_34_42_319.jpg,/home/esteve/self-driving-ND/CarND-Behavioral-Cloning-P3/data_hard/IMG/right_2017_04_28_18_34_42_319.jpg,-0.3533835,0.1562462,0,21.89743
/home/esteve/self-driving-ND/CarND-Behavioral-Cloning-P3/data_hard/IMG/center_2017_04_28_18_34_42_391.jpg,/home/esteve/self-driving-ND/CarND-Behavioral-Cloning-P3/data_hard/IMG/left_2017_04_28_18_34_42_391.jpg,/home/esteve/self-driving-ND/CarND-Behavioral-Cloning-P3/data_hard/IMG/right_2017_04_28_18_34_42_391.jpg,-0.3533835,0,0,21.99365
/home/esteve/self-driving-ND/CarND-Behavioral-Cloning-P3/data_hard/IMG/center_2017_04_28_18_34_42_466.jpg,/home/esteve/self-driving-ND/CarND-Behavioral-Cloning-P3/data_hard/IMG/left_2017_04_28_18_34_42_466.jpg,/home/esteve/self-driving-ND/CarND-Behavioral-Cloning-P3/data_hard/IMG/right_2017_04_28_18_34_42_466.jpg,-0.3533835,0,0,22.07747
/home/esteve/self-driving-ND/CarND-Behavioral-Cloning-P3/data_hard/IMG/center_2017_04_28_18_34_42_538.jpg,/home/esteve/self-driving-ND/CarND-Behavioral-Cloning-P3/data_hard/IMG/left_2017_04_28_18_34_42_538.jpg,/home/esteve/self-driving-ND/CarND-Behavioral-Cloning-P3/data_hard/IMG/right_2017_04_28_18_34_42_538.jpg,-0.3533835,0,0,22.14121
/home/esteve/self-driving-ND/CarND-Behavioral-Cloning-P3/data_hard/IMG/center_2017_04_28_18_34_42_617.jpg,/home/esteve/self-driving-ND/CarND-Behavioral-Cloning-P3/data_hard/IMG/left_2017_04_28_18_34_42_617.jpg,/home/esteve/self-driving-ND/CarND-Behavioral-Cloning-P3/data_hard/IMG/right_2017_04_28_18_34_42_617.jpg,-0.3533835,0,0,22.26056
/home/esteve/self-driving-ND/CarND-Behavioral-Cloning-P3/data_hard/IMG/center_2017_04_28_18_34_42_690.jpg,/home/esteve/self-driving-ND/CarND-Behavioral-Cloning-P3/data_hard/IMG/left_2017_04_28_18_34_42_690.jpg,/home/esteve/self-driving-ND/CarND-Behavioral-Cloning-P3/data_hard/IMG/right_2017_04_28_18_34_42_690.jpg,-0.3458647,0,0,22.37561
/home/esteve/self-driving-ND/CarND-Behavioral-Cloning-P3/data_hard/IMG/center_2017_04_28_18_34_42_767.jpg,/home/esteve/self-driving-ND/CarND-Behavioral-Cloning-P3/data_hard/IMG/left_2017_04_28_18_34_42_767.jpg,/home/esteve/self-driving-ND/CarND-Behavioral-Cloning-P3/data_hard/IMG/right_2017_04_28_18_34_42_767.jpg,-0.3458647,0,0,22.50226
/home/esteve/self-driving-ND/CarND-Behavioral-Cloning-P3/data_hard/IMG/center_2017_04_28_18_34_42_844.jpg,/home/esteve/self-driving-ND/CarND-Behavioral-Cloning-P3/data_hard/IMG/left_2017_04_28_18_34_42_844.jpg,/home/esteve/self-driving-ND/CarND-Behavioral-Cloning-P3/data_hard/IMG/right_2017_04_28_18_34_42_844.jpg,-0.3458647,0,0,22.64874
/home/esteve/self-driving-ND/CarND-Behavioral-Cloning-P3/data_hard/IMG/center_2017_04_28_18_34_42_916.jpg,/home/esteve/self-driving-ND/CarND-Behavioral-Cloning-P3/data_hard/IMG/left_2017_04_28_18_34_42_916.jpg,/home/esteve/self-driving-ND/CarND-Behavioral-Cloning-P3/data_hard/IMG/right_2017_04_28_18_34_42_916.jpg,-0.3458647,0,0,22.76887
/home/esteve/self-driving-ND/CarND-Behavioral-Cloning-P3/data_hard/IMG/center_2017_04_28_18_34_42_992.jpg,/home/esteve/self-driving-ND/CarND-Behavioral-Cloning-P3/data_hard/IMG/left_2017_04_28_18_34_42_992.jpg,/home/esteve/self-driving-ND/CarND-Behavioral-Cloning-P3/data_hard/IMG/right_2017_04_28_18_34_42_992.jpg,-0.3458647,0,0,22.9099
/home/esteve/self-driving-ND/CarND-Behavioral-Cloning-P3/data_hard/IMG/center_2017_04_28_18_34_43_072.jpg,/home/esteve/self-driving-ND/CarND-Behavioral-Cloning-P3/data_hard/IMG/left_2017_04_28_18_34_43_072.jpg,/home/esteve/self-driving-ND/CarND-Behavioral-Cloning-P3/data_hard/IMG/right_2017_04_28_18_34_43_072.jpg,-0.3458647,0,0,23.06422
/home/esteve/self-driving-ND/CarND-Behavioral-Cloning-P3/data_hard/IMG/center_2017_04_28_18_34_43_149.jpg,/home/esteve/self-driving-ND/CarND-Behavioral-Cloning-P3/data_hard/IMG/left_2017_04_28_18_34_43_149.jpg,/home/esteve/self-driving-ND/CarND-Behavioral-Cloning-P3/data_hard/IMG/right_2017_04_28_18_34_43_149.jpg,-0.1954887,0,0,23.2571
/home/esteve/self-driving-ND/CarND-Behavioral-Cloning-P3/data_hard/IMG/center_2017_04_28_18_34_43_225.jpg,/home/esteve/self-driving-ND/CarND-Behavioral-Cloning-P3/data_hard/IMG/left_2017_04_28_18_34_43_225.jpg,/home/esteve/self-driving-ND/CarND-Behavioral-Cloning-P3/data_hard/IMG/right_2017_04_28_18_34_43_225.jpg,-0.1052632,0,0,23.42679
/home/esteve/self-driving-ND/CarND-Behavioral-Cloning-P3/data_hard/IMG/center_2017_04_28_18_34_43_304.jpg,/home/esteve/self-driving-ND/CarND-Behavioral-Cloning-P3/data_hard/IMG/left_2017_04_28_18_34_43_304.jpg,/home/esteve/self-driving-ND/CarND-Behavioral-Cloning-P3/data_hard/IMG/right_2017_04_28_18_34_43_304.jpg,-0.09774436,0,0,23.5868
/home/esteve/self-driving-ND/CarND-Behavioral-Cloning-P3/data_hard/IMG/center_2017_04_28_18_34_43_379.jpg,/home/esteve/self-driving-ND/CarND-Behavioral-Cloning-P3/data_hard/IMG/left_2017_04_28_18_34_43_379.jpg,/home/esteve/self-driving-ND/CarND-Behavioral-Cloning-P3/data_hard/IMG/right_2017_04_28_18_34_43_379.jpg,-0.1052632,0,0,23.73131
/home/esteve/self-driving-ND/CarND-Behavioral-Cloning-P3/data_hard/IMG/center_2017_04_28_18_34_43_458.jpg,/home/esteve/self-driving-ND/CarND-Behavioral-Cloning-P3/data_hard/IMG/left_2017_04_28_18_34_43_458.jpg,/home/esteve/self-driving-ND/CarND-Behavioral-Cloning-P3/data_hard/IMG/right_2017_04_28_18_34_43_458.jpg,-0.1052632,0,0,23.92068
/home/esteve/self-driving-ND/CarND-Behavioral-Cloning-P3/data_hard/IMG/center_2017_04_28_18_34_43_540.jpg,/home/esteve/self-driving-ND/CarND-Behavioral-Cloning-P3/data_hard/IMG/left_2017_04_28_18_34_43_540.jpg,/home/esteve/self-driving-ND/CarND-Behavioral-Cloning-P3/data_hard/IMG/right_2017_04_28_18_34_43_540.jpg,-0.09774436,0,0,24.05171
/home/esteve/self-driving-ND/CarND-Behavioral-Cloning-P3/data_hard/IMG/center_2017_04_28_18_34_43_621.jpg,/home/esteve/self-driving-ND/CarND-Behavioral-Cloning-P3/data_hard/IMG/left_2017_04_28_18_34_43_621.jpg,/home/esteve/self-driving-ND/CarND-Behavioral-Cloning-P3/data_hard/IMG/right_2017_04_28_18_34_43_621.jpg,-0.09774436,0,0,24.21149
/home/esteve/self-driving-ND/CarND-Behavioral-Cloning-P3/data_hard/IMG/center_2017_04_28_18_34_43_700.jpg,/home/esteve/self-driving-ND/CarND-Behavioral-Cloning-P3/data_hard/IMG/left_2017_04_28_18_34_43_700.jpg,/home/esteve/self-driving-ND/CarND-Behavioral-Cloning-P3/data_hard/IMG/right_2017_04_28_18_34_43_700.jpg,-0.1578947,0,0,24.3824
/home/esteve/self-driving-ND/CarND-Behavioral-Cloning-P3/data_hard/IMG/center_2017_04_28_18_34_43_784.jpg,/home/esteve/self-driving-ND/CarND-Behavioral-Cloning-P3/data_hard/IMG/left_2017_04_28_18_34_43_784.jpg,/home/esteve/self-driving-ND/CarND-Behavioral-Cloning-P3/data_hard/IMG/right_2017_04_28_18_34_43_784.jpg,-0.2330827,0,0,24.49172
/home/esteve/self-driving-ND/CarND-Behavioral-Cloning-P3/data_hard/IMG/center_2017_04_28_18_34_43_872.jpg,/home/esteve/self-driving-ND/CarND-Behavioral-Cloning-P3/data_hard/IMG/left_2017_04_28_18_34_43_872.jpg,/home/esteve/self-driving-ND/CarND-Behavioral-Cloning-P3/data_hard/IMG/right_2017_04_28_18_34_43_872.jpg,-0.2781955,0,0,24.59297
/home/esteve/self-driving-ND/CarND-Behavioral-Cloning-P3/data_hard/IMG/center_2017_04_28_18_34_43_950.jpg,/home/esteve/self-driving-ND/CarND-Behavioral-Cloning-P3/data_hard/IMG/left_2017_04_28_18_34_43_950.jpg,/home/esteve/self-driving-ND/CarND-Behavioral-Cloning-P3/data_hard/IMG/right_2017_04_28_18_34_43_950.jpg,-0.3082707,0,0,24.70623
/home/esteve/self-driving-ND/CarND-Behavioral-Cloning-P3/data_hard/IMG/center_2017_04_28_18_34_44_031.jpg,/home/esteve/self-driving-ND/CarND-Behavioral-Cloning-P3/data_hard/IMG/left_2017_04_28_18_34_44_031.jpg,/home/esteve/self-driving-ND/CarND-Behavioral-Cloning-P3/data_hard/IMG/right_2017_04_28_18_34_44_031.jpg,-0.368421,0,0,24.70357
/home/esteve/self-driving-ND/CarND-Behavioral-Cloning-P3/data_hard/IMG/center_2017_04_28_18_34_44_112.jpg,/home/esteve/self-driving-ND/CarND-Behavioral-Cloning-P3/data_hard/IMG/left_2017_04_28_18_34_44_112.jpg,/home/esteve/self-driving-ND/CarND-Behavioral-Cloning-P3/data_hard/IMG/right_2017_04_28_18_34_44_112.jpg,-0.3909774,0,0,24.73975
/home/esteve/self-driving-ND/CarND-Behavioral-Cloning-P3/data_hard/IMG/center_2017_04_28_18_34_44_193.jpg,/home/esteve/self-driving-ND/CarND-Behavioral-Cloning-P3/data_hard/IMG/left_2017_04_28_18_34_44_193.jpg,/home/esteve/self-driving-ND/CarND-Behavioral-Cloning-P3/data_hard/IMG/right_2017_04_28_18_34_44_193.jpg,-0.3909774,0,0,24.82282
/home/esteve/self-driving-ND/CarND-Behavioral-Cloning-P3/data_hard/IMG/center_2017_04_28_18_34_44_276.jpg,/home/esteve/self-driving-ND/CarND-Behavioral-Cloning-P3/data_hard/IMG/left_2017_04_28_18_34_44_276.jpg,/home/esteve/self-driving-ND/CarND-Behavioral-Cloning-P3/data_hard/IMG/right_2017_04_28_18_34_44_276.jpg,-0.3909774,0,0,24.77353
/home/esteve/self-driving-ND/CarND-Behavioral-Cloning-P3/data_hard/IMG/center_2017_04_28_18_34_44_359.jpg,/home/esteve/self-driving-ND/CarND-Behavioral-Cloning-P3/data_hard/IMG/left_2017_04_28_18_34_44_359.jpg,/home/esteve/self-driving-ND/CarND-Behavioral-Cloning-P3/data_hard/IMG/right_2017_04_28_18_34_44_359.jpg,-0.3909774,0,0,24.75928
/home/esteve/self-driving-ND/CarND-Behavioral-Cloning-P3/data_hard/IMG/center_2017_04_28_18_34_44_443.jpg,/home/esteve/self-driving-ND/CarND-Behavioral-Cloning-P3/data_hard/IMG/left_2017_04_28_18_34_44_443.jpg,/home/esteve/self-driving-ND/CarND-Behavioral-Cloning-P3/data_hard/IMG/right_2017_04_28_18_34_44_443.jpg,-0.3909774,0,0,24.75978
/home/esteve/self-driving-ND/CarND-Behavioral-Cloning-P3/data_hard/IMG/center_2017_04_28_18_34_44_525.jpg,/home/esteve/self-driving-ND/CarND-Behavioral-Cloning-P3/data_hard/IMG/left_2017_04_28_18_34_44_525.jpg,/home/esteve/self-driving-ND/CarND-Behavioral-Cloning-P3/data_hard/IMG/right_2017_04_28_18_34_44_525.jpg,-0.3909774,0,0,24.6145
/home/esteve/self-driving-ND/CarND-Behavioral-Cloning-P3/data_hard/IMG/center_2017_04_28_18_34_44_614.jpg,/home/esteve/self-driving-ND/CarND-Behavioral-Cloning-P3/data_hard/IMG/left_2017_04_28_18_34_44_614.jpg,/home/esteve/self-driving-ND/CarND-Behavioral-Cloning-P3/data_hard/IMG/right_2017_04_28_18_34_44_614.jpg,-0.4135338,0,0,24.51406
/home/esteve/self-driving-ND/CarND-Behavioral-Cloning-P3/data_hard/IMG/center_2017_04_28_18_34_44_681.jpg,/home/esteve/self-driving-ND/CarND-Behavioral-Cloning-P3/data_hard/IMG/left_2017_04_28_18_34_44_681.jpg,/home/esteve/self-driving-ND/CarND-Behavioral-Cloning-P3/data_hard/IMG/right_2017_04_28_18_34_44_681.jpg,-0.4360902,0,0,24.428
/home/esteve/self-driving-ND/CarND-Behavioral-Cloning-P3/data_hard/IMG/center_2017_04_28_18_34_44_749.jpg,/home/esteve/self-driving-ND/CarND-Behavioral-Cloning-P3/data_hard/IMG/left_2017_04_28_18_34_44_749.jpg,/home/esteve/self-driving-ND/CarND-Behavioral-Cloning-P3/data_hard/IMG/right_2017_04_28_18_34_44_749.jpg,-0.4661654,0,0,24.30911
/home/esteve/self-driving-ND/CarND-Behavioral-Cloning-P3/data_hard/IMG/center_2017_04_28_18_34_44_822.jpg,/home/esteve/self-driving-ND/CarND-Behavioral-Cloning-P3/data_hard/IMG/left_2017_04_28_18_34_44_822.jpg,/home/esteve/self-driving-ND/CarND-Behavioral-Cloning-P3/data_hard/IMG/right_2017_04_28_18_34_44_822.jpg,-0.4962406,0,0,24.16476
/home/esteve/self-driving-ND/CarND-Behavioral-Cloning-P3/data_hard/IMG/center_2017_04_28_18_34_44_899.jpg,/home/esteve/self-driving-ND/CarND-Behavioral-Cloning-P3/data_hard/IMG/left_2017_04_28_18_34_44_899.jpg,/home/esteve/self-driving-ND/CarND-Behavioral-Cloning-P3/data_hard/IMG/right_2017_04_28_18_34_44_899.jpg,-0.5263158,0,0,24.05975
/home/esteve/self-driving-ND/CarND-Behavioral-Cloning-P3/data_hard/IMG/center_2017_04_28_18_34_44_984.jpg,/home/esteve/self-driving-ND/CarND-Behavioral-Cloning-P3/data_hard/IMG/left_2017_04_28_18_34_44_984.jpg,/home/esteve/self-driving-ND/CarND-Behavioral-Cloning-P3/data_hard/IMG/right_2017_04_28_18_34_44_984.jpg,-0.5488722,0,0,23.90875
/home/esteve/self-driving-ND/CarND-Behavioral-Cloning-P3/data_hard/IMG/center_2017_04_28_18_34_45_076.jpg,/home/esteve/self-driving-ND/CarND-Behavioral-Cloning-P3/data_hard/IMG/left_2017_04_28_18_34_45_076.jpg,/home/esteve/self-driving-ND/CarND-Behavioral-Cloning-P3/data_hard/IMG/right_2017_04_28_18_34_45_076.jpg,-0.5714286,0,0,23.85769
/home/esteve/self-driving-ND/CarND-Behavioral-Cloning-P3/data_hard/IMG/center_2017_04_28_18_34_45_161.jpg,/home/esteve/self-driving-ND/CarND-Behavioral-Cloning-P3/data_hard/IMG/left_2017_04_28_18_34_45_161.jpg,/home/esteve/self-driving-ND/CarND-Behavioral-Cloning-P3/data_hard/IMG/right_2017_04_28_18_34_45_161.jpg,-0.5714286,0,0,23.8772
/home/esteve/self-driving-ND/CarND-Behavioral-Cloning-P3/data_hard/IMG/center_2017_04_28_18_34_45_233.jpg,/home/esteve/self-driving-ND/CarND-Behavioral-Cloning-P3/data_hard/IMG/left_2017_04_28_18_34_45_233.jpg,/home/esteve/self-driving-ND/CarND-Behavioral-Cloning-P3/data_hard/IMG/right_2017_04_28_18_34_45_233.jpg,-0.556391,0,0,23.85142
/home/esteve/self-driving-ND/CarND-Behavioral-Cloning-P3/data_hard/IMG/center_2017_04_28_18_34_45_307.jpg,/home/esteve/self-driving-ND/CarND-Behavioral-Cloning-P3/data_hard/IMG/left_2017_04_28_18_34_45_307.jpg,/home/esteve/self-driving-ND/CarND-Behavioral-Cloning-P3/data_hard/IMG/right_2017_04_28_18_34_45_307.jpg,-0.481203,0,0,23.77362
/home/esteve/self-driving-ND/CarND-Behavioral-Cloning-P3/data_hard/IMG/center_2017_04_28_18_34_45_380.jpg,/home/esteve/self-driving-ND/CarND-Behavioral-Cloning-P3/data_hard/IMG/left_2017_04_28_18_34_45_380.jpg,/home/esteve/self-driving-ND/CarND-Behavioral-Cloning-P3/data_hard/IMG/right_2017_04_28_18_34_45_380.jpg,-0.4661654,0,0,23.82165
/home/esteve/self-driving-ND/CarND-Behavioral-Cloning-P3/data_hard/IMG/center_2017_04_28_18_34_45_453.jpg,/home/esteve/self-driving-ND/CarND-Behavioral-Cloning-P3/data_hard/IMG/left_2017_04_28_18_34_45_453.jpg,/home/esteve/self-driving-ND/CarND-Behavioral-Cloning-P3/data_hard/IMG/right_2017_04_28_18_34_45_453.jpg,-0.4661654,0,0,24.032
/home/esteve/self-driving-ND/CarND-Behavioral-Cloning-P3/data_hard/IMG/center_2017_04_28_18_34_45_540.jpg,/home/esteve/self-driving-ND/CarND-Behavioral-Cloning-P3/data_hard/IMG/left_2017_04_28_18_34_45_540.jpg,/home/esteve/self-driving-ND/CarND-Behavioral-Cloning-P3/data_hard/IMG/right_2017_04_28_18_34_45_540.jpg,-0.4360902,0,0,24.01954
/home/esteve/self-driving-ND/CarND-Behavioral-Cloning-P3/data_hard/IMG/center_2017_04_28_18_34_45_608.jpg,/home/esteve/self-driving-ND/CarND-Behavioral-Cloning-P3/data_hard/IMG/left_2017_04_28_18_34_45_608.jpg,/home/esteve/self-driving-ND/CarND-Behavioral-Cloning-P3/data_hard/IMG/right_2017_04_28_18_34_45_608.jpg,-0.3082707,0,0,24.4172
/home/esteve/self-driving-ND/CarND-Behavioral-Cloning-P3/data_hard/IMG/center_2017_04_28_18_34_45_677.jpg,/home/esteve/self-driving-ND/CarND-Behavioral-Cloning-P3/data_hard/IMG/left_2017_04_28_18_34_45_677.jpg,/home/esteve/self-driving-ND/CarND-Behavioral-Cloning-P3/data_hard/IMG/right_2017_04_28_18_34_45_677.jpg,-0.07518797,0,0,24.45543
/home/esteve/self-driving-ND/CarND-Behavioral-Cloning-P3/data_hard/IMG/center_2017_04_28_18_34_45_743.jpg,/home/esteve/self-driving-ND/CarND-Behavioral-Cloning-P3/data_hard/IMG/left_2017_04_28_18_34_45_743.jpg,/home/esteve/self-driving-ND/CarND-Behavioral-Cloning-P3/data_hard/IMG/right_2017_04_28_18_34_45_743.jpg,-0.05263158,0,0,24.68357
/home/esteve/self-driving-ND/CarND-Behavioral-Cloning-P3/data_hard/IMG/center_2017_04_28_18_34_45_813.jpg,/home/esteve/self-driving-ND/CarND-Behavioral-Cloning-P3/data_hard/IMG/left_2017_04_28_18_34_45_813.jpg,/home/esteve/self-driving-ND/CarND-Behavioral-Cloning-P3/data_hard/IMG/right_2017_04_28_18_34_45_813.jpg,-0.05263158,0,0,24.88107
/home/esteve/self-driving-ND/CarND-Behavioral-Cloning-P3/data_hard/IMG/center_2017_04_28_18_34_45_885.jpg,/home/esteve/self-driving-ND/CarND-Behavioral-Cloning-P3/data_hard/IMG/left_2017_04_28_18_34_45_885.jpg,/home/esteve/self-driving-ND/CarND-Behavioral-Cloning-P3/data_hard/IMG/right_2017_04_28_18_34_45_885.jpg,-0.05263158,0,0,24.93929
/home/esteve/self-driving-ND/CarND-Behavioral-Cloning-P3/data_hard/IMG/center_2017_04_28_18_34_45_973.jpg,/home/esteve/self-driving-ND/CarND-Behavioral-Cloning-P3/data_hard/IMG/left_2017_04_28_18_34_45_973.jpg,/home/esteve/self-driving-ND/CarND-Behavioral-Cloning-P3/data_hard/IMG/right_2017_04_28_18_34_45_973.jpg,0.06766918,0,0,25.29623
/home/esteve/self-driving-ND/CarND-Behavioral-Cloning-P3/data_hard/IMG/center_2017_04_28_18_34_46_042.jpg,/home/esteve/self-driving-ND/CarND-Behavioral-Cloning-P3/data_hard/IMG/left_2017_04_28_18_34_46_042.jpg,/home/esteve/self-driving-ND/CarND-Behavioral-Cloning-P3/data_hard/IMG/right_2017_04_28_18_34_46_042.jpg,0.1278196,0,0,25.52508
/home/esteve/self-driving-ND/CarND-Behavioral-Cloning-P3/data_hard/IMG/center_2017_04_28_18_34_46_128.jpg,/home/esteve/self-driving-ND/CarND-Behavioral-Cloning-P3/data_hard/IMG/left_2017_04_28_18_34_46_128.jpg,/home/esteve/self-driving-ND/CarND-Behavioral-Cloning-P3/data_hard/IMG/right_2017_04_28_18_34_46_128.jpg,0.2932331,0,0,25.73155
/home/esteve/self-driving-ND/CarND-Behavioral-Cloning-P3/data_hard/IMG/center_2017_04_28_18_34_46_213.jpg,/home/esteve/self-driving-ND/CarND-Behavioral-Cloning-P3/data_hard/IMG/left_2017_04_28_18_34_46_213.jpg,/home/esteve/self-driving-ND/CarND-Behavioral-Cloning-P3/data_hard/IMG/right_2017_04_28_18_34_46_213.jpg,0.4285714,0,0,25.82537
/home/esteve/self-driving-ND/CarND-Behavioral-Cloning-P3/data_hard/IMG/center_2017_04_28_18_34_46_299.jpg,/home/esteve/self-driving-ND/CarND-Behavioral-Cloning-P3/data_hard/IMG/left_2017_04_28_18_34_46_299.jpg,/home/esteve/self-driving-ND/CarND-Behavioral-Cloning-P3/data_hard/IMG/right_2017_04_28_18_34_46_299.jpg,0.5789474,0,0,25.9225
/home/esteve/self-driving-ND/CarND-Behavioral-Cloning-P3/data_hard/IMG/center_2017_04_28_18_34_46_388.jpg,/home/esteve/self-driving-ND/CarND-Behavioral-Cloning-P3/data_hard/IMG/left_2017_04_28_18_34_46_388.jpg,/home/esteve/self-driving-ND/CarND-Behavioral-Cloning-P3/data_hard/IMG/right_2017_04_28_18_34_46_388.jpg,0.5864662,0,0,26.20174
/home/esteve/self-driving-ND/CarND-Behavioral-Cloning-P3/data_hard/IMG/center_2017_04_28_18_34_46_474.jpg,/home/esteve/self-driving-ND/CarND-Behavioral-Cloning-P3/data_hard/IMG/left_2017_04_28_18_34_46_474.jpg,/home/esteve/self-driving-ND/CarND-Behavioral-Cloning-P3/data_hard/IMG/right_2017_04_28_18_34_46_474.jpg,0.5864662,0,0,26.10333
/home/esteve/self-driving-ND/CarND-Behavioral-Cloning-P3/data_hard/IMG/center_2017_04_28_18_34_46_567.jpg,/home/esteve/self-driving-ND/CarND-Behavioral-Cloning-P3/data_hard/IMG/left_2017_04_28_18_34_46_567.jpg,/home/esteve/self-driving-ND/CarND-Behavioral-Cloning-P3/data_hard/IMG/right_2017_04_28_18_34_46_567.jpg,0.4962406,0,0,26.23668
/home/esteve/self-driving-ND/CarND-Behavioral-Cloning-P3/data_hard/IMG/center_2017_04_28_18_34_46_656.jpg,/home/esteve/self-driving-ND/CarND-Behavioral-Cloning-P3/data_hard/IMG/left_2017_04_28_18_34_46_656.jpg,/home/esteve/self-driving-ND/CarND-Behavioral-Cloning-P3/data_hard/IMG/right_2017_04_28_18_34_46_656.jpg,0.2706767,0,0,26.09976
/home/esteve/self-driving-ND/CarND-Behavioral-Cloning-P3/data_hard/IMG/center_2017_04_28_18_34_46_743.jpg,/home/esteve/self-driving-ND/CarND-Behavioral-Cloning-P3/data_hard/IMG/left_2017_04_28_18_34_46_743.jpg,/home/esteve/self-driving-ND/CarND-Behavioral-Cloning-P3/data_hard/IMG/right_2017_04_28_18_34_46_743.jpg,0.2330827,0,0,25.91856
/home/esteve/self-driving-ND/CarND-Behavioral-Cloning-P3/data_hard/IMG/center_2017_04_28_18_34_46_809.jpg,/home/esteve/self-driving-ND/CarND-Behavioral-Cloning-P3/data_hard/IMG/left_2017_04_28_18_34_46_809.jpg,/home/esteve/self-driving-ND/CarND-Behavioral-Cloning-P3/data_hard/IMG/right_2017_04_28_18_34_46_809.jpg,0.3458647,0,0,25.41023
/home/esteve/self-driving-ND/CarND-Behavioral-Cloning-P3/data_hard/IMG/center_2017_04_28_18_34_46_882.jpg,/home/esteve/self-driving-ND/CarND-Behavioral-Cloning-P3/data_hard/IMG/left_2017_04_28_18_34_46_882.jpg,/home/esteve/self-driving-ND/CarND-Behavioral-Cloning-P3/data_hard/IMG/right_2017_04_28_18_34_46_882.jpg,0.4285714,0,0,25.38955
/home/esteve/self-driving-ND/CarND-Behavioral-Cloning-P3/data_hard/IMG/center_2017_04_28_18_34_46_950.jpg,/home/esteve/self-driving-ND/CarND-Behavioral-Cloning-P3/data_hard/IMG/left_2017_04_28_18_34_46_950.jpg,/home/esteve/self-driving-ND/CarND-Behavioral-Cloning-P3/data_hard/IMG/right_2017_04_28_18_34_46_950.jpg,0.4962406,0,0,25.19688
/home/esteve/self-driving-ND/CarND-Behavioral-Cloning-P3/data_hard/IMG/center_2017_04_28_18_34_47_017.jpg,/home/esteve/self-driving-ND/CarND-Behavioral-Cloning-P3/data_hard/IMG/left_2017_04_28_18_34_47_017.jpg,/home/esteve/self-driving-ND/CarND-Behavioral-Cloning-P3/data_hard/IMG/right_2017_04_28_18_34_47_017.jpg,0.6090226,0,0,25.06375
/home/esteve/self-driving-ND/CarND-Behavioral-Cloning-P3/data_hard/IMG/center_2017_04_28_18_34_47_091.jpg,/home/esteve/self-driving-ND/CarND-Behavioral-Cloning-P3/data_hard/IMG/left_2017_04_28_18_34_47_091.jpg,/home/esteve/self-driving-ND/CarND-Behavioral-Cloning-P3/data_hard/IMG/right_2017_04_28_18_34_47_091.jpg,0.6616541,0,0,24.90969
/home/esteve/self-driving-ND/CarND-Behavioral-Cloning-P3/data_hard/IMG/center_2017_04_28_18_34_47_151.jpg,/home/esteve/self-driving-ND/CarND-Behavioral-Cloning-P3/data_hard/IMG/left_2017_04_28_18_34_47_151.jpg,/home/esteve/self-driving-ND/CarND-Behavioral-Cloning-P3/data_hard/IMG/right_2017_04_28_18_34_47_151.jpg,0.6992481,0,0,24.99022
/home/esteve/self-driving-ND/CarND-Behavioral-Cloning-P3/data_hard/IMG/center_2017_04_28_18_34_47_237.jpg,/home/esteve/self-driving-ND/CarND-Behavioral-Cloning-P3/data_hard/IMG/left_2017_04_28_18_34_47_237.jpg,/home/esteve/self-driving-ND/CarND-Behavioral-Cloning-P3/data_hard/IMG/right_2017_04_28_18_34_47_237.jpg,0.7218045,0,0,24.93214
/home/esteve/self-driving-ND/CarND-Behavioral-Cloning-P3/data_hard/IMG/center_2017_04_28_18_34_47_324.jpg,/home/esteve/self-driving-ND/CarND-Behavioral-Cloning-P3/data_hard/IMG/left_2017_04_28_18_34_47_324.jpg,/home/esteve/self-driving-ND/CarND-Behavioral-Cloning-P3/data_hard/IMG/right_2017_04_28_18_34_47_324.jpg,0.7293233,0,0,24.84474
/home/esteve/self-driving-ND/CarND-Behavioral-Cloning-P3/data_hard/IMG/center_2017_04_28_18_34_47_410.jpg,/home/esteve/self-driving-ND/CarND-Behavioral-Cloning-P3/data_hard/IMG/left_2017_04_28_18_34_47_410.jpg,/home/esteve/self-driving-ND/CarND-Behavioral-Cloning-P3/data_hard/IMG/right_2017_04_28_18_34_47_410.jpg,0.7293233,0,0,24.57791
/home/esteve/self-driving-ND/CarND-Behavioral-Cloning-P3/data_hard/IMG/center_2017_04_28_18_34_47_491.jpg,/home/esteve/self-driving-ND/CarND-Behavioral-Cloning-P3/data_hard/IMG/left_2017_04_28_18_34_47_491.jpg,/home/esteve/self-driving-ND/CarND-Behavioral-Cloning-P3/data_hard/IMG/right_2017_04_28_18_34_47_491.jpg,0.7293233,0,0,24.72135
/home/esteve/self-driving-ND/CarND-Behavioral-Cloning-P3/data_hard/IMG/center_2017_04_28_18_34_47_578.jpg,/home/esteve/self-driving-ND/CarND-Behavioral-Cloning-P3/data_hard/IMG/left_2017_04_28_18_34_47_578.jpg,/home/esteve/self-driving-ND/CarND-Behavioral-Cloning-P3/data_hard/IMG/right_2017_04_28_18_34_47_578.jpg,0.6766918,0,0,24.82413
/home/esteve/self-driving-ND/CarND-Behavioral-Cloning-P3/data_hard/IMG/center_2017_04_28_18_34_47_669.jpg,/home/esteve/self-driving-ND/CarND-Behavioral-Cloning-P3/data_hard/IMG/left_2017_04_28_18_34_47_669.jpg,/home/esteve/self-driving-ND/CarND-Behavioral-Cloning-P3/data_hard/IMG/right_2017_04_28_18_34_47_669.jpg,0.593985,0,0,25.0969
/home/esteve/self-driving-ND/CarND-Behavioral-Cloning-P3/data_hard/IMG/center_2017_04_28_18_34_47_745.jpg,/home/esteve/self-driving-ND/CarND-Behavioral-Cloning-P3/data_hard/IMG/left_2017_04_28_18_34_47_745.jpg,/home/esteve/self-driving-ND/CarND-Behavioral-Cloning-P3/data_hard/IMG/right_2017_04_28_18_34_47_745.jpg,0.5112782,0,0,25.43024
/home/esteve/self-driving-ND/CarND-Behavioral-Cloning-P3/data_hard/IMG/center_2017_04_28_18_34_47_812.jpg,/home/esteve/self-driving-ND/CarND-Behavioral-Cloning-P3/data_hard/IMG/left_2017_04_28_18_34_47_812.jpg,/home/esteve/self-driving-ND/CarND-Behavioral-Cloning-P3/data_hard/IMG/right_2017_04_28_18_34_47_812.jpg,0.481203,0,0,25.64624
/home/esteve/self-driving-ND/CarND-Behavioral-Cloning-P3/data_hard/IMG/center_2017_04_28_18_34_47_880.jpg,/home/esteve/self-driving-ND/CarND-Behavioral-Cloning-P3/data_hard/IMG/left_2017_04_28_18_34_47_880.jpg,/home/esteve/self-driving-ND/CarND-Behavioral-Cloning-P3/data_hard/IMG/right_2017_04_28_18_34_47_880.jpg,0.4285714,0,0,25.81441
/home/esteve/self-driving-ND/CarND-Behavioral-Cloning-P3/data_hard/IMG/center_2017_04_28_18_34_47_959.jpg,/home/esteve/self-driving-ND/CarND-Behavioral-Cloning-P3/data_hard/IMG/left_2017_04_28_18_34_47_959.jpg,/home/esteve/self-driving-ND/CarND-Behavioral-Cloning-P3/data_hard/IMG/right_2017_04_28_18_34_47_959.jpg,0.2706767,0,0,26.08763
/home/esteve/self-driving-ND/CarND-Behavioral-Cloning-P3/data_hard/IMG/center_2017_04_28_18_34_48_039.jpg,/home/esteve/self-driving-ND/CarND-Behavioral-Cloning-P3/data_hard/IMG/left_2017_04_28_18_34_48_039.jpg,/home/esteve/self-driving-ND/CarND-Behavioral-Cloning-P3/data_hard/IMG/right_2017_04_28_18_34_48_039.jpg,0.1278196,0,0,26.32503
/home/esteve/self-driving-ND/CarND-Behavioral-Cloning-P3/data_hard/IMG/center_2017_04_28_18_34_48_119.jpg,/home/esteve/self-driving-ND/CarND-Behavioral-Cloning-P3/data_hard/IMG/left_2017_04_28_18_34_48_119.jpg,/home/esteve/self-driving-ND/CarND-Behavioral-Cloning-P3/data_hard/IMG/right_2017_04_28_18_34_48_119.jpg,-0.01503759,0,0,26.47053
/home/esteve/self-driving-ND/CarND-Behavioral-Cloning-P3/data_hard/IMG/center_2017_04_28_18_34_48_198.jpg,/home/esteve/self-driving-ND/CarND-Behavioral-Cloning-P3/data_hard/IMG/left_2017_04_28_18_34_48_198.jpg,/home/esteve/self-driving-ND/CarND-Behavioral-Cloning-P3/data_hard/IMG/right_2017_04_28_18_34_48_198.jpg,-0.1954887,0,0,26.62176
/home/esteve/self-driving-ND/CarND-Behavioral-Cloning-P3/data_hard/IMG/center_2017_04_28_18_34_48_277.jpg,/home/esteve/self-driving-ND/CarND-Behavioral-Cloning-P3/data_hard/IMG/left_2017_04_28_18_34_48_277.jpg,/home/esteve/self-driving-ND/CarND-Behavioral-Cloning-P3/data_hard/IMG/right_2017_04_28_18_34_48_277.jpg,-0.406015,0,0,26.7385
/home/esteve/self-driving-ND/CarND-Behavioral-Cloning-P3/data_hard/IMG/center_2017_04_28_18_34_48_357.jpg,/home/esteve/self-driving-ND/CarND-Behavioral-Cloning-P3/data_hard/IMG/left_2017_04_28_18_34_48_357.jpg,/home/esteve/self-driving-ND/CarND-Behavioral-Cloning-P3/data_hard/IMG/right_2017_04_28_18_34_48_357.jpg,-0.6541353,0,0,26.48738
/home/esteve/self-driving-ND/CarND-Behavioral-Cloning-P3/data_hard/IMG/center_2017_04_28_18_34_48_437.jpg,/home/esteve/self-driving-ND/CarND-Behavioral-Cloning-P3/data_hard/IMG/left_2017_04_28_18_34_48_437.jpg,/home/esteve/self-driving-ND/CarND-Behavioral-Cloning-P3/data_hard/IMG/right_2017_04_28_18_34_48_437.jpg,-0.6992481,0,0,26.36926
/home/esteve/self-driving-ND/CarND-Behavioral-Cloning-P3/data_hard/IMG/center_2017_04_28_18_34_48_518.jpg,/home/esteve/self-driving-ND/CarND-Behavioral-Cloning-P3/data_hard/IMG/left_2017_04_28_18_34_48_518.jpg,/home/esteve/self-driving-ND/CarND-Behavioral-Cloning-P3/data_hard/IMG/right_2017_04_28_18_34_48_518.jpg,-0.7067669,0,0,26.47116
/home/esteve/self-driving-ND/CarND-Behavioral-Cloning-P3/data_hard/IMG/center_2017_04_28_18_34_48_599.jpg,/home/esteve/self-driving-ND/CarND-Behavioral-Cloning-P3/data_hard/IMG/left_2017_04_28_18_34_48_599.jpg,/home/esteve/self-driving-ND/CarND-Behavioral-Cloning-P3/data_hard/IMG/right_2017_04_28_18_34_48_599.jpg,-0.7067669,0,0,26.45133
/home/esteve/self-driving-ND/CarND-Behavioral-Cloning-P3/data_hard/IMG/center_2017_04_28_18_34_48_685.jpg,/home/esteve/self-driving-ND/CarND-Behavioral-Cloning-P3/data_hard/IMG/left_2017_04_28_18_34_48_685.jpg,/home/esteve/self-driving-ND/CarND-Behavioral-Cloning-P3/data_hard/IMG/right_2017_04_28_18_34_48_685.jpg,-0.5714286,0,0,26.15043
/home/esteve/self-driving-ND/CarND-Behavioral-Cloning-P3/data_hard/IMG/center_2017_04_28_18_34_48_774.jpg,/home/esteve/self-driving-ND/CarND-Behavioral-Cloning-P3/data_hard/IMG/left_2017_04_28_18_34_48_774.jpg,/home/esteve/self-driving-ND/CarND-Behavioral-Cloning-P3/data_hard/IMG/right_2017_04_28_18_34_48_774.jpg,-0.4436091,0,0,26.23257
/home/esteve/self-driving-ND/CarND-Behavioral-Cloning-P3/data_hard/IMG/center_2017_04_28_18_34_48_843.jpg,/home/esteve/self-driving-ND/CarND-Behavioral-Cloning-P3/data_hard/IMG/left_2017_04_28_18_34_48_843.jpg,/home/esteve/self-driving-ND/CarND-Behavioral-Cloning-P3/data_hard/IMG/right_2017_04_28_18_34_48_843.jpg,-0.3984962,0,0,26.19366
/home/esteve/self-driving-ND/CarND-Behavioral-Cloning-P3/data_hard/IMG/center_2017_04_28_18_34_48_911.jpg,/home/esteve/self-driving-ND/CarND-Behavioral-Cloning-P3/data_hard/IMG/left_2017_04_28_18_34_48_911.jpg,/home/esteve/self-driving-ND/CarND-Behavioral-Cloning-P3/data_hard/IMG/right_2017_04_28_18_34_48_911.jpg,-0.3233083,0,0,26.13515
/home/esteve/self-driving-ND/CarND-Behavioral-Cloning-P3/data_hard/IMG/center_2017_04_28_18_34_48_982.jpg,/home/esteve/self-driving-ND/CarND-Behavioral-Cloning-P3/data_hard/IMG/left_2017_04_28_18_34_48_982.jpg,/home/esteve/self-driving-ND/CarND-Behavioral-Cloning-P3/data_hard/IMG/right_2017_04_28_18_34_48_982.jpg,-0.2631579,0,0,25.86026
/home/esteve/self-driving-ND/CarND-Behavioral-Cloning-P3/data_hard/IMG/center_2017_04_28_18_34_49_049.jpg,/home/esteve/self-driving-ND/CarND-Behavioral-Cloning-P3/data_hard/IMG/left_2017_04_28_18_34_49_049.jpg,/home/esteve/self-driving-ND/CarND-Behavioral-Cloning-P3/data_hard/IMG/right_2017_04_28_18_34_49_049.jpg,-0.2406015,0,0,25.75695
/home/esteve/self-driving-ND/CarND-Behavioral-Cloning-P3/data_hard/IMG/center_2017_04_28_18_34_49_119.jpg,/home/esteve/self-driving-ND/CarND-Behavioral-Cloning-P3/data_hard/IMG/left_2017_04_28_18_34_49_119.jpg,/home/esteve/self-driving-ND/CarND-Behavioral-Cloning-P3/data_hard/IMG/right_2017_04_28_18_34_49_119.jpg,-0.09774436,0,0,25.74861
/home/esteve/self-driving-ND/CarND-Behavioral-Cloning-P3/data_hard/IMG/center_2017_04_28_18_34_49_208.jpg,/home/esteve/self-driving-ND/CarND-Behavioral-Cloning-P3/data_hard/IMG/left_2017_04_28_18_34_49_208.jpg,/home/esteve/self-driving-ND/CarND-Behavioral-Cloning-P3/data_hard/IMG/right_2017_04_28_18_34_49_208.jpg,-0.04511278,0,0,25.42179
/home/esteve/self-driving-ND/CarND-Behavioral-Cloning-P3/data_hard/IMG/center_2017_04_28_18_34_49_276.jpg,/home/esteve/self-driving-ND/CarND-Behavioral-Cloning-P3/data_hard/IMG/left_2017_04_28_18_34_49_276.jpg,/home/esteve/self-driving-ND/CarND-Behavioral-Cloning-P3/data_hard/IMG/right_2017_04_28_18_34_49_276.jpg,-0.04511278,0,0,25.30013
/home/esteve/self-driving-ND/CarND-Behavioral-Cloning-P3/data_hard/IMG/center_2017_04_28_18_34_49_343.jpg,/home/esteve/self-driving-ND/CarND-Behavioral-Cloning-P3/data_hard/IMG/left_2017_04_28_18_34_49_343.jpg,/home/esteve/self-driving-ND/CarND-Behavioral-Cloning-P3/data_hard/IMG/right_2017_04_28_18_34_49_343.jpg,-0.04511278,0,0,25.09496
/home/esteve/self-driving-ND/CarND-Behavioral-Cloning-P3/data_hard/IMG/center_2017_04_28_18_34_49_429.jpg,/home/esteve/self-driving-ND/CarND-Behavioral-Cloning-P3/data_hard/IMG/left_2017_04_28_18_34_49_429.jpg,/home/esteve/self-driving-ND/CarND-Behavioral-Cloning-P3/data_hard/IMG/right_2017_04_28_18_34_49_429.jpg,-0.04511278,0,0,24.89387
/home/esteve/self-driving-ND/CarND-Behavioral-Cloning-P3/data_hard/IMG/center_2017_04_28_18_34_49_498.jpg,/home/esteve/self-driving-ND/CarND-Behavioral-Cloning-P3/data_hard/IMG/left_2017_04_28_18_34_49_498.jpg,/home/esteve/self-driving-ND/CarND-Behavioral-Cloning-P3/data_hard/IMG/right_2017_04_28_18_34_49_498.jpg,-0.007518797,0,0,24.74387
/home/esteve/self-driving-ND/CarND-Behavioral-Cloning-P3/data_hard/IMG/center_2017_04_28_18_34_49_586.jpg,/home/esteve/self-driving-ND/CarND-Behavioral-Cloning-P3/data_hard/IMG/left_2017_04_28_18_34_49_586.jpg,/home/esteve/self-driving-ND/CarND-Behavioral-Cloning-P3/data_hard/IMG/right_2017_04_28_18_34_49_586.jpg,0.2406015,0,0,24.45713
/home/esteve/self-driving-ND/CarND-Behavioral-Cloning-P3/data_hard/IMG/center_2017_04_28_18_34_49_675.jpg,/home/esteve/self-driving-ND/CarND-Behavioral-Cloning-P3/data_hard/IMG/left_2017_04_28_18_34_49_675.jpg,/home/esteve/self-driving-ND/CarND-Behavioral-Cloning-P3/data_hard/IMG/right_2017_04_28_18_34_49_675.jpg,0.3609022,0,0,24.18495
/home/esteve/self-driving-ND/CarND-Behavioral-Cloning-P3/data_hard/IMG/center_2017_04_28_18_34_49_764.jpg,/home/esteve/self-driving-ND/CarND-Behavioral-Cloning-P3/data_hard/IMG/left_2017_04_28_18_34_49_764.jpg,/home/esteve/self-driving-ND/CarND-Behavioral-Cloning-P3/data_hard/IMG/right_2017_04_28_18_34_49_764.jpg,0.4135338,0,0,23.55799
/home/esteve/self-driving-ND/CarND-Behavioral-Cloning-P3/data_hard/IMG/center_2017_04_28_18_34_49_838.jpg,/home/esteve/self-driving-ND/CarND-Behavioral-Cloning-P3/data_hard/IMG/left_2017_04_28_18_34_49_838.jpg,/home/esteve/self-driving-ND/CarND-Behavioral-Cloning-P3/data_hard/IMG/right_2017_04_28_18_34_49_838.jpg,0.4210526,0,0,23.44992
/home/esteve/self-driving-ND/CarND-Behavioral-Cloning-P3/data_hard/IMG/center_2017_04_28_18_34_49_913.jpg,/home/esteve/self-driving-ND/CarND-Behavioral-Cloning-P3/data_hard/IMG/left_2017_04_28_18_34_49_913.jpg,/home/esteve/self-driving-ND/CarND-Behavioral-Cloning-P3/data_hard/IMG/right_2017_04_28_18_34_49_913.jpg,0.4210526,0,0,22.97179
/home/esteve/self-driving-ND/CarND-Behavioral-Cloning-P3/data_hard/IMG/center_2017_04_28_18_34_49_973.jpg,/home/esteve/self-driving-ND/CarND-Behavioral-Cloning-P3/data_hard/IMG/left_2017_04_28_18_34_49_973.jpg,/home/esteve/self-driving-ND/CarND-Behavioral-Cloning-P3/data_hard/IMG/right_2017_04_28_18_34_49_973.jpg,0.4210526,0.06863952,0,22.45721
/home/esteve/self-driving-ND/CarND-Behavioral-Cloning-P3/data_hard/IMG/center_2017_04_28_18_34_50_053.jpg,/home/esteve/self-driving-ND/CarND-Behavioral-Cloning-P3/data_hard/IMG/left_2017_04_28_18_34_50_053.jpg,/home/esteve/self-driving-ND/CarND-Behavioral-Cloning-P3/data_hard/IMG/right_2017_04_28_18_34_50_053.jpg,0.4210526,0.2783611,0,21.82686
/home/esteve/self-driving-ND/CarND-Behavioral-Cloning-P3/data_hard/IMG/center_2017_04_28_18_34_50_113.jpg,/home/esteve/self-driving-ND/CarND-Behavioral-Cloning-P3/data_hard/IMG/left_2017_04_28_18_34_50_113.jpg,/home/esteve/self-driving-ND/CarND-Behavioral-Cloning-P3/data_hard/IMG/right_2017_04_28_18_34_50_113.jpg,0.4210526,0.4894588,0,21.33659
/home/esteve/self-driving-ND/CarND-Behavioral-Cloning-P3/data_hard/IMG/center_2017_04_28_18_34_50_183.jpg,/home/esteve/self-driving-ND/CarND-Behavioral-Cloning-P3/data_hard/IMG/left_2017_04_28_18_34_50_183.jpg,/home/esteve/self-driving-ND/CarND-Behavioral-Cloning-P3/data_hard/IMG/right_2017_04_28_18_34_50_183.jpg,0.4135338,0.6968994,0,21.25607
/home/esteve/self-driving-ND/CarND-Behavioral-Cloning-P3/data_hard/IMG/center_2017_04_28_18_34_50_265.jpg,/home/esteve/self-driving-ND/CarND-Behavioral-Cloning-P3/data_hard/IMG/left_2017_04_28_18_34_50_265.jpg,/home/esteve/self-driving-ND/CarND-Behavioral-Cloning-P3/data_hard/IMG/right_2017_04_28_18_34_50_265.jpg,0.3609022,0.4810252,0,20.58436
/home/esteve/self-driving-ND/CarND-Behavioral-Cloning-P3/data_hard/IMG/center_2017_04_28_18_34_50_338.jpg,/home/esteve/self-driving-ND/CarND-Behavioral-Cloning-P3/data_hard/IMG/left_2017_04_28_18_34_50_338.jpg,/home/esteve/self-driving-ND/CarND-Behavioral-Cloning-P3/data_hard/IMG/right_2017_04_28_18_34_50_338.jpg,0.3007519,0.2635939,0,20.40403
/home/esteve/self-driving-ND/CarND-Behavioral-Cloning-P3/data_hard/IMG/center_2017_04_28_18_34_50_403.jpg,/home/esteve/self-driving-ND/CarND-Behavioral-Cloning-P3/data_hard/IMG/left_2017_04_28_18_34_50_403.jpg,/home/esteve/self-driving-ND/CarND-Behavioral-Cloning-P3/data_hard/IMG/right_2017_04_28_18_34_50_403.jpg,0.2406015,0.3387566,0,19.82589
/home/esteve/self-driving-ND/CarND-Behavioral-Cloning-P3/data_hard/IMG/center_2017_04_28_18_34_50_477.jpg,/home/esteve/self-driving-ND/CarND-Behavioral-Cloning-P3/data_hard/IMG/left_2017_04_28_18_34_50_477.jpg,/home/esteve/self-driving-ND/CarND-Behavioral-Cloning-P3/data_hard/IMG/right_2017_04_28_18_34_50_477.jpg,0.2255639,0.5599587,0,19.59788
/home/esteve/self-driving-ND/CarND-Behavioral-Cloning-P3/data_hard/IMG/center_2017_04_28_18_34_50_560.jpg,/home/esteve/self-driving-ND/CarND-Behavioral-Cloning-P3/data_hard/IMG/left_2017_04_28_18_34_50_560.jpg,/home/esteve/self-driving-ND/CarND-Behavioral-Cloning-P3/data_hard/IMG/right_2017_04_28_18_34_50_560.jpg,0.2255639,0.7780795,0,19.91111
/home/esteve/self-driving-ND/CarND-Behavioral-Cloning-P3/data_hard/IMG/center_2017_04_28_18_34_50_632.jpg,/home/esteve/self-driving-ND/CarND-Behavioral-Cloning-P3/data_hard/IMG/left_2017_04_28_18_34_50_632.jpg,/home/esteve/self-driving-ND/CarND-Behavioral-Cloning-P3/data_hard/IMG/right_2017_04_28_18_34_50_632.jpg,0.2255639,0.9939508,0,19.64318
/home/esteve/self-driving-ND/CarND-Behavioral-Cloning-P3/data_hard/IMG/center_2017_04_28_18_34_50_701.jpg,/home/esteve/self-driving-ND/CarND-Behavioral-Cloning-P3/data_hard/IMG/left_2017_04_28_18_34_50_701.jpg,/home/esteve/self-driving-ND/CarND-Behavioral-Cloning-P3/data_hard/IMG/right_2017_04_28_18_34_50_701.jpg,0.2255639,1,0,19.98843
/home/esteve/self-driving-ND/CarND-Behavioral-Cloning-P3/data_hard/IMG/center_2017_04_28_18_34_50_760.jpg,/home/esteve/self-driving-ND/CarND-Behavioral-Cloning-P3/data_hard/IMG/left_2017_04_28_18_34_50_760.jpg,/home/esteve/self-driving-ND/CarND-Behavioral-Cloning-P3/data_hard/IMG/right_2017_04_28_18_34_50_760.jpg,0.2105263,0.9306459,0,20.25938
/home/esteve/self-driving-ND/CarND-Behavioral-Cloning-P3/data_hard/IMG/center_2017_04_28_18_34_50_838.jpg,/home/esteve/self-driving-ND/CarND-Behavioral-Cloning-P3/data_hard/IMG/left_2017_04_28_18_34_50_838.jpg,/home/esteve/self-driving-ND/CarND-Behavioral-Cloning-P3/data_hard/IMG/right_2017_04_28_18_34_50_838.jpg,0.112782,0.6983259,0,20.41048
/home/esteve/self-driving-ND/CarND-Behavioral-Cloning-P3/data_hard/IMG/center_2017_04_28_18_34_50_912.jpg,/home/esteve/self-driving-ND/CarND-Behavioral-Cloning-P3/data_hard/IMG/left_2017_04_28_18_34_50_912.jpg,/home/esteve/self-driving-ND/CarND-Behavioral-Cloning-P3/data_hard/IMG/right_2017_04_28_18_34_50_912.jpg,0.06015037,0.4760644,0,20.54679
/home/esteve/self-driving-ND/CarND-Behavioral-Cloning-P3/data_hard/IMG/center_2017_04_28_18_34_50_983.jpg,/home/esteve/self-driving-ND/CarND-Behavioral-Cloning-P3/data_hard/IMG/left_2017_04_28_18_34_50_983.jpg,/home/esteve/self-driving-ND/CarND-Behavioral-Cloning-P3/data_hard/IMG/right_2017_04_28_18_34_50_983.jpg,0.02255639,0.2648559,0,20.24401
/home/esteve/self-driving-ND/CarND-Behavioral-Cloning-P3/data_hard/IMG/center_2017_04_28_18_34_51_054.jpg,/home/esteve/self-driving-ND/CarND-Behavioral-Cloning-P3/data_hard/IMG/left_2017_04_28_18_34_51_054.jpg,/home/esteve/self-driving-ND/CarND-Behavioral-Cloning-P3/data_hard/IMG/right_2017_04_28_18_34_51_054.jpg,-0.007518797,0.05100942,0,19.94759
/home/esteve/self-driving-ND/CarND-Behavioral-Cloning-P3/data_hard/IMG/center_2017_04_28_18_34_51_122.jpg,/home/esteve/self-driving-ND/CarND-Behavioral-Cloning-P3/data_hard/IMG/left_2017_04_28_18_34_51_122.jpg,/home/esteve/self-driving-ND/CarND-Behavioral-Cloning-P3/data_hard/IMG/right_2017_04_28_18_34_51_122.jpg,-0.04511278,0.2552042,0,19.46202
/home/esteve/self-driving-ND/CarND-Behavioral-Cloning-P3/data_hard/IMG/center_2017_04_28_18_34_51_194.jpg,/home/esteve/self-driving-ND/CarND-Behavioral-Cloning-P3/data_hard/IMG/left_2017_04_28_18_34_51_194.jpg,/home/esteve/self-driving-ND/CarND-Behavioral-Cloning-P3/data_hard/IMG/right_2017_04_28_18_34_51_194.jpg,-0.112782,0.4724581,0,19.32328
/home/esteve/self-driving-ND/CarND-Behavioral-Cloning-P3/data_hard/IMG/center_2017_04_28_18_34_51_263.jpg,/home/esteve/self-driving-ND/CarND-Behavioral-Cloning-P3/data_hard/IMG/left_2017_04_28_18_34_51_263.jpg,/home/esteve/self-driving-ND/CarND-Behavioral-Cloning-P3/data_hard/IMG/right_2017_04_28_18_34_51_263.jpg,-0.1503759,0.6778023,0,19.34231
/home/esteve/self-driving-ND/CarND-Behavioral-Cloning-P3/data_hard/IMG/center_2017_04_28_18_34_51_333.jpg,/home/esteve/self-driving-ND/CarND-Behavioral-Cloning-P3/data_hard/IMG/left_2017_04_28_18_34_51_333.jpg,/home/esteve/self-driving-ND/CarND-Behavioral-Cloning-P3/data_hard/IMG/right_2017_04_28_18_34_51_333.jpg,-0.1804511,0.8903971,0,19.19763
/home/esteve/self-driving-ND/CarND-Behavioral-Cloning-P3/data_hard/IMG/center_2017_04_28_18_34_51_404.jpg,/home/esteve/self-driving-ND/CarND-Behavioral-Cloning-P3/data_hard/IMG/left_2017_04_28_18_34_51_404.jpg,/home/esteve/self-driving-ND/CarND-Behavioral-Cloning-P3/data_hard/IMG/right_2017_04_28_18_34_51_404.jpg,-0.1954887,0.9246671,0,19.41043
/home/esteve/self-driving-ND/CarND-Behavioral-Cloning-P3/data_hard/IMG/center_2017_04_28_18_34_51_499.jpg,/home/esteve/self-driving-ND/CarND-Behavioral-Cloning-P3/data_hard/IMG/left_2017_04_28_18_34_51_499.jpg,/home/esteve/self-driving-ND/CarND-Behavioral-Cloning-P3/data_hard/IMG/right_2017_04_28_18_34_51_499.jpg,-0.1954887,0.6586335,0,19.57762
/home/esteve/self-driving-ND/CarND-Behavioral-Cloning-P3/data_hard/IMG/center_2017_04_28_18_34_51_570.jpg,/home/esteve/self-driving-ND/CarND-Behavioral-Cloning-P3/data_hard/IMG/left_2017_04_28_18_34_51_570.jpg,/home/esteve/self-driving-ND/CarND-Behavioral-Cloning-P3/data_hard/IMG/right_2017_04_28_18_34_51_570.jpg,-0.2030075,0.4473612,0,19.36822
/home/esteve/self-driving-ND/CarND-Behavioral-Cloning-P3/data_hard/IMG/center_2017_04_28_18_34_51_630.jpg,/home/esteve/self-driving-ND/CarND-Behavioral-Cloning-P3/data_hard/IMG/left_2017_04_28_18_34_51_630.jpg,/home/esteve/self-driving-ND/CarND-Behavioral-Cloning-P3/data_hard/IMG/right_2017_04_28_18_34_51_630.jpg,-0.2180451,0.2451942,0,19.32836
/home/esteve/self-driving-ND/CarND-Behavioral-Cloning-P3/data_hard/IMG/center_2017_04_28_18_34_51_715.jpg,/home/esteve/self-driving-ND/CarND-Behavioral-Cloning-P3/data_hard/IMG/left_2017_04_28_18_34_51_715.jpg,/home/esteve/self-driving-ND/CarND-Behavioral-Cloning-P3/data_hard/IMG/right_2017_04_28_18_34_51_715.jpg,-0.2330827,0,0,18.91839
/home/esteve/self-driving-ND/CarND-Behavioral-Cloning-P3/data_hard/IMG/center_2017_04_28_18_34_51_782.jpg,/home/esteve/self-driving-ND/CarND-Behavioral-Cloning-P3/data_hard/IMG/left_2017_04_28_18_34_51_782.jpg,/home/esteve/self-driving-ND/CarND-Behavioral-Cloning-P3/data_hard/IMG/right_2017_04_28_18_34_51_782.jpg,-0.2481203,0,0,18.79868
/home/esteve/self-driving-ND/CarND-Behavioral-Cloning-P3/data_hard/IMG/center_2017_04_28_18_34_51_864.jpg,/home/esteve/self-driving-ND/CarND-Behavioral-Cloning-P3/data_hard/IMG/left_2017_04_28_18_34_51_864.jpg,/home/esteve/self-driving-ND/CarND-Behavioral-Cloning-P3/data_hard/IMG/right_2017_04_28_18_34_51_864.jpg,-0.2706767,0,0,18.50218
/home/esteve/self-driving-ND/CarND-Behavioral-Cloning-P3/data_hard/IMG/center_2017_04_28_18_34_51_948.jpg,/home/esteve/self-driving-ND/CarND-Behavioral-Cloning-P3/data_hard/IMG/left_2017_04_28_18_34_51_948.jpg,/home/esteve/self-driving-ND/CarND-Behavioral-Cloning-P3/data_hard/IMG/right_2017_04_28_18_34_51_948.jpg,-0.2932331,0.1284206,0,17.44494
/home/esteve/self-driving-ND/CarND-Behavioral-Cloning-P3/data_hard/IMG/center_2017_04_28_18_34_52_034.jpg,/home/esteve/self-driving-ND/CarND-Behavioral-Cloning-P3/data_hard/IMG/left_2017_04_28_18_34_52_034.jpg,/home/esteve/self-driving-ND/CarND-Behavioral-Cloning-P3/data_hard/IMG/right_2017_04_28_18_34_52_034.jpg,-0.3834586,0.3863039,0,17.41418
/home/esteve/self-driving-ND/CarND-Behavioral-Cloning-P3/data_hard/IMG/center_2017_04_28_18_34_52_117.jpg,/home/esteve/self-driving-ND/CarND-Behavioral-Cloning-P3/data_hard/IMG/left_2017_04_28_18_34_52_117.jpg,/home/esteve/self-driving-ND/CarND-Behavioral-Cloning-P3/data_hard/IMG/right_2017_04_28_18_34_52_117.jpg,-0.4285714,0.6350219,0,17.58894
/home/esteve/self-driving-ND/CarND-Behavioral-Cloning-P3/data_hard/IMG/center_2017_04_28_18_34_52_202.jpg,/home/esteve/self-driving-ND/CarND-Behavioral-Cloning-P3/data_hard/IMG/left_2017_04_28_18_34_52_202.jpg,/home/esteve/self-driving-ND/CarND-Behavioral-Cloning-P3/data_hard/IMG/right_2017_04_28_18_34_52_202.jpg,-0.406015,0.3820889,0,17.56684
/home/esteve/self-driving-ND/CarND-Behavioral-Cloning-P3/data_hard/IMG/center_2017_04_28_18_34_52_289.jpg,/home/esteve/self-driving-ND/CarND-Behavioral-Cloning-P3/data_hard/IMG/left_2017_04_28_18_34_52_289.jpg,/home/esteve/self-driving-ND/CarND-Behavioral-Cloning-P3/data_hard/IMG/right_2017_04_28_18_34_52_289.jpg,-0.2180451,0.1185122,0,17.76746
/home/esteve/self-driving-ND/CarND-Behavioral-Cloning-P3/data_hard/IMG/center_2017_04_28_18_34_52_376.jpg,/home/esteve/self-driving-ND/CarND-Behavioral-Cloning-P3/data_hard/IMG/left_2017_04_28_18_34_52_376.jpg,/home/esteve/self-driving-ND/CarND-Behavioral-Cloning-P3/data_hard/IMG/right_2017_04_28_18_34_52_376.jpg,-0.1879699,0,0,17.40147
/home/esteve/self-driving-ND/CarND-Behavioral-Cloning-P3/data_hard/IMG/center_2017_04_28_18_34_52_455.jpg,/home/esteve/self-driving-ND/CarND-Behavioral-Cloning-P3/data_hard/IMG/left_2017_04_28_18_34_52_455.jpg,/home/esteve/self-driving-ND/CarND-Behavioral-Cloning-P3/data_hard/IMG/right_2017_04_28_18_34_52_455.jpg,-0.1879699,0,0,16.94177
/home/esteve/self-driving-ND/CarND-Behavioral-Cloning-P3/data_hard/IMG/center_2017_04_28_18_34_52_538.jpg,/home/esteve/self-driving-ND/CarND-Behavioral-Cloning-P3/data_hard/IMG/left_2017_04_28_18_34_52_538.jpg,/home/esteve/self-driving-ND/CarND-Behavioral-Cloning-P3/data_hard/IMG/right_2017_04_28_18_34_52_538.jpg,-0.1729323,0.183888,0,16.75392
/home/esteve/self-driving-ND/CarND-Behavioral-Cloning-P3/data_hard/IMG/center_2017_04_28_18_34_52_616.jpg,/home/esteve/self-driving-ND/CarND-Behavioral-Cloning-P3/data_hard/IMG/left_2017_04_28_18_34_52_616.jpg,/home/esteve/self-driving-ND/CarND-Behavioral-Cloning-P3/data_hard/IMG/right_2017_04_28_18_34_52_616.jpg,-0.06015037,0.4347239,0,16.76313
/home/esteve/self-driving-ND/CarND-Behavioral-Cloning-P3/data_hard/IMG/center_2017_04_28_18_34_52_714.jpg,/home/esteve/self-driving-ND/CarND-Behavioral-Cloning-P3/data_hard/IMG/left_2017_04_28_18_34_52_714.jpg,/home/esteve/self-driving-ND/CarND-Behavioral-Cloning-P3/data_hard/IMG/right_2017_04_28_18_34_52_714.jpg,0.1203007,0.7175403,0,16.52403
/home/esteve/self-driving-ND/CarND-Behavioral-Cloning-P3/data_hard/IMG/center_2017_04_28_18_34_52_793.jpg,/home/esteve/self-driving-ND/CarND-Behavioral-Cloning-P3/data_hard/IMG/left_2017_04_28_18_34_52_793.jpg,/home/esteve/self-driving-ND/CarND-Behavioral-Cloning-P3/data_hard/IMG/right_2017_04_28_18_34_52_793.jpg,0.1503759,0.949482,0,16.3448
/home/esteve/self-driving-ND/CarND-Behavioral-Cloning-P3/data_hard/IMG/center_2017_04_28_18_34_52_863.jpg,/home/esteve/self-driving-ND/CarND-Behavioral-Cloning-P3/data_hard/IMG/left_2017_04_28_18_34_52_863.jpg,/home/esteve/self-driving-ND/CarND-Behavioral-Cloning-P3/data_hard/IMG/right_2017_04_28_18_34_52_863.jpg,0.1578947,1,0,16.37392
/home/esteve/self-driving-ND/CarND-Behavioral-Cloning-P3/data_hard/IMG/center_2017_04_28_18_34_52_950.jpg,/home/esteve/self-driving-ND/CarND-Behavioral-Cloning-P3/data_hard/IMG/left_2017_04_28_18_34_52_950.jpg,/home/esteve/self-driving-ND/CarND-Behavioral-Cloning-P3/data_hard/IMG/right_2017_04_28_18_34_52_950.jpg,0.1879699,1,0,16.90682
/home/esteve/self-driving-ND/CarND-Behavioral-Cloning-P3/data_hard/IMG/center_2017_04_28_18_34_53_034.jpg,/home/esteve/self-driving-ND/CarND-Behavioral-Cloning-P3/data_hard/IMG/left_2017_04_28_18_34_53_034.jpg,/home/esteve/self-driving-ND/CarND-Behavioral-Cloning-P3/data_hard/IMG/right_2017_04_28_18_34_53_034.jpg,0.1879699,0.8661342,0,16.77921
/home/esteve/self-driving-ND/CarND-Behavioral-Cloning-P3/data_hard/IMG/center_2017_04_28_18_34_53_116.jpg,/home/esteve/self-driving-ND/CarND-Behavioral-Cloning-P3/data_hard/IMG/left_2017_04_28_18_34_53_116.jpg,/home/esteve/self-driving-ND/CarND-Behavioral-Cloning-P3/data_hard/IMG/right_2017_04_28_18_34_53_116.jpg,0.1879699,0.6241903,0,16.9556
/home/esteve/self-driving-ND/CarND-Behavioral-Cloning-P3/data_hard/IMG/center_2017_04_28_18_34_53_195.jpg,/home/esteve/self-driving-ND/CarND-Behavioral-Cloning-P3/data_hard/IMG/left_2017_04_28_18_34_53_195.jpg,/home/esteve/self-driving-ND/CarND-Behavioral-Cloning-P3/data_hard/IMG/right_2017_04_28_18_34_53_195.jpg,0.2481203,0.4982831,0,16.63161
/home/esteve/self-driving-ND/CarND-Behavioral-Cloning-P3/data_hard/IMG/center_2017_04_28_18_34_53_283.jpg,/home/esteve/self-driving-ND/CarND-Behavioral-Cloning-P3/data_hard/IMG/left_2017_04_28_18_34_53_283.jpg,/home/esteve/self-driving-ND/CarND-Behavioral-Cloning-P3/data_hard/IMG/right_2017_04_28_18_34_53_283.jpg,0.3909774,0.7629886,0,16.37031
/home/esteve/self-driving-ND/CarND-Behavioral-Cloning-P3/data_hard/IMG/center_2017_04_28_18_34_53_373.jpg,/home/esteve/self-driving-ND/CarND-Behavioral-Cloning-P3/data_hard/IMG/left_2017_04_28_18_34_53_373.jpg,/home/esteve/self-driving-ND/CarND-Behavioral-Cloning-P3/data_hard/IMG/right_2017_04_28_18_34_53_373.jpg,0.3984962,1,0,16.3971
/home/esteve/self-driving-ND/CarND-Behavioral-Cloning-P3/data_hard/IMG/center_2017_04_28_18_34_53_453.jpg,/home/esteve/self-driving-ND/CarND-Behavioral-Cloning-P3/data_hard/IMG/left_2017_04_28_18_34_53_453.jpg,/home/esteve/self-driving-ND/CarND-Behavioral-Cloning-P3/data_hard/IMG/right_2017_04_28_18_34_53_453.jpg,0.3984962,1,0,17.11434
/home/esteve/self-driving-ND/CarND-Behavioral-Cloning-P3/data_hard/IMG/center_2017_04_28_18_34_53_535.jpg,/home/esteve/self-driving-ND/CarND-Behavioral-Cloning-P3/data_hard/IMG/left_2017_04_28_18_34_53_535.jpg,/home/esteve/self-driving-ND/CarND-Behavioral-Cloning-P3/data_hard/IMG/right_2017_04_28_18_34_53_535.jpg,0.3984962,1,0,17.34601
/home/esteve/self-driving-ND/CarND-Behavioral-Cloning-P3/data_hard/IMG/center_2017_04_28_18_34_53_617.jpg,/home/esteve/self-driving-ND/CarND-Behavioral-Cloning-P3/data_hard/IMG/left_2017_04_28_18_34_53_617.jpg,/home/esteve/self-driving-ND/CarND-Behavioral-Cloning-P3/data_hard/IMG/right_2017_04_28_18_34_53_617.jpg,0.3984962,1,0,17.68613
/home/esteve/self-driving-ND/CarND-Behavioral-Cloning-P3/data_hard/IMG/center_2017_04_28_18_34_53_697.jpg,/home/esteve/self-driving-ND/CarND-Behavioral-Cloning-P3/data_hard/IMG/left_2017_04_28_18_34_53_697.jpg,/home/esteve/self-driving-ND/CarND-Behavioral-Cloning-P3/data_hard/IMG/right_2017_04_28_18_34_53_697.jpg,0.3834586,0.8168924,0,18.25234
/home/esteve/self-driving-ND/CarND-Behavioral-Cloning-P3/data_hard/IMG/center_2017_04_28_18_34_53_774.jpg,/home/esteve/self-driving-ND/CarND-Behavioral-Cloning-P3/data_hard/IMG/left_2017_04_28_18_34_53_774.jpg,/home/esteve/self-driving-ND/CarND-Behavioral-Cloning-P3/data_hard/IMG/right_2017_04_28_18_34_53_774.jpg,0.3233083,0.5738535,0,18.58338
/home/esteve/self-driving-ND/CarND-Behavioral-Cloning-P3/data_hard/IMG/center_2017_04_28_18_34_53_845.jpg,/home/esteve/self-driving-ND/CarND-Behavioral-Cloning-P3/data_hard/IMG/left_2017_04_28_18_34_53_845.jpg,/home/esteve/self-driving-ND/CarND-Behavioral-Cloning-P3/data_hard/IMG/right_2017_04_28_18_34_53_845.jpg,0.2105263,0.3626835,0,18.29063
/home/esteve/self-driving-ND/CarND-Behavioral-Cloning-P3/data_hard/IMG/center_2017_04_28_18_34_53_923.jpg,/home/esteve/self-driving-ND/CarND-Behavioral-Cloning-P3/data_hard/IMG/left_2017_04_28_18_34_53_923.jpg,/home/esteve/self-driving-ND/CarND-Behavioral-Cloning-P3/data_hard/IMG/right_2017_04_28_18_34_53_923.jpg,0.1353384,0.1281404,0,17.98152
/home/esteve/self-driving-ND/CarND-Behavioral-Cloning-P3/data_hard/IMG/center_2017_04_28_18_34_54_000.jpg,/home/esteve/self-driving-ND/CarND-Behavioral-Cloning-P3/data_hard/IMG/left_2017_04_28_18_34_54_000.jpg,/home/esteve/self-driving-ND/CarND-Behavioral-Cloning-P3/data_hard/IMG/right_2017_04_28_18_34_54_000.jpg,0.1278196,0,0,17.60958
/home/esteve/self-driving-ND/CarND-Behavioral-Cloning-P3/data_hard/IMG/center_2017_04_28_18_34_54_078.jpg,/home/esteve/self-driving-ND/CarND-Behavioral-Cloning-P3/data_hard/IMG/left_2017_04_28_18_34_54_078.jpg,/home/esteve/self-driving-ND/CarND-Behavioral-Cloning-P3/data_hard/IMG/right_2017_04_28_18_34_54_078.jpg,0.1278196,0,0,17.05942
/home/esteve/self-driving-ND/CarND-Behavioral-Cloning-P3/data_hard/IMG/center_2017_04_28_18_34_54_157.jpg,/home/esteve/self-driving-ND/CarND-Behavioral-Cloning-P3/data_hard/IMG/left_2017_04_28_18_34_54_157.jpg,/home/esteve/self-driving-ND/CarND-Behavioral-Cloning-P3/data_hard/IMG/right_2017_04_28_18_34_54_157.jpg,0.1278196,0,0,16.52587
/home/esteve/self-driving-ND/CarND-Behavioral-Cloning-P3/data_hard/IMG/center_2017_04_28_18_34_54_241.jpg,/home/esteve/self-driving-ND/CarND-Behavioral-Cloning-P3/data_hard/IMG/left_2017_04_28_18_34_54_241.jpg,/home/esteve/self-driving-ND/CarND-Behavioral-Cloning-P3/data_hard/IMG/right_2017_04_28_18_34_54_241.jpg,0.06015037,0,0,15.89742
/home/esteve/self-driving-ND/CarND-Behavioral-Cloning-P3/data_hard/IMG/center_2017_04_28_18_34_54_319.jpg,/home/esteve/self-driving-ND/CarND-Behavioral-Cloning-P3/data_hard/IMG/left_2017_04_28_18_34_54_319.jpg,/home/esteve/self-driving-ND/CarND-Behavioral-Cloning-P3/data_hard/IMG/right_2017_04_28_18_34_54_319.jpg,0.01503759,0,0,15.38312
/home/esteve/self-driving-ND/CarND-Behavioral-Cloning-P3/data_hard/IMG/center_2017_04_28_18_34_54_399.jpg,/home/esteve/self-driving-ND/CarND-Behavioral-Cloning-P3/data_hard/IMG/left_2017_04_28_18_34_54_399.jpg,/home/esteve/self-driving-ND/CarND-Behavioral-Cloning-P3/data_hard/IMG/right_2017_04_28_18_34_54_399.jpg,-0.03007519,0.1116657,0,14.85
/home/esteve/self-driving-ND/CarND-Behavioral-Cloning-P3/data_hard/IMG/center_2017_04_28_18_34_54_478.jpg,/home/esteve/self-driving-ND/CarND-Behavioral-Cloning-P3/data_hard/IMG/left_2017_04_28_18_34_54_478.jpg,/home/esteve/self-driving-ND/CarND-Behavioral-Cloning-P3/data_hard/IMG/right_2017_04_28_18_34_54_478.jpg,-0.09022556,0.3492959,0,14.46622
/home/esteve/self-driving-ND/CarND-Behavioral-Cloning-P3/data_hard/IMG/center_2017_04_28_18_34_54_556.jpg,/home/esteve/self-driving-ND/CarND-Behavioral-Cloning-P3/data_hard/IMG/left_2017_04_28_18_34_54_556.jpg,/home/esteve/self-driving-ND/CarND-Behavioral-Cloning-P3/data_hard/IMG/right_2017_04_28_18_34_54_556.jpg,-0.1804511,0.5927424,0,14.30766
/home/esteve/self-driving-ND/CarND-Behavioral-Cloning-P3/data_hard/IMG/center_2017_04_28_18_34_54_636.jpg,/home/esteve/self-driving-ND/CarND-Behavioral-Cloning-P3/data_hard/IMG/left_2017_04_28_18_34_54_636.jpg,/home/esteve/self-driving-ND/CarND-Behavioral-Cloning-P3/data_hard/IMG/right_2017_04_28_18_34_54_636.jpg,-0.3233083,0.8324246,0,14.27501
/home/esteve/self-driving-ND/CarND-Behavioral-Cloning-P3/data_hard/IMG/center_2017_04_28_18_34_54_716.jpg,/home/esteve/self-driving-ND/CarND-Behavioral-Cloning-P3/data_hard/IMG/left_2017_04_28_18_34_54_716.jpg,/home/esteve/self-driving-ND/CarND-Behavioral-Cloning-P3/data_hard/IMG/right_2017_04_28_18_34_54_716.jpg,-0.4285714,0.5935285,0,14.26051
/home/esteve/self-driving-ND/CarND-Behavioral-Cloning-P3/data_hard/IMG/center_2017_04_28_18_34_54_804.jpg,/home/esteve/self-driving-ND/CarND-Behavioral-Cloning-P3/data_hard/IMG/left_2017_04_28_18_34_54_804.jpg,/home/esteve/self-driving-ND/CarND-Behavioral-Cloning-P3/data_hard/IMG/right_2017_04_28_18_34_54_804.jpg,-0.4736842,0.3392036,0,14.08968
/home/esteve/self-driving-ND/CarND-Behavioral-Cloning-P3/data_hard/IMG/center_2017_04_28_18_34_54_883.jpg,/home/esteve/self-driving-ND/CarND-Behavioral-Cloning-P3/data_hard/IMG/left_2017_04_28_18_34_54_883.jpg,/home/esteve/self-driving-ND/CarND-Behavioral-Cloning-P3/data_hard/IMG/right_2017_04_28_18_34_54_883.jpg,-0.518797,0.1021943,0,14.02687
/home/esteve/self-driving-ND/CarND-Behavioral-Cloning-P3/data_hard/IMG/center_2017_04_28_18_34_54_962.jpg,/home/esteve/self-driving-ND/CarND-Behavioral-Cloning-P3/data_hard/IMG/left_2017_04_28_18_34_54_962.jpg,/home/esteve/self-driving-ND/CarND-Behavioral-Cloning-P3/data_hard/IMG/right_2017_04_28_18_34_54_962.jpg,-0.5488722,0,0,13.54086
/home/esteve/self-driving-ND/CarND-Behavioral-Cloning-P3/data_hard/IMG/center_2017_04_28_18_34_55_039.jpg,/home/esteve/self-driving-ND/CarND-Behavioral-Cloning-P3/data_hard/IMG/left_2017_04_28_18_34_55_039.jpg,/home/esteve/self-driving-ND/CarND-Behavioral-Cloning-P3/data_hard/IMG/right_2017_04_28_18_34_55_039.jpg,-0.6090226,0.1102381,0,13.08793
/home/esteve/self-driving-ND/CarND-Behavioral-Cloning-P3/data_hard/IMG/center_2017_04_28_18_34_55_119.jpg,/home/esteve/self-driving-ND/CarND-Behavioral-Cloning-P3/data_hard/IMG/left_2017_04_28_18_34_55_119.jpg,/home/esteve/self-driving-ND/CarND-Behavioral-Cloning-P3/data_hard/IMG/right_2017_04_28_18_34_55_119.jpg,-0.6466165,0.3498123,0,12.85465
/home/esteve/self-driving-ND/CarND-Behavioral-Cloning-P3/data_hard/IMG/center_2017_04_28_18_34_55_194.jpg,/home/esteve/self-driving-ND/CarND-Behavioral-Cloning-P3/data_hard/IMG/left_2017_04_28_18_34_55_194.jpg,/home/esteve/self-driving-ND/CarND-Behavioral-Cloning-P3/data_hard/IMG/right_2017_04_28_18_34_55_194.jpg,-0.6466165,0.5763273,0,12.96482
/home/esteve/self-driving-ND/CarND-Behavioral-Cloning-P3/data_hard/IMG/center_2017_04_28_18_34_55_267.jpg,/home/esteve/self-driving-ND/CarND-Behavioral-Cloning-P3/data_hard/IMG/left_2017_04_28_18_34_55_267.jpg,/home/esteve/self-driving-ND/CarND-Behavioral-Cloning-P3/data_hard/IMG/right_2017_04_28_18_34_55_267.jpg,-0.6466165,0.3593731,0,13.18605
/home/esteve/self-driving-ND/CarND-Behavioral-Cloning-P3/data_hard/IMG/center_2017_04_28_18_34_55_342.jpg,/home/esteve/self-driving-ND/CarND-Behavioral-Cloning-P3/data_hard/IMG/left_2017_04_28_18_34_55_342.jpg,/home/esteve/self-driving-ND/CarND-Behavioral-Cloning-P3/data_hard/IMG/right_2017_04_28_18_34_55_342.jpg,-0.6315789,0.1332664,0,13.07274
/home/esteve/self-driving-ND/CarND-Behavioral-Cloning-P3/data_hard/IMG/center_2017_04_28_18_34_55_420.jpg,/home/esteve/self-driving-ND/CarND-Behavioral-Cloning-P3/data_hard/IMG/left_2017_04_28_18_34_55_420.jpg,/home/esteve/self-driving-ND/CarND-Behavioral-Cloning-P3/data_hard/IMG/right_2017_04_28_18_34_55_420.jpg,-0.5112782,0.06243896,0,12.83315
/home/esteve/self-driving-ND/CarND-Behavioral-Cloning-P3/data_hard/IMG/center_2017_04_28_18_34_55_490.jpg,/home/esteve/self-driving-ND/CarND-Behavioral-Cloning-P3/data_hard/IMG/left_2017_04_28_18_34_55_490.jpg,/home/esteve/self-driving-ND/CarND-Behavioral-Cloning-P3/data_hard/IMG/right_2017_04_28_18_34_55_490.jpg,-0.4360902,0.2768791,0,12.67186
/home/esteve/self-driving-ND/CarND-Behavioral-Cloning-P3/data_hard/IMG/center_2017_04_28_18_34_55_565.jpg,/home/esteve/self-driving-ND/CarND-Behavioral-Cloning-P3/data_hard/IMG/left_2017_04_28_18_34_55_565.jpg,/home/esteve/self-driving-ND/CarND-Behavioral-Cloning-P3/data_hard/IMG/right_2017_04_28_18_34_55_565.jpg,-0.3909774,0.5021253,0,12.72244
/home/esteve/self-driving-ND/CarND-Behavioral-Cloning-P3/data_hard/IMG/center_2017_04_28_18_34_55_646.jpg,/home/esteve/self-driving-ND/CarND-Behavioral-Cloning-P3/data_hard/IMG/left_2017_04_28_18_34_55_646.jpg,/home/esteve/self-driving-ND/CarND-Behavioral-Cloning-P3/data_hard/IMG/right_2017_04_28_18_34_55_646.jpg,-0.2932331,0.7382162,0,13.05714
/home/esteve/self-driving-ND/CarND-Behavioral-Cloning-P3/data_hard/IMG/center_2017_04_28_18_34_55_719.jpg,/home/esteve/self-driving-ND/CarND-Behavioral-Cloning-P3/data_hard/IMG/left_2017_04_28_18_34_55_719.jpg,/home/esteve/self-driving-ND/CarND-Behavioral-Cloning-P3/data_hard/IMG/right_2017_04_28_18_34_55_719.jpg,-0.1654135,0.9550681,0,13.56371
/home/esteve/self-driving-ND/CarND-Behavioral-Cloning-P3/data_hard/IMG/center_2017_04_28_18_34_55_797.jpg,/home/esteve/self-driving-ND/CarND-Behavioral-Cloning-P3/data_hard/IMG/left_2017_04_28_18_34_55_797.jpg,/home/esteve/self-driving-ND/CarND-Behavioral-Cloning-P3/data_hard/IMG/right_2017_04_28_18_34_55_797.jpg,-0.1578947,1,0,14.47418
/home/esteve/self-driving-ND/CarND-Behavioral-Cloning-P3/data_hard/IMG/center_2017_04_28_18_34_55_876.jpg,/home/esteve/self-driving-ND/CarND-Behavioral-Cloning-P3/data_hard/IMG/left_2017_04_28_18_34_55_876.jpg,/home/esteve/self-driving-ND/CarND-Behavioral-Cloning-P3/data_hard/IMG/right_2017_04_28_18_34_55_876.jpg,-0.2481203,1,0,15.19796
/home/esteve/self-driving-ND/CarND-Behavioral-Cloning-P3/data_hard/IMG/center_2017_04_28_18_34_55_953.jpg,/home/esteve/self-driving-ND/CarND-Behavioral-Cloning-P3/data_hard/IMG/left_2017_04_28_18_34_55_953.jpg,/home/esteve/self-driving-ND/CarND-Behavioral-Cloning-P3/data_hard/IMG/right_2017_04_28_18_34_55_953.jpg,-0.3759399,0.9431586,0,15.96961
/home/esteve/self-driving-ND/CarND-Behavioral-Cloning-P3/data_hard/IMG/center_2017_04_28_18_34_56_031.jpg,/home/esteve/self-driving-ND/CarND-Behavioral-Cloning-P3/data_hard/IMG/left_2017_04_28_18_34_56_031.jpg,/home/esteve/self-driving-ND/CarND-Behavioral-Cloning-P3/data_hard/IMG/right_2017_04_28_18_34_56_031.jpg,-0.4586466,0.7095432,0,16.54341
/home/esteve/self-driving-ND/CarND-Behavioral-Cloning-P3/data_hard/IMG/center_2017_04_28_18_34_56_110.jpg,/home/esteve/self-driving-ND/CarND-Behavioral-Cloning-P3/data_hard/IMG/left_2017_04_28_18_34_56_110.jpg,/home/esteve/self-driving-ND/CarND-Behavioral-Cloning-P3/data_hard/IMG/right_2017_04_28_18_34_56_110.jpg,-0.5263158,0.479974,0,16.97889
/home/esteve/self-driving-ND/CarND-Behavioral-Cloning-P3/data_hard/IMG/center_2017_04_28_18_34_56_191.jpg,/home/esteve/self-driving-ND/CarND-Behavioral-Cloning-P3/data_hard/IMG/left_2017_04_28_18_34_56_191.jpg,/home/esteve/self-driving-ND/CarND-Behavioral-Cloning-P3/data_hard/IMG/right_2017_04_28_18_34_56_191.jpg,-0.556391,0.2407868,0,17.07098
/home/esteve/self-driving-ND/CarND-Behavioral-Cloning-P3/data_hard/IMG/center_2017_04_28_18_34_56_266.jpg,/home/esteve/self-driving-ND/CarND-Behavioral-Cloning-P3/data_hard/IMG/left_2017_04_28_18_34_56_266.jpg,/home/esteve/self-driving-ND/CarND-Behavioral-Cloning-P3/data_hard/IMG/right_2017_04_28_18_34_56_266.jpg,-0.5639098,0.3650975,0,16.92954
/home/esteve/self-driving-ND/CarND-Behavioral-Cloning-P3/data_hard/IMG/center_2017_04_28_18_34_56_342.jpg,/home/esteve/self-driving-ND/CarND-Behavioral-Cloning-P3/data_hard/IMG/left_2017_04_28_18_34_56_342.jpg,/home/esteve/self-driving-ND/CarND-Behavioral-Cloning-P3/data_hard/IMG/right_2017_04_28_18_34_56_342.jpg,-0.5714286,0.5955336,0,16.85732
/home/esteve/self-driving-ND/CarND-Behavioral-Cloning-P3/data_hard/IMG/center_2017_04_28_18_34_56_416.jpg,/home/esteve/self-driving-ND/CarND-Behavioral-Cloning-P3/data_hard/IMG/left_2017_04_28_18_34_56_416.jpg,/home/esteve/self-driving-ND/CarND-Behavioral-Cloning-P3/data_hard/IMG/right_2017_04_28_18_34_56_416.jpg,-0.5714286,0.8264797,0,17.31328
/home/esteve/self-driving-ND/CarND-Behavioral-Cloning-P3/data_hard/IMG/center_2017_04_28_18_34_56_497.jpg,/home/esteve/self-driving-ND/CarND-Behavioral-Cloning-P3/data_hard/IMG/left_2017_04_28_18_34_56_497.jpg,/home/esteve/self-driving-ND/CarND-Behavioral-Cloning-P3/data_hard/IMG/right_2017_04_28_18_34_56_497.jpg,-0.5037594,1,0,17.56944
/home/esteve/self-driving-ND/CarND-Behavioral-Cloning-P3/data_hard/IMG/center_2017_04_28_18_34_56_575.jpg,/home/esteve/self-driving-ND/CarND-Behavioral-Cloning-P3/data_hard/IMG/left_2017_04_28_18_34_56_575.jpg,/home/esteve/self-driving-ND/CarND-Behavioral-Cloning-P3/data_hard/IMG/right_2017_04_28_18_34_56_575.jpg,-0.4586466,1,0,18.38408
/home/esteve/self-driving-ND/CarND-Behavioral-Cloning-P3/data_hard/IMG/center_2017_04_28_18_34_56_654.jpg,/home/esteve/self-driving-ND/CarND-Behavioral-Cloning-P3/data_hard/IMG/left_2017_04_28_18_34_56_654.jpg,/home/esteve/self-driving-ND/CarND-Behavioral-Cloning-P3/data_hard/IMG/right_2017_04_28_18_34_56_654.jpg,-0.4511278,1,0,19.19343
/home/esteve/self-driving-ND/CarND-Behavioral-Cloning-P3/data_hard/IMG/center_2017_04_28_18_34_56_730.jpg,/home/esteve/self-driving-ND/CarND-Behavioral-Cloning-P3/data_hard/IMG/left_2017_04_28_18_34_56_730.jpg,/home/esteve/self-driving-ND/CarND-Behavioral-Cloning-P3/data_hard/IMG/right_2017_04_28_18_34_56_730.jpg,-0.4511278,1,0,19.77551
/home/esteve/self-driving-ND/CarND-Behavioral-Cloning-P3/data_hard/IMG/center_2017_04_28_18_34_56_808.jpg,/home/esteve/self-driving-ND/CarND-Behavioral-Cloning-P3/data_hard/IMG/left_2017_04_28_18_34_56_808.jpg,/home/esteve/self-driving-ND/CarND-Behavioral-Cloning-P3/data_hard/IMG/right_2017_04_28_18_34_56_808.jpg,-0.4511278,1,0,20.46941
/home/esteve/self-driving-ND/CarND-Behavioral-Cloning-P3/data_hard/IMG/center_2017_04_28_18_34_56_876.jpg,/home/esteve/self-driving-ND/CarND-Behavioral-Cloning-P3/data_hard/IMG/left_2017_04_28_18_34_56_876.jpg,/home/esteve/self-driving-ND/CarND-Behavioral-Cloning-P3/data_hard/IMG/right_2017_04_28_18_34_56_876.jpg,-0.2932331,1,0,20.44528
/home/esteve/self-driving-ND/CarND-Behavioral-Cloning-P3/data_hard/IMG/center_2017_04_28_18_34_56_955.jpg,/home/esteve/self-driving-ND/CarND-Behavioral-Cloning-P3/data_hard/IMG/left_2017_04_28_18_34_56_955.jpg,/home/esteve/self-driving-ND/CarND-Behavioral-Cloning-P3/data_hard/IMG/right_2017_04_28_18_34_56_955.jpg,-0.2481203,1,0,21.24635
/home/esteve/self-driving-ND/CarND-Behavioral-Cloning-P3/data_hard/IMG/center_2017_04_28_18_34_57_038.jpg,/home/esteve/self-driving-ND/CarND-Behavioral-Cloning-P3/data_hard/IMG/left_2017_04_28_18_34_57_038.jpg,/home/esteve/self-driving-ND/CarND-Behavioral-Cloning-P3/data_hard/IMG/right_2017_04_28_18_34_57_038.jpg,-0.2406015,1,0,21.7843
/home/esteve/self-driving-ND/CarND-Behavioral-Cloning-P3/data_hard/IMG/center_2017_04_28_18_34_57_120.jpg,/home/esteve/self-driving-ND/CarND-Behavioral-Cloning-P3/data_hard/IMG/left_2017_04_28_18_34_57_120.jpg,/home/esteve/self-driving-ND/CarND-Behavioral-Cloning-P3/data_hard/IMG/right_2017_04_28_18_34_57_120.jpg,-0.2406015,1,0,22.40117
/home/esteve/self-driving-ND/CarND-Behavioral-Cloning-P3/data_hard/IMG/center_2017_04_28_18_34_57_211.jpg,/home/esteve/self-driving-ND/CarND-Behavioral-Cloning-P3/data_hard/IMG/left_2017_04_28_18_34_57_211.jpg,/home/esteve/self-driving-ND/CarND-Behavioral-Cloning-P3/data_hard/IMG/right_2017_04_28_18_34_57_211.jpg,-0.2406015,1,0,22.77104
/home/esteve/self-driving-ND/CarND-Behavioral-Cloning-P3/data_hard/IMG/center_2017_04_28_18_34_57_286.jpg,/home/esteve/self-driving-ND/CarND-Behavioral-Cloning-P3/data_hard/IMG/left_2017_04_28_18_34_57_286.jpg,/home/esteve/self-driving-ND/CarND-Behavioral-Cloning-P3/data_hard/IMG/right_2017_04_28_18_34_57_286.jpg,-0.2406015,0.7519035,0,23.14039
/home/esteve/self-driving-ND/CarND-Behavioral-Cloning-P3/data_hard/IMG/center_2017_04_28_18_34_57_367.jpg,/home/esteve/self-driving-ND/CarND-Behavioral-Cloning-P3/data_hard/IMG/left_2017_04_28_18_34_57_367.jpg,/home/esteve/self-driving-ND/CarND-Behavioral-Cloning-P3/data_hard/IMG/right_2017_04_28_18_34_57_367.jpg,-0.2781955,0.5116212,0,23.28257
/home/esteve/self-driving-ND/CarND-Behavioral-Cloning-P3/data_hard/IMG/center_2017_04_28_18_34_57_451.jpg,/home/esteve/self-driving-ND/CarND-Behavioral-Cloning-P3/data_hard/IMG/left_2017_04_28_18_34_57_451.jpg,/home/esteve/self-driving-ND/CarND-Behavioral-Cloning-P3/data_hard/IMG/right_2017_04_28_18_34_57_451.jpg,-0.3233083,0.2570925,0,23.05524
/home/esteve/self-driving-ND/CarND-Behavioral-Cloning-P3/data_hard/IMG/center_2017_04_28_18_34_57_534.jpg,/home/esteve/self-driving-ND/CarND-Behavioral-Cloning-P3/data_hard/IMG/left_2017_04_28_18_34_57_534.jpg,/home/esteve/self-driving-ND/CarND-Behavioral-Cloning-P3/data_hard/IMG/right_2017_04_28_18_34_57_534.jpg,-0.3233083,0.385576,0,22.81327
/home/esteve/self-driving-ND/CarND-Behavioral-Cloning-P3/data_hard/IMG/center_2017_04_28_18_34_57_620.jpg,/home/esteve/self-driving-ND/CarND-Behavioral-Cloning-P3/data_hard/IMG/left_2017_04_28_18_34_57_620.jpg,/home/esteve/self-driving-ND/CarND-Behavioral-Cloning-P3/data_hard/IMG/right_2017_04_28_18_34_57_620.jpg,-0.2556391,0.6447639,0,22.76964
/home/esteve/self-driving-ND/CarND-Behavioral-Cloning-P3/data_hard/IMG/center_2017_04_28_18_34_57_704.jpg,/home/esteve/self-driving-ND/CarND-Behavioral-Cloning-P3/data_hard/IMG/left_2017_04_28_18_34_57_704.jpg,/home/esteve/self-driving-ND/CarND-Behavioral-Cloning-P3/data_hard/IMG/right_2017_04_28_18_34_57_704.jpg,-0.2406015,0.896986,0,22.92459
/home/esteve/self-driving-ND/CarND-Behavioral-Cloning-P3/data_hard/IMG/center_2017_04_28_18_34_57_791.jpg,/home/esteve/self-driving-ND/CarND-Behavioral-Cloning-P3/data_hard/IMG/left_2017_04_28_18_34_57_791.jpg,/home/esteve/self-driving-ND/CarND-Behavioral-Cloning-P3/data_hard/IMG/right_2017_04_28_18_34_57_791.jpg,-0.2406015,0.9346721,0,23.29921
/home/esteve/self-driving-ND/CarND-Behavioral-Cloning-P3/data_hard/IMG/center_2017_04_28_18_34_57_881.jpg,/home/esteve/self-driving-ND/CarND-Behavioral-Cloning-P3/data_hard/IMG/left_2017_04_28_18_34_57_881.jpg,/home/esteve/self-driving-ND/CarND-Behavioral-Cloning-P3/data_hard/IMG/right_2017_04_28_18_34_57_881.jpg,-0.2406015,0.6621218,0,23.6237
/home/esteve/self-driving-ND/CarND-Behavioral-Cloning-P3/data_hard/IMG/center_2017_04_28_18_34_57_959.jpg,/home/esteve/self-driving-ND/CarND-Behavioral-Cloning-P3/data_hard/IMG/left_2017_04_28_18_34_57_959.jpg,/home/esteve/self-driving-ND/CarND-Behavioral-Cloning-P3/data_hard/IMG/right_2017_04_28_18_34_57_959.jpg,-0.2406015,0.4798267,0,23.63978
/home/esteve/self-driving-ND/CarND-Behavioral-Cloning-P3/data_hard/IMG/center_2017_04_28_18_34_58_044.jpg,/home/esteve/self-driving-ND/CarND-Behavioral-Cloning-P3/data_hard/IMG/left_2017_04_28_18_34_58_044.jpg,/home/esteve/self-driving-ND/CarND-Behavioral-Cloning-P3/data_hard/IMG/right_2017_04_28_18_34_58_044.jpg,-0.2030075,0.1735928,0,23.34251
/home/esteve/self-driving-ND/CarND-Behavioral-Cloning-P3/data_hard/IMG/center_2017_04_28_18_34_58_129.jpg,/home/esteve/self-driving-ND/CarND-Behavioral-Cloning-P3/data_hard/IMG/left_2017_04_28_18_34_58_129.jpg,/home/esteve/self-driving-ND/CarND-Behavioral-Cloning-P3/data_hard/IMG/right_2017_04_28_18_34_58_129.jpg,-0.2030075,0.1596189,0,22.9412
/home/esteve/self-driving-ND/CarND-Behavioral-Cloning-P3/data_hard/IMG/center_2017_04_28_18_34_58_217.jpg,/home/esteve/self-driving-ND/CarND-Behavioral-Cloning-P3/data_hard/IMG/left_2017_04_28_18_34_58_217.jpg,/home/esteve/self-driving-ND/CarND-Behavioral-Cloning-P3/data_hard/IMG/right_2017_04_28_18_34_58_217.jpg,-0.2030075,0.423079,0,22.66454
/home/esteve/self-driving-ND/CarND-Behavioral-Cloning-P3/data_hard/IMG/center_2017_04_28_18_34_58_300.jpg,/home/esteve/self-driving-ND/CarND-Behavioral-Cloning-P3/data_hard/IMG/left_2017_04_28_18_34_58_300.jpg,/home/esteve/self-driving-ND/CarND-Behavioral-Cloning-P3/data_hard/IMG/right_2017_04_28_18_34_58_300.jpg,-0.2030075,0.671998,0,22.67584
/home/esteve/self-driving-ND/CarND-Behavioral-Cloning-P3/data_hard/IMG/center_2017_04_28_18_34_58_386.jpg,/home/esteve/self-driving-ND/CarND-Behavioral-Cloning-P3/data_hard/IMG/left_2017_04_28_18_34_58_386.jpg,/home/esteve/self-driving-ND/CarND-Behavioral-Cloning-P3/data_hard/IMG/right_2017_04_28_18_34_58_386.jpg,-0.2030075,0.6854291,0,22.90746
/home/esteve/self-driving-ND/CarND-Behavioral-Cloning-P3/data_hard/IMG/center_2017_04_28_18_34_58_472.jpg,/home/esteve/self-driving-ND/CarND-Behavioral-Cloning-P3/data_hard/IMG/left_2017_04_28_18_34_58_472.jpg,/home/esteve/self-driving-ND/CarND-Behavioral-Cloning-P3/data_hard/IMG/right_2017_04_28_18_34_58_472.jpg,-0.2030075,0.4267004,0,22.98843
/home/esteve/self-driving-ND/CarND-Behavioral-Cloning-P3/data_hard/IMG/center_2017_04_28_18_34_58_559.jpg,/home/esteve/self-driving-ND/CarND-Behavioral-Cloning-P3/data_hard/IMG/left_2017_04_28_18_34_58_559.jpg,/home/esteve/self-driving-ND/CarND-Behavioral-Cloning-P3/data_hard/IMG/right_2017_04_28_18_34_58_559.jpg,-0.1578947,0.1651928,0,22.81695
/home/esteve/self-driving-ND/CarND-Behavioral-Cloning-P3/data_hard/IMG/center_2017_04_28_18_34_58_642.jpg,/home/esteve/self-driving-ND/CarND-Behavioral-Cloning-P3/data_hard/IMG/left_2017_04_28_18_34_58_642.jpg,/home/esteve/self-driving-ND/CarND-Behavioral-Cloning-P3/data_hard/IMG/right_2017_04_28_18_34_58_642.jpg,-0.1353384,0,0,22.30588
/home/esteve/self-driving-ND/CarND-Behavioral-Cloning-P3/data_hard/IMG/center_2017_04_28_18_34_58_725.jpg,/home/esteve/self-driving-ND/CarND-Behavioral-Cloning-P3/data_hard/IMG/left_2017_04_28_18_34_58_725.jpg,/home/esteve/self-driving-ND/CarND-Behavioral-Cloning-P3/data_hard/IMG/right_2017_04_28_18_34_58_725.jpg,-0.1353384,0,0,21.87748
/home/esteve/self-driving-ND/CarND-Behavioral-Cloning-P3/data_hard/IMG/center_2017_04_28_18_34_58_794.jpg,/home/esteve/self-driving-ND/CarND-Behavioral-Cloning-P3/data_hard/IMG/left_2017_04_28_18_34_58_794.jpg,/home/esteve/self-driving-ND/CarND-Behavioral-Cloning-P3/data_hard/IMG/right_2017_04_28_18_34_58_794.jpg,-0.1353384,0.2067003,0,21.64886
/home/esteve/self-driving-ND/CarND-Behavioral-Cloning-P3/data_hard/IMG/center_2017_04_28_18_34_58_869.jpg,/home/esteve/self-driving-ND/CarND-Behavioral-Cloning-P3/data_hard/IMG/left_2017_04_28_18_34_58_869.jpg,/home/esteve/self-driving-ND/CarND-Behavioral-Cloning-P3/data_hard/IMG/right_2017_04_28_18_34_58_869.jpg,-0.1353384,0.4309924,0,21.56418
/home/esteve/self-driving-ND/CarND-Behavioral-Cloning-P3/data_hard/IMG/center_2017_04_28_18_34_58_936.jpg,/home/esteve/self-driving-ND/CarND-Behavioral-Cloning-P3/data_hard/IMG/left_2017_04_28_18_34_58_936.jpg,/home/esteve/self-driving-ND/CarND-Behavioral-Cloning-P3/data_hard/IMG/right_2017_04_28_18_34_58_936.jpg,-0.1353384,0.3588538,0,21.59875
/home/esteve/self-driving-ND/CarND-Behavioral-Cloning-P3/data_hard/IMG/center_2017_04_28_18_34_59_017.jpg,/home/esteve/self-driving-ND/CarND-Behavioral-Cloning-P3/data_hard/IMG/left_2017_04_28_18_34_59_017.jpg,/home/esteve/self-driving-ND/CarND-Behavioral-Cloning-P3/data_hard/IMG/right_2017_04_28_18_34_59_017.jpg,-0.1052632,0.1177619,0,21.48491
/home/esteve/self-driving-ND/CarND-Behavioral-Cloning-P3/data_hard/IMG/center_2017_04_28_18_34_59_104.jpg,/home/esteve/self-driving-ND/CarND-Behavioral-Cloning-P3/data_hard/IMG/left_2017_04_28_18_34_59_104.jpg,/home/esteve/self-driving-ND/CarND-Behavioral-Cloning-P3/data_hard/IMG/right_2017_04_28_18_34_59_104.jpg,-0.07518797,0,0,21.15633
/home/esteve/self-driving-ND/CarND-Behavioral-Cloning-P3/data_hard/IMG/center_2017_04_28_18_34_59_188.jpg,/home/esteve/self-driving-ND/CarND-Behavioral-Cloning-P3/data_hard/IMG/left_2017_04_28_18_34_59_188.jpg,/home/esteve/self-driving-ND/CarND-Behavioral-Cloning-P3/data_hard/IMG/right_2017_04_28_18_34_59_188.jpg,-0.04511278,0,0,20.87116
/home/esteve/self-driving-ND/CarND-Behavioral-Cloning-P3/data_hard/IMG/center_2017_04_28_18_34_59_274.jpg,/home/esteve/self-driving-ND/CarND-Behavioral-Cloning-P3/data_hard/IMG/left_2017_04_28_18_34_59_274.jpg,/home/esteve/self-driving-ND/CarND-Behavioral-Cloning-P3/data_hard/IMG/right_2017_04_28_18_34_59_274.jpg,0.01503759,0,0,20.59756
/home/esteve/self-driving-ND/CarND-Behavioral-Cloning-P3/data_hard/IMG/center_2017_04_28_18_34_59_363.jpg,/home/esteve/self-driving-ND/CarND-Behavioral-Cloning-P3/data_hard/IMG/left_2017_04_28_18_34_59_363.jpg,/home/esteve/self-driving-ND/CarND-Behavioral-Cloning-P3/data_hard/IMG/right_2017_04_28_18_34_59_363.jpg,0.02255639,0,0,20.17625
/home/esteve/self-driving-ND/CarND-Behavioral-Cloning-P3/data_hard/IMG/center_2017_04_28_18_34_59_448.jpg,/home/esteve/self-driving-ND/CarND-Behavioral-Cloning-P3/data_hard/IMG/left_2017_04_28_18_34_59_448.jpg,/home/esteve/self-driving-ND/CarND-Behavioral-Cloning-P3/data_hard/IMG/right_2017_04_28_18_34_59_448.jpg,0.02255639,0,0,19.91636
/home/esteve/self-driving-ND/CarND-Behavioral-Cloning-P3/data_hard/IMG/center_2017_04_28_18_34_59_534.jpg,/home/esteve/self-driving-ND/CarND-Behavioral-Cloning-P3/data_hard/IMG/left_2017_04_28_18_34_59_534.jpg,/home/esteve/self-driving-ND/CarND-Behavioral-Cloning-P3/data_hard/IMG/right_2017_04_28_18_34_59_534.jpg,0.03007519,0.06337738,0,19.6239
/home/esteve/self-driving-ND/CarND-Behavioral-Cloning-P3/data_hard/IMG/center_2017_04_28_18_34_59_622.jpg,/home/esteve/self-driving-ND/CarND-Behavioral-Cloning-P3/data_hard/IMG/left_2017_04_28_18_34_59_622.jpg,/home/esteve/self-driving-ND/CarND-Behavioral-Cloning-P3/data_hard/IMG/right_2017_04_28_18_34_59_622.jpg,0.08270676,0.3254428,0,19.09755
/home/esteve/self-driving-ND/CarND-Behavioral-Cloning-P3/data_hard/IMG/center_2017_04_28_18_34_59_707.jpg,/home/esteve/self-driving-ND/CarND-Behavioral-Cloning-P3/data_hard/IMG/left_2017_04_28_18_34_59_707.jpg,/home/esteve/self-driving-ND/CarND-Behavioral-Cloning-P3/data_hard/IMG/right_2017_04_28_18_34_59_707.jpg,0.08270676,0.5797799,0,19.60353
/home/esteve/self-driving-ND/CarND-Behavioral-Cloning-P3/data_hard/IMG/center_2017_04_28_18_34_59_794.jpg,/home/esteve/self-driving-ND/CarND-Behavioral-Cloning-P3/data_hard/IMG/left_2017_04_28_18_34_59_794.jpg,/home/esteve/self-driving-ND/CarND-Behavioral-Cloning-P3/data_hard/IMG/right_2017_04_28_18_34_59_794.jpg,0.08270676,0.8412387,0,20.02829
/home/esteve/self-driving-ND/CarND-Behavioral-Cloning-P3/data_hard/IMG/center_2017_04_28_18_34_59_864.jpg,/home/esteve/self-driving-ND/CarND-Behavioral-Cloning-P3/data_hard/IMG/left_2017_04_28_18_34_59_864.jpg,/home/esteve/self-driving-ND/CarND-Behavioral-Cloning-P3/data_hard/IMG/right_2017_04_28_18_34_59_864.jpg,0.08270676,1,0,20.57365
/home/esteve/self-driving-ND/CarND-Behavioral-Cloning-P3/data_hard/IMG/center_2017_04_28_18_34_59_957.jpg,/home/esteve/self-driving-ND/CarND-Behavioral-Cloning-P3/data_hard/IMG/left_2017_04_28_18_34_59_957.jpg,/home/esteve/self-driving-ND/CarND-Behavioral-Cloning-P3/data_hard/IMG/right_2017_04_28_18_34_59_957.jpg,0.08270676,0.938041,0,20.88876
/home/esteve/self-driving-ND/CarND-Behavioral-Cloning-P3/data_hard/IMG/center_2017_04_28_18_35_00_037.jpg,/home/esteve/self-driving-ND/CarND-Behavioral-Cloning-P3/data_hard/IMG/left_2017_04_28_18_35_00_037.jpg,/home/esteve/self-driving-ND/CarND-Behavioral-Cloning-P3/data_hard/IMG/right_2017_04_28_18_35_00_037.jpg,0.08270676,0.6764798,0,21.37794
/home/esteve/self-driving-ND/CarND-Behavioral-Cloning-P3/data_hard/IMG/center_2017_04_28_18_35_00_105.jpg,/home/esteve/self-driving-ND/CarND-Behavioral-Cloning-P3/data_hard/IMG/left_2017_04_28_18_35_00_105.jpg,/home/esteve/self-driving-ND/CarND-Behavioral-Cloning-P3/data_hard/IMG/right_2017_04_28_18_35_00_105.jpg,0.09022556,0.4718044,0,21.51054
/home/esteve/self-driving-ND/CarND-Behavioral-Cloning-P3/data_hard/IMG/center_2017_04_28_18_35_00_191.jpg,/home/esteve/self-driving-ND/CarND-Behavioral-Cloning-P3/data_hard/IMG/left_2017_04_28_18_35_00_191.jpg,/home/esteve/self-driving-ND/CarND-Behavioral-Cloning-P3/data_hard/IMG/right_2017_04_28_18_35_00_191.jpg,0.1879699,0.462642,0,21.18451
/home/esteve/self-driving-ND/CarND-Behavioral-Cloning-P3/data_hard/IMG/center_2017_04_28_18_35_00_278.jpg,/home/esteve/self-driving-ND/CarND-Behavioral-Cloning-P3/data_hard/IMG/left_2017_04_28_18_35_00_278.jpg,/home/esteve/self-driving-ND/CarND-Behavioral-Cloning-P3/data_hard/IMG/right_2017_04_28_18_35_00_278.jpg,0.2255639,0.7240772,0,21.27864
/home/esteve/self-driving-ND/CarND-Behavioral-Cloning-P3/data_hard/IMG/center_2017_04_28_18_35_00_363.jpg,/home/esteve/self-driving-ND/CarND-Behavioral-Cloning-P3/data_hard/IMG/left_2017_04_28_18_35_00_363.jpg,/home/esteve/self-driving-ND/CarND-Behavioral-Cloning-P3/data_hard/IMG/right_2017_04_28_18_35_00_363.jpg,0.2481203,0.9784079,0,21.64857
/home/esteve/self-driving-ND/CarND-Behavioral-Cloning-P3/data_hard/IMG/center_2017_04_28_18_35_00_446.jpg,/home/esteve/self-driving-ND/CarND-Behavioral-Cloning-P3/data_hard/IMG/left_2017_04_28_18_35_00_446.jpg,/home/esteve/self-driving-ND/CarND-Behavioral-Cloning-P3/data_hard/IMG/right_2017_04_28_18_35_00_446.jpg,0.3082707,0.9356019,0,21.75488
/home/esteve/self-driving-ND/CarND-Behavioral-Cloning-P3/data_hard/IMG/center_2017_04_28_18_35_00_530.jpg,/home/esteve/self-driving-ND/CarND-Behavioral-Cloning-P3/data_hard/IMG/left_2017_04_28_18_35_00_530.jpg,/home/esteve/self-driving-ND/CarND-Behavioral-Cloning-P3/data_hard/IMG/right_2017_04_28_18_35_00_530.jpg,0.3909774,0.6811569,0,22.16266
/home/esteve/self-driving-ND/CarND-Behavioral-Cloning-P3/data_hard/IMG/center_2017_04_28_18_35_00_617.jpg,/home/esteve/self-driving-ND/CarND-Behavioral-Cloning-P3/data_hard/IMG/left_2017_04_28_18_35_00_617.jpg,/home/esteve/self-driving-ND/CarND-Behavioral-Cloning-P3/data_hard/IMG/right_2017_04_28_18_35_00_617.jpg,0.481203,0.4214497,0,22.18496
/home/esteve/self-driving-ND/CarND-Behavioral-Cloning-P3/data_hard/IMG/center_2017_04_28_18_35_00_701.jpg,/home/esteve/self-driving-ND/CarND-Behavioral-Cloning-P3/data_hard/IMG/left_2017_04_28_18_35_00_701.jpg,/home/esteve/self-driving-ND/CarND-Behavioral-Cloning-P3/data_hard/IMG/right_2017_04_28_18_35_00_701.jpg,0.5789474,0.1698484,0,21.64342
/home/esteve/self-driving-ND/CarND-Behavioral-Cloning-P3/data_hard/IMG/center_2017_04_28_18_35_00_783.jpg,/home/esteve/self-driving-ND/CarND-Behavioral-Cloning-P3/data_hard/IMG/left_2017_04_28_18_35_00_783.jpg,/home/esteve/self-driving-ND/CarND-Behavioral-Cloning-P3/data_hard/IMG/right_2017_04_28_18_35_00_783.jpg,0.5864662,0,0,20.89494
/home/esteve/self-driving-ND/CarND-Behavioral-Cloning-P3/data_hard/IMG/center_2017_04_28_18_35_00_867.jpg,/home/esteve/self-driving-ND/CarND-Behavioral-Cloning-P3/data_hard/IMG/left_2017_04_28_18_35_00_867.jpg,/home/esteve/self-driving-ND/CarND-Behavioral-Cloning-P3/data_hard/IMG/right_2017_04_28_18_35_00_867.jpg,0.5864662,0.1285472,0,20.15936
/home/esteve/self-driving-ND/CarND-Behavioral-Cloning-P3/data_hard/IMG/center_2017_04_28_18_35_00_963.jpg,/home/esteve/self-driving-ND/CarND-Behavioral-Cloning-P3/data_hard/IMG/left_2017_04_28_18_35_00_963.jpg,/home/esteve/self-driving-ND/CarND-Behavioral-Cloning-P3/data_hard/IMG/right_2017_04_28_18_35_00_963.jpg,0.4285714,0.3921032,0,19.81893
/home/esteve/self-driving-ND/CarND-Behavioral-Cloning-P3/data_hard/IMG/center_2017_04_28_18_35_01_039.jpg,/home/esteve/self-driving-ND/CarND-Behavioral-Cloning-P3/data_hard/IMG/left_2017_04_28_18_35_01_039.jpg,/home/esteve/self-driving-ND/CarND-Behavioral-Cloning-P3/data_hard/IMG/right_2017_04_28_18_35_01_039.jpg,0.3082707,0.2708366,0,19.74914
/home/esteve/self-driving-ND/CarND-Behavioral-Cloning-P3/data_hard/IMG/center_2017_04_28_18_35_01_121.jpg,/home/esteve/self-driving-ND/CarND-Behavioral-Cloning-P3/data_hard/IMG/left_2017_04_28_18_35_01_121.jpg,/home/esteve/self-driving-ND/CarND-Behavioral-Cloning-P3/data_hard/IMG/right_2017_04_28_18_35_01_121.jpg,0.2105263,0.07721972,0,19.19235
/home/esteve/self-driving-ND/CarND-Behavioral-Cloning-P3/data_hard/IMG/center_2017_04_28_18_35_01_210.jpg,/home/esteve/self-driving-ND/CarND-Behavioral-Cloning-P3/data_hard/IMG/left_2017_04_28_18_35_01_210.jpg,/home/esteve/self-driving-ND/CarND-Behavioral-Cloning-P3/data_hard/IMG/right_2017_04_28_18_35_01_210.jpg,0.1278196,0,0,18.6868
/home/esteve/self-driving-ND/CarND-Behavioral-Cloning-P3/data_hard/IMG/center_2017_04_28_18_35_01_297.jpg,/home/esteve/self-driving-ND/CarND-Behavioral-Cloning-P3/data_hard/IMG/left_2017_04_28_18_35_01_297.jpg,/home/esteve/self-driving-ND/CarND-Behavioral-Cloning-P3/data_hard/IMG/right_2017_04_28_18_35_01_297.jpg,0.1278196,0.2573912,0,18.19138
/home/esteve/self-driving-ND/CarND-Behavioral-Cloning-P3/data_hard/IMG/center_2017_04_28_18_35_01_373.jpg,/home/esteve/self-driving-ND/CarND-Behavioral-Cloning-P3/data_hard/IMG/left_2017_04_28_18_35_01_373.jpg,/home/esteve/self-driving-ND/CarND-Behavioral-Cloning-P3/data_hard/IMG/right_2017_04_28_18_35_01_373.jpg,0.1278196,0.5087943,0,18.08892
/home/esteve/self-driving-ND/CarND-Behavioral-Cloning-P3/data_hard/IMG/center_2017_04_28_18_35_01_455.jpg,/home/esteve/self-driving-ND/CarND-Behavioral-Cloning-P3/data_hard/IMG/left_2017_04_28_18_35_01_455.jpg,/home/esteve/self-driving-ND/CarND-Behavioral-Cloning-P3/data_hard/IMG/right_2017_04_28_18_35_01_455.jpg,0.1804511,0.752409,0,18.09
/home/esteve/self-driving-ND/CarND-Behavioral-Cloning-P3/data_hard/IMG/center_2017_04_28_18_35_01_522.jpg,/home/esteve/self-driving-ND/CarND-Behavioral-Cloning-P3/data_hard/IMG/left_2017_04_28_18_35_01_522.jpg,/home/esteve/self-driving-ND/CarND-Behavioral-Cloning-P3/data_hard/IMG/right_2017_04_28_18_35_01_522.jpg,0.2781955,0.9547169,0,17.88319
/home/esteve/self-driving-ND/CarND-Behavioral-Cloning-P3/data_hard/IMG/center_2017_04_28_18_35_01_611.jpg,/home/esteve/self-driving-ND/CarND-Behavioral-Cloning-P3/data_hard/IMG/left_2017_04_28_18_35_01_611.jpg,/home/esteve/self-driving-ND/CarND-Behavioral-Cloning-P3/data_hard/IMG/right_2017_04_28_18_35_01_611.jpg,0.2932331,1,0,18.77886
/home/esteve/self-driving-ND/CarND-Behavioral-Cloning-P3/data_hard/IMG/center_2017_04_28_18_35_01_692.jpg,/home/esteve/self-driving-ND/CarND-Behavioral-Cloning-P3/data_hard/IMG/left_2017_04_28_18_35_01_692.jpg,/home/esteve/self-driving-ND/CarND-Behavioral-Cloning-P3/data_hard/IMG/right_2017_04_28_18_35_01_692.jpg,0.2932331,0.92731,0,19.16941
/home/esteve/self-driving-ND/CarND-Behavioral-Cloning-P3/data_hard/IMG/center_2017_04_28_18_35_01_781.jpg,/home/esteve/self-driving-ND/CarND-Behavioral-Cloning-P3/data_hard/IMG/left_2017_04_28_18_35_01_781.jpg,/home/esteve/self-driving-ND/CarND-Behavioral-Cloning-P3/data_hard/IMG/right_2017_04_28_18_35_01_781.jpg,0.1432331,0.6590741,0,19.16279
/home/esteve/self-driving-ND/CarND-Behavioral-Cloning-P3/data_hard/IMG/center_2017_04_28_18_35_01_875.jpg,/home/esteve/self-driving-ND/CarND-Behavioral-Cloning-P3/data_hard/IMG/left_2017_04_28_18_35_01_875.jpg,/home/esteve/self-driving-ND/CarND-Behavioral-Cloning-P3/data_hard/IMG/right_2017_04_28_18_35_01_875.jpg,-0.1067669,0.3971767,0,19.49886
/home/esteve/self-driving-ND/CarND-Behavioral-Cloning-P3/data_hard/IMG/center_2017_04_28_18_35_01_952.jpg,/home/esteve/self-driving-ND/CarND-Behavioral-Cloning-P3/data_hard/IMG/left_2017_04_28_18_35_01_952.jpg,/home/esteve/self-driving-ND/CarND-Behavioral-Cloning-P3/data_hard/IMG/right_2017_04_28_18_35_01_952.jpg,0.2932331,0.1461005,0,19.32238
/home/esteve/self-driving-ND/CarND-Behavioral-Cloning-P3/data_hard/IMG/center_2017_04_28_18_35_02_034.jpg,/home/esteve/self-driving-ND/CarND-Behavioral-Cloning-P3/data_hard/IMG/left_2017_04_28_18_35_02_034.jpg,/home/esteve/self-driving-ND/CarND-Behavioral-Cloning-P3/data_hard/IMG/right_2017_04_28_18_35_02_034.jpg,0.2932331,0.3910892,0,18.97648
/home/esteve/self-driving-ND/CarND-Behavioral-Cloning-P3/data_hard/IMG/center_2017_04_28_18_35_02_119.jpg,/home/esteve/self-driving-ND/CarND-Behavioral-Cloning-P3/data_hard/IMG/left_2017_04_28_18_35_02_119.jpg,/home/esteve/self-driving-ND/CarND-Behavioral-Cloning-P3/data_hard/IMG/right_2017_04_28_18_35_02_119.jpg,0.2932331,0.6467974,0,19.10324
/home/esteve/self-driving-ND/CarND-Behavioral-Cloning-P3/data_hard/IMG/center_2017_04_28_18_35_02_208.jpg,/home/esteve/self-driving-ND/CarND-Behavioral-Cloning-P3/data_hard/IMG/left_2017_04_28_18_35_02_208.jpg,/home/esteve/self-driving-ND/CarND-Behavioral-Cloning-P3/data_hard/IMG/right_2017_04_28_18_35_02_208.jpg,0.2932331,0.9131644,0,19.65986
/home/esteve/self-driving-ND/CarND-Behavioral-Cloning-P3/data_hard/IMG/center_2017_04_28_18_35_02_291.jpg,/home/esteve/self-driving-ND/CarND-Behavioral-Cloning-P3/data_hard/IMG/left_2017_04_28_18_35_02_291.jpg,/home/esteve/self-driving-ND/CarND-Behavioral-Cloning-P3/data_hard/IMG/right_2017_04_28_18_35_02_291.jpg,0.2932331,1,0,20.29671
/home/esteve/self-driving-ND/CarND-Behavioral-Cloning-P3/data_hard/IMG/center_2017_04_28_18_35_02_377.jpg,/home/esteve/self-driving-ND/CarND-Behavioral-Cloning-P3/data_hard/IMG/left_2017_04_28_18_35_02_377.jpg,/home/esteve/self-driving-ND/CarND-Behavioral-Cloning-P3/data_hard/IMG/right_2017_04_28_18_35_02_377.jpg,0.3233083,1,0,20.78686
/home/esteve/self-driving-ND/CarND-Behavioral-Cloning-P3/data_hard/IMG/center_2017_04_28_18_35_02_446.jpg,/home/esteve/self-driving-ND/CarND-Behavioral-Cloning-P3/data_hard/IMG/left_2017_04_28_18_35_02_446.jpg,/home/esteve/self-driving-ND/CarND-Behavioral-Cloning-P3/data_hard/IMG/right_2017_04_28_18_35_02_446.jpg,0.3909774,1,0,21.25189
/home/esteve/self-driving-ND/CarND-Behavioral-Cloning-P3/data_hard/IMG/center_2017_04_28_18_35_02_531.jpg,/home/esteve/self-driving-ND/CarND-Behavioral-Cloning-P3/data_hard/IMG/left_2017_04_28_18_35_02_531.jpg,/home/esteve/self-driving-ND/CarND-Behavioral-Cloning-P3/data_hard/IMG/right_2017_04_28_18_35_02_531.jpg,0.3984962,0.7457144,0,22.05103
/home/esteve/self-driving-ND/CarND-Behavioral-Cloning-P3/data_hard/IMG/center_2017_04_28_18_35_02_618.jpg,/home/esteve/self-driving-ND/CarND-Behavioral-Cloning-P3/data_hard/IMG/left_2017_04_28_18_35_02_618.jpg,/home/esteve/self-driving-ND/CarND-Behavioral-Cloning-P3/data_hard/IMG/right_2017_04_28_18_35_02_618.jpg,0.4135338,0.4847233,0,22.57495
/home/esteve/self-driving-ND/CarND-Behavioral-Cloning-P3/data_hard/IMG/center_2017_04_28_18_35_02_706.jpg,/home/esteve/self-driving-ND/CarND-Behavioral-Cloning-P3/data_hard/IMG/left_2017_04_28_18_35_02_706.jpg,/home/esteve/self-driving-ND/CarND-Behavioral-Cloning-P3/data_hard/IMG/right_2017_04_28_18_35_02_706.jpg,0.4135338,0.221065,0,22.71019
/home/esteve/self-driving-ND/CarND-Behavioral-Cloning-P3/data_hard/IMG/center_2017_04_28_18_35_02_773.jpg,/home/esteve/self-driving-ND/CarND-Behavioral-Cloning-P3/data_hard/IMG/left_2017_04_28_18_35_02_773.jpg,/home/esteve/self-driving-ND/CarND-Behavioral-Cloning-P3/data_hard/IMG/right_2017_04_28_18_35_02_773.jpg,0.3984962,0.02070117,0,22.60338
/home/esteve/self-driving-ND/CarND-Behavioral-Cloning-P3/data_hard/IMG/center_2017_04_28_18_35_02_840.jpg,/home/esteve/self-driving-ND/CarND-Behavioral-Cloning-P3/data_hard/IMG/left_2017_04_28_18_35_02_840.jpg,/home/esteve/self-driving-ND/CarND-Behavioral-Cloning-P3/data_hard/IMG/right_2017_04_28_18_35_02_840.jpg,0.3082707,0.221746,0,22.65798
/home/esteve/self-driving-ND/CarND-Behavioral-Cloning-P3/data_hard/IMG/center_2017_04_28_18_35_02_912.jpg,/home/esteve/self-driving-ND/CarND-Behavioral-Cloning-P3/data_hard/IMG/left_2017_04_28_18_35_02_912.jpg,/home/esteve/self-driving-ND/CarND-Behavioral-Cloning-P3/data_hard/IMG/right_2017_04_28_18_35_02_912.jpg,0.2180451,0.440248,0,22.8063
/home/esteve/self-driving-ND/CarND-Behavioral-Cloning-P3/data_hard/IMG/center_2017_04_28_18_35_02_998.jpg,/home/esteve/self-driving-ND/CarND-Behavioral-Cloning-P3/data_hard/IMG/left_2017_04_28_18_35_02_998.jpg,/home/esteve/self-driving-ND/CarND-Behavioral-Cloning-P3/data_hard/IMG/right_2017_04_28_18_35_02_998.jpg,0.04511278,0.6965113,0,23.15462
/home/esteve/self-driving-ND/CarND-Behavioral-Cloning-P3/data_hard/IMG/center_2017_04_28_18_35_03_080.jpg,/home/esteve/self-driving-ND/CarND-Behavioral-Cloning-P3/data_hard/IMG/left_2017_04_28_18_35_03_080.jpg,/home/esteve/self-driving-ND/CarND-Behavioral-Cloning-P3/data_hard/IMG/right_2017_04_28_18_35_03_080.jpg,-0.06766918,0.9439332,0,23.71923
/home/esteve/self-driving-ND/CarND-Behavioral-Cloning-P3/data_hard/IMG/center_2017_04_28_18_35_03_168.jpg,/home/esteve/self-driving-ND/CarND-Behavioral-Cloning-P3/data_hard/IMG/left_2017_04_28_18_35_03_168.jpg,/home/esteve/self-driving-ND/CarND-Behavioral-Cloning-P3/data_hard/IMG/right_2017_04_28_18_35_03_168.jpg,-0.06766918,0.8120472,0,24.59221
/home/esteve/self-driving-ND/CarND-Behavioral-Cloning-P3/data_hard/IMG/center_2017_04_28_18_35_03_253.jpg,/home/esteve/self-driving-ND/CarND-Behavioral-Cloning-P3/data_hard/IMG/left_2017_04_28_18_35_03_253.jpg,/home/esteve/self-driving-ND/CarND-Behavioral-Cloning-P3/data_hard/IMG/right_2017_04_28_18_35_03_253.jpg,-0.1052632,0.5574012,0,25.06553
/home/esteve/self-driving-ND/CarND-Behavioral-Cloning-P3/data_hard/IMG/center_2017_04_28_18_35_03_334.jpg,/home/esteve/self-driving-ND/CarND-Behavioral-Cloning-P3/data_hard/IMG/left_2017_04_28_18_35_03_334.jpg,/home/esteve/self-driving-ND/CarND-Behavioral-Cloning-P3/data_hard/IMG/right_2017_04_28_18_35_03_334.jpg,-0.2406015,0.3115149,0,25.26248
/home/esteve/self-driving-ND/CarND-Behavioral-Cloning-P3/data_hard/IMG/center_2017_04_28_18_35_03_420.jpg,/home/esteve/self-driving-ND/CarND-Behavioral-Cloning-P3/data_hard/IMG/left_2017_04_28_18_35_03_420.jpg,/home/esteve/self-driving-ND/CarND-Behavioral-Cloning-P3/data_hard/IMG/right_2017_04_28_18_35_03_420.jpg,-0.2556391,0.05458283,0,25.21485
/home/esteve/self-driving-ND/CarND-Behavioral-Cloning-P3/data_hard/IMG/center_2017_04_28_18_35_03_508.jpg,/home/esteve/self-driving-ND/CarND-Behavioral-Cloning-P3/data_hard/IMG/left_2017_04_28_18_35_03_508.jpg,/home/esteve/self-driving-ND/CarND-Behavioral-Cloning-P3/data_hard/IMG/right_2017_04_28_18_35_03_508.jpg,-0.2255639,0.07294536,0,24.94985
/home/esteve/self-driving-ND/CarND-Behavioral-Cloning-P3/data_hard/IMG/center_2017_04_28_18_35_03_592.jpg,/home/esteve/self-driving-ND/CarND-Behavioral-Cloning-P3/data_hard/IMG/left_2017_04_28_18_35_03_592.jpg,/home/esteve/self-driving-ND/CarND-Behavioral-Cloning-P3/data_hard/IMG/right_2017_04_28_18_35_03_592.jpg,-0.1578947,0.3250322,0,24.93442
/home/esteve/self-driving-ND/CarND-Behavioral-Cloning-P3/data_hard/IMG/center_2017_04_28_18_35_03_676.jpg,/home/esteve/self-driving-ND/CarND-Behavioral-Cloning-P3/data_hard/IMG/left_2017_04_28_18_35_03_676.jpg,/home/esteve/self-driving-ND/CarND-Behavioral-Cloning-P3/data_hard/IMG/right_2017_04_28_18_35_03_676.jpg,-0.1278196,0.57777,0,25.1644
/home/esteve/self-driving-ND/CarND-Behavioral-Cloning-P3/data_hard/IMG/center_2017_04_28_18_35_03_757.jpg,/home/esteve/self-driving-ND/CarND-Behavioral-Cloning-P3/data_hard/IMG/left_2017_04_28_18_35_03_757.jpg,/home/esteve/self-driving-ND/CarND-Behavioral-Cloning-P3/data_hard/IMG/right_2017_04_28_18_35_03_757.jpg,-0.08270676,0.3358169,0,25.41754
/home/esteve/self-driving-ND/CarND-Behavioral-Cloning-P3/data_hard/IMG/center_2017_04_28_18_35_03_850.jpg,/home/esteve/self-driving-ND/CarND-Behavioral-Cloning-P3/data_hard/IMG/left_2017_04_28_18_35_03_850.jpg,/home/esteve/self-driving-ND/CarND-Behavioral-Cloning-P3/data_hard/IMG/right_2017_04_28_18_35_03_850.jpg,0.03759398,0.05650163,0,25.40925
/home/esteve/self-driving-ND/CarND-Behavioral-Cloning-P3/data_hard/IMG/center_2017_04_28_18_35_03_916.jpg,/home/esteve/self-driving-ND/CarND-Behavioral-Cloning-P3/data_hard/IMG/left_2017_04_28_18_35_03_916.jpg,/home/esteve/self-driving-ND/CarND-Behavioral-Cloning-P3/data_hard/IMG/right_2017_04_28_18_35_03_916.jpg,0.05263158,0,0,25.2575
/home/esteve/self-driving-ND/CarND-Behavioral-Cloning-P3/data_hard/IMG/center_2017_04_28_18_35_03_999.jpg,/home/esteve/self-driving-ND/CarND-Behavioral-Cloning-P3/data_hard/IMG/left_2017_04_28_18_35_03_999.jpg,/home/esteve/self-driving-ND/CarND-Behavioral-Cloning-P3/data_hard/IMG/right_2017_04_28_18_35_03_999.jpg,0.05263158,0,0,25.04996
/home/esteve/self-driving-ND/CarND-Behavioral-Cloning-P3/data_hard/IMG/center_2017_04_28_18_35_04_084.jpg,/home/esteve/self-driving-ND/CarND-Behavioral-Cloning-P3/data_hard/IMG/left_2017_04_28_18_35_04_084.jpg,/home/esteve/self-driving-ND/CarND-Behavioral-Cloning-P3/data_hard/IMG/right_2017_04_28_18_35_04_084.jpg,0.05263158,0,0,24.7962
/home/esteve/self-driving-ND/CarND-Behavioral-Cloning-P3/data_hard/IMG/center_2017_04_28_18_35_04_172.jpg,/home/esteve/self-driving-ND/CarND-Behavioral-Cloning-P3/data_hard/IMG/left_2017_04_28_18_35_04_172.jpg,/home/esteve/self-driving-ND/CarND-Behavioral-Cloning-P3/data_hard/IMG/right_2017_04_28_18_35_04_172.jpg,0.05263158,0,0,24.59602
/home/esteve/self-driving-ND/CarND-Behavioral-Cloning-P3/data_hard/IMG/center_2017_04_28_18_35_04_256.jpg,/home/esteve/self-driving-ND/CarND-Behavioral-Cloning-P3/data_hard/IMG/left_2017_04_28_18_35_04_256.jpg,/home/esteve/self-driving-ND/CarND-Behavioral-Cloning-P3/data_hard/IMG/right_2017_04_28_18_35_04_256.jpg,0.05263158,0,0,24.39775
/home/esteve/self-driving-ND/CarND-Behavioral-Cloning-P3/data_hard/IMG/center_2017_04_28_18_35_04_335.jpg,/home/esteve/self-driving-ND/CarND-Behavioral-Cloning-P3/data_hard/IMG/left_2017_04_28_18_35_04_335.jpg,/home/esteve/self-driving-ND/CarND-Behavioral-Cloning-P3/data_hard/IMG/right_2017_04_28_18_35_04_335.jpg,0.05263158,0,0,24.20125
/home/esteve/self-driving-ND/CarND-Behavioral-Cloning-P3/data_hard/IMG/center_2017_04_28_18_35_04_418.jpg,/home/esteve/self-driving-ND/CarND-Behavioral-Cloning-P3/data_hard/IMG/left_2017_04_28_18_35_04_418.jpg,/home/esteve/self-driving-ND/CarND-Behavioral-Cloning-P3/data_hard/IMG/right_2017_04_28_18_35_04_418.jpg,0.03007519,0,0,24.00655
/home/esteve/self-driving-ND/CarND-Behavioral-Cloning-P3/data_hard/IMG/center_2017_04_28_18_35_04_502.jpg,/home/esteve/self-driving-ND/CarND-Behavioral-Cloning-P3/data_hard/IMG/left_2017_04_28_18_35_04_502.jpg,/home/esteve/self-driving-ND/CarND-Behavioral-Cloning-P3/data_hard/IMG/right_2017_04_28_18_35_04_502.jpg,-0.03759398,0,0,23.81237
/home/esteve/self-driving-ND/CarND-Behavioral-Cloning-P3/data_hard/IMG/center_2017_04_28_18_35_04_580.jpg,/home/esteve/self-driving-ND/CarND-Behavioral-Cloning-P3/data_hard/IMG/left_2017_04_28_18_35_04_580.jpg,/home/esteve/self-driving-ND/CarND-Behavioral-Cloning-P3/data_hard/IMG/right_2017_04_28_18_35_04_580.jpg,-0.09774436,0,0,23.61425
/home/esteve/self-driving-ND/CarND-Behavioral-Cloning-P3/data_hard/IMG/center_2017_04_28_18_35_04_662.jpg,/home/esteve/self-driving-ND/CarND-Behavioral-Cloning-P3/data_hard/IMG/left_2017_04_28_18_35_04_662.jpg,/home/esteve/self-driving-ND/CarND-Behavioral-Cloning-P3/data_hard/IMG/right_2017_04_28_18_35_04_662.jpg,-0.2180451,0,0,23.40296
/home/esteve/self-driving-ND/CarND-Behavioral-Cloning-P3/data_hard/IMG/center_2017_04_28_18_35_04_743.jpg,/home/esteve/self-driving-ND/CarND-Behavioral-Cloning-P3/data_hard/IMG/left_2017_04_28_18_35_04_743.jpg,/home/esteve/self-driving-ND/CarND-Behavioral-Cloning-P3/data_hard/IMG/right_2017_04_28_18_35_04_743.jpg,-0.3082707,0,0,23.11474
/home/esteve/self-driving-ND/CarND-Behavioral-Cloning-P3/data_hard/IMG/center_2017_04_28_18_35_04_833.jpg,/home/esteve/self-driving-ND/CarND-Behavioral-Cloning-P3/data_hard/IMG/left_2017_04_28_18_35_04_833.jpg,/home/esteve/self-driving-ND/CarND-Behavioral-Cloning-P3/data_hard/IMG/right_2017_04_28_18_35_04_833.jpg,-0.3759399,0,0,22.883
/home/esteve/self-driving-ND/CarND-Behavioral-Cloning-P3/data_hard/IMG/center_2017_04_28_18_35_04_914.jpg,/home/esteve/self-driving-ND/CarND-Behavioral-Cloning-P3/data_hard/IMG/left_2017_04_28_18_35_04_914.jpg,/home/esteve/self-driving-ND/CarND-Behavioral-Cloning-P3/data_hard/IMG/right_2017_04_28_18_35_04_914.jpg,-0.3759399,0,0,22.66932
/home/esteve/self-driving-ND/CarND-Behavioral-Cloning-P3/data_hard/IMG/center_2017_04_28_18_35_04_995.jpg,/home/esteve/self-driving-ND/CarND-Behavioral-Cloning-P3/data_hard/IMG/left_2017_04_28_18_35_04_995.jpg,/home/esteve/self-driving-ND/CarND-Behavioral-Cloning-P3/data_hard/IMG/right_2017_04_28_18_35_04_995.jpg,-0.3759399,0,0,22.47053
/home/esteve/self-driving-ND/CarND-Behavioral-Cloning-P3/data_hard/IMG/center_2017_04_28_18_35_05_076.jpg,/home/esteve/self-driving-ND/CarND-Behavioral-Cloning-P3/data_hard/IMG/left_2017_04_28_18_35_05_076.jpg,/home/esteve/self-driving-ND/CarND-Behavioral-Cloning-P3/data_hard/IMG/right_2017_04_28_18_35_05_076.jpg,-0.3759399,0.112617,0,22.30115
/home/esteve/self-driving-ND/CarND-Behavioral-Cloning-P3/data_hard/IMG/center_2017_04_28_18_35_05_158.jpg,/home/esteve/self-driving-ND/CarND-Behavioral-Cloning-P3/data_hard/IMG/left_2017_04_28_18_35_05_158.jpg,/home/esteve/self-driving-ND/CarND-Behavioral-Cloning-P3/data_hard/IMG/right_2017_04_28_18_35_05_158.jpg,-0.3759399,0.3579061,0,22.34287
/home/esteve/self-driving-ND/CarND-Behavioral-Cloning-P3/data_hard/IMG/center_2017_04_28_18_35_05_240.jpg,/home/esteve/self-driving-ND/CarND-Behavioral-Cloning-P3/data_hard/IMG/left_2017_04_28_18_35_05_240.jpg,/home/esteve/self-driving-ND/CarND-Behavioral-Cloning-P3/data_hard/IMG/right_2017_04_28_18_35_05_240.jpg,-0.3759399,0.6040885,0,22.5991
/home/esteve/self-driving-ND/CarND-Behavioral-Cloning-P3/data_hard/IMG/center_2017_04_28_18_35_05_322.jpg,/home/esteve/self-driving-ND/CarND-Behavioral-Cloning-P3/data_hard/IMG/left_2017_04_28_18_35_05_322.jpg,/home/esteve/self-driving-ND/CarND-Behavioral-Cloning-P3/data_hard/IMG/right_2017_04_28_18_35_05_322.jpg,-0.3759399,0.723258,0,23.08979
/home/esteve/self-driving-ND/CarND-Behavioral-Cloning-P3/data_hard/IMG/center_2017_04_28_18_35_05_403.jpg,/home/esteve/self-driving-ND/CarND-Behavioral-Cloning-P3/data_hard/IMG/left_2017_04_28_18_35_05_403.jpg,/home/esteve/self-driving-ND/CarND-Behavioral-Cloning-P3/data_hard/IMG/right_2017_04_28_18_35_05_403.jpg,-0.3759399,0.4801712,0,23.59852
/home/esteve/self-driving-ND/CarND-Behavioral-Cloning-P3/data_hard/IMG/center_2017_04_28_18_35_05_483.jpg,/home/esteve/self-driving-ND/CarND-Behavioral-Cloning-P3/data_hard/IMG/left_2017_04_28_18_35_05_483.jpg,/home/esteve/self-driving-ND/CarND-Behavioral-Cloning-P3/data_hard/IMG/right_2017_04_28_18_35_05_483.jpg,-0.3759399,0.2400177,0,23.75218
/home/esteve/self-driving-ND/CarND-Behavioral-Cloning-P3/data_hard/IMG/center_2017_04_28_18_35_05_563.jpg,/home/esteve/self-driving-ND/CarND-Behavioral-Cloning-P3/data_hard/IMG/left_2017_04_28_18_35_05_563.jpg,/home/esteve/self-driving-ND/CarND-Behavioral-Cloning-P3/data_hard/IMG/right_2017_04_28_18_35_05_563.jpg,-0.3759399,0,0,23.67325
/home/esteve/self-driving-ND/CarND-Behavioral-Cloning-P3/data_hard/IMG/center_2017_04_28_18_35_05_643.jpg,/home/esteve/self-driving-ND/CarND-Behavioral-Cloning-P3/data_hard/IMG/left_2017_04_28_18_35_05_643.jpg,/home/esteve/self-driving-ND/CarND-Behavioral-Cloning-P3/data_hard/IMG/right_2017_04_28_18_35_05_643.jpg,-0.3759399,0,0,23.47535
/home/esteve/self-driving-ND/CarND-Behavioral-Cloning-P3/data_hard/IMG/center_2017_04_28_18_35_05_723.jpg,/home/esteve/self-driving-ND/CarND-Behavioral-Cloning-P3/data_hard/IMG/left_2017_04_28_18_35_05_723.jpg,/home/esteve/self-driving-ND/CarND-Behavioral-Cloning-P3/data_hard/IMG/right_2017_04_28_18_35_05_723.jpg,-0.3759399,0,0,23.28088
/home/esteve/self-driving-ND/CarND-Behavioral-Cloning-P3/data_hard/IMG/center_2017_04_28_18_35_05_805.jpg,/home/esteve/self-driving-ND/CarND-Behavioral-Cloning-P3/data_hard/IMG/left_2017_04_28_18_35_05_805.jpg,/home/esteve/self-driving-ND/CarND-Behavioral-Cloning-P3/data_hard/IMG/right_2017_04_28_18_35_05_805.jpg,-0.3759399,0.2443829,0,23.20081
/home/esteve/self-driving-ND/CarND-Behavioral-Cloning-P3/data_hard/IMG/center_2017_04_28_18_35_05_893.jpg,/home/esteve/self-driving-ND/CarND-Behavioral-Cloning-P3/data_hard/IMG/left_2017_04_28_18_35_05_893.jpg,/home/esteve/self-driving-ND/CarND-Behavioral-Cloning-P3/data_hard/IMG/right_2017_04_28_18_35_05_893.jpg,-0.3759399,0.5083172,0,23.37187
/home/esteve/self-driving-ND/CarND-Behavioral-Cloning-P3/data_hard/IMG/center_2017_04_28_18_35_05_973.jpg,/home/esteve/self-driving-ND/CarND-Behavioral-Cloning-P3/data_hard/IMG/left_2017_04_28_18_35_05_973.jpg,/home/esteve/self-driving-ND/CarND-Behavioral-Cloning-P3/data_hard/IMG/right_2017_04_28_18_35_05_973.jpg,-0.3759399,0.3666687,0,23.66008
/home/esteve/self-driving-ND/CarND-Behavioral-Cloning-P3/data_hard/IMG/center_2017_04_28_18_35_06_052.jpg,/home/esteve/self-driving-ND/CarND-Behavioral-Cloning-P3/data_hard/IMG/left_2017_04_28_18_35_06_052.jpg,/home/esteve/self-driving-ND/CarND-Behavioral-Cloning-P3/data_hard/IMG/right_2017_04_28_18_35_06_052.jpg,-0.3759399,0.1314297,0,23.71365
/home/esteve/self-driving-ND/CarND-Behavioral-Cloning-P3/data_hard/IMG/center_2017_04_28_18_35_06_134.jpg,/home/esteve/self-driving-ND/CarND-Behavioral-Cloning-P3/data_hard/IMG/left_2017_04_28_18_35_06_134.jpg,/home/esteve/self-driving-ND/CarND-Behavioral-Cloning-P3/data_hard/IMG/right_2017_04_28_18_35_06_134.jpg,-0.3759399,0,0,23.55294
/home/esteve/self-driving-ND/CarND-Behavioral-Cloning-P3/data_hard/IMG/center_2017_04_28_18_35_06_216.jpg,/home/esteve/self-driving-ND/CarND-Behavioral-Cloning-P3/data_hard/IMG/left_2017_04_28_18_35_06_216.jpg,/home/esteve/self-driving-ND/CarND-Behavioral-Cloning-P3/data_hard/IMG/right_2017_04_28_18_35_06_216.jpg,-0.3759399,0,0,23.358
/home/esteve/self-driving-ND/CarND-Behavioral-Cloning-P3/data_hard/IMG/center_2017_04_28_18_35_06_300.jpg,/home/esteve/self-driving-ND/CarND-Behavioral-Cloning-P3/data_hard/IMG/left_2017_04_28_18_35_06_300.jpg,/home/esteve/self-driving-ND/CarND-Behavioral-Cloning-P3/data_hard/IMG/right_2017_04_28_18_35_06_300.jpg,-0.3007519,0.06304765,0,23.17234
/home/esteve/self-driving-ND/CarND-Behavioral-Cloning-P3/data_hard/IMG/center_2017_04_28_18_35_06_384.jpg,/home/esteve/self-driving-ND/CarND-Behavioral-Cloning-P3/data_hard/IMG/left_2017_04_28_18_35_06_384.jpg,/home/esteve/self-driving-ND/CarND-Behavioral-Cloning-P3/data_hard/IMG/right_2017_04_28_18_35_06_384.jpg,-0.2631579,0.3156238,0,23.19111
/home/esteve/self-driving-ND/CarND-Behavioral-Cloning-P3/data_hard/IMG/center_2017_04_28_18_35_06_468.jpg,/home/esteve/self-driving-ND/CarND-Behavioral-Cloning-P3/data_hard/IMG/left_2017_04_28_18_35_06_468.jpg,/home/esteve/self-driving-ND/CarND-Behavioral-Cloning-P3/data_hard/IMG/right_2017_04_28_18_35_06_468.jpg,-0.1954887,0.56832,0,23.44076
/home/esteve/self-driving-ND/CarND-Behavioral-Cloning-P3/data_hard/IMG/center_2017_04_28_18_35_06_557.jpg,/home/esteve/self-driving-ND/CarND-Behavioral-Cloning-P3/data_hard/IMG/left_2017_04_28_18_35_06_557.jpg,/home/esteve/self-driving-ND/CarND-Behavioral-Cloning-P3/data_hard/IMG/right_2017_04_28_18_35_06_557.jpg,-0.1503759,0.836292,0,23.93432
/home/esteve/self-driving-ND/CarND-Behavioral-Cloning-P3/data_hard/IMG/center_2017_04_28_18_35_06_637.jpg,/home/esteve/self-driving-ND/CarND-Behavioral-Cloning-P3/data_hard/IMG/left_2017_04_28_18_35_06_637.jpg,/home/esteve/self-driving-ND/CarND-Behavioral-Cloning-P3/data_hard/IMG/right_2017_04_28_18_35_06_637.jpg,-0.1428571,1,0,24.65897
/home/esteve/self-driving-ND/CarND-Behavioral-Cloning-P3/data_hard/IMG/center_2017_04_28_18_35_06_721.jpg,/home/esteve/self-driving-ND/CarND-Behavioral-Cloning-P3/data_hard/IMG/left_2017_04_28_18_35_06_721.jpg,/home/esteve/self-driving-ND/CarND-Behavioral-Cloning-P3/data_hard/IMG/right_2017_04_28_18_35_06_721.jpg,-0.1278196,0.8119721,0,25.37144
/home/esteve/self-driving-ND/CarND-Behavioral-Cloning-P3/data_hard/IMG/center_2017_04_28_18_35_06_814.jpg,/home/esteve/self-driving-ND/CarND-Behavioral-Cloning-P3/data_hard/IMG/left_2017_04_28_18_35_06_814.jpg,/home/esteve/self-driving-ND/CarND-Behavioral-Cloning-P3/data_hard/IMG/right_2017_04_28_18_35_06_814.jpg,-0.1278196,0.5311749,0,25.96341
/home/esteve/self-driving-ND/CarND-Behavioral-Cloning-P3/data_hard/IMG/center_2017_04_28_18_35_06_882.jpg,/home/esteve/self-driving-ND/CarND-Behavioral-Cloning-P3/data_hard/IMG/left_2017_04_28_18_35_06_882.jpg,/home/esteve/self-driving-ND/CarND-Behavioral-Cloning-P3/data_hard/IMG/right_2017_04_28_18_35_06_882.jpg,-0.1278196,0.3291187,0,26.11969
/home/esteve/self-driving-ND/CarND-Behavioral-Cloning-P3/data_hard/IMG/center_2017_04_28_18_35_06_973.jpg,/home/esteve/self-driving-ND/CarND-Behavioral-Cloning-P3/data_hard/IMG/left_2017_04_28_18_35_06_973.jpg,/home/esteve/self-driving-ND/CarND-Behavioral-Cloning-P3/data_hard/IMG/right_2017_04_28_18_35_06_973.jpg,-0.1278196,0.05457354,0,26.12622
/home/esteve/self-driving-ND/CarND-Behavioral-Cloning-P3/data_hard/IMG/center_2017_04_28_18_35_07_058.jpg,/home/esteve/self-driving-ND/CarND-Behavioral-Cloning-P3/data_hard/IMG/left_2017_04_28_18_35_07_058.jpg,/home/esteve/self-driving-ND/CarND-Behavioral-Cloning-P3/data_hard/IMG/right_2017_04_28_18_35_07_058.jpg,-0.1278196,0,0,25.91744
/home/esteve/self-driving-ND/CarND-Behavioral-Cloning-P3/data_hard/IMG/center_2017_04_28_18_35_07_143.jpg,/home/esteve/self-driving-ND/CarND-Behavioral-Cloning-P3/data_hard/IMG/left_2017_04_28_18_35_07_143.jpg,/home/esteve/self-driving-ND/CarND-Behavioral-Cloning-P3/data_hard/IMG/right_2017_04_28_18_35_07_143.jpg,-0.1278196,0,0,25.65642
/home/esteve/self-driving-ND/CarND-Behavioral-Cloning-P3/data_hard/IMG/center_2017_04_28_18_35_07_225.jpg,/home/esteve/self-driving-ND/CarND-Behavioral-Cloning-P3/data_hard/IMG/left_2017_04_28_18_35_07_225.jpg,/home/esteve/self-driving-ND/CarND-Behavioral-Cloning-P3/data_hard/IMG/right_2017_04_28_18_35_07_225.jpg,-0.1278196,0,0,25.44946
/home/esteve/self-driving-ND/CarND-Behavioral-Cloning-P3/data_hard/IMG/center_2017_04_28_18_35_07_314.jpg,/home/esteve/self-driving-ND/CarND-Behavioral-Cloning-P3/data_hard/IMG/left_2017_04_28_18_35_07_314.jpg,/home/esteve/self-driving-ND/CarND-Behavioral-Cloning-P3/data_hard/IMG/right_2017_04_28_18_35_07_314.jpg,-0.1278196,0,0,25.24411
/home/esteve/self-driving-ND/CarND-Behavioral-Cloning-P3/data_hard/IMG/center_2017_04_28_18_35_07_401.jpg,/home/esteve/self-driving-ND/CarND-Behavioral-Cloning-P3/data_hard/IMG/left_2017_04_28_18_35_07_401.jpg,/home/esteve/self-driving-ND/CarND-Behavioral-Cloning-P3/data_hard/IMG/right_2017_04_28_18_35_07_401.jpg,-0.08270676,0,0,25.04157
/home/esteve/self-driving-ND/CarND-Behavioral-Cloning-P3/data_hard/IMG/center_2017_04_28_18_35_07_468.jpg,/home/esteve/self-driving-ND/CarND-Behavioral-Cloning-P3/data_hard/IMG/left_2017_04_28_18_35_07_468.jpg,/home/esteve/self-driving-ND/CarND-Behavioral-Cloning-P3/data_hard/IMG/right_2017_04_28_18_35_07_468.jpg,-0.05263158,0,0,24.84178
/home/esteve/self-driving-ND/CarND-Behavioral-Cloning-P3/data_hard/IMG/center_2017_04_28_18_35_07_555.jpg,/home/esteve/self-driving-ND/CarND-Behavioral-Cloning-P3/data_hard/IMG/left_2017_04_28_18_35_07_555.jpg,/home/esteve/self-driving-ND/CarND-Behavioral-Cloning-P3/data_hard/IMG/right_2017_04_28_18_35_07_555.jpg,-0.03759398,0,0,24.64305
/home/esteve/self-driving-ND/CarND-Behavioral-Cloning-P3/data_hard/IMG/center_2017_04_28_18_35_07_637.jpg,/home/esteve/self-driving-ND/CarND-Behavioral-Cloning-P3/data_hard/IMG/left_2017_04_28_18_35_07_637.jpg,/home/esteve/self-driving-ND/CarND-Behavioral-Cloning-P3/data_hard/IMG/right_2017_04_28_18_35_07_637.jpg,0.007518797,0,0,24.44482
/home/esteve/self-driving-ND/CarND-Behavioral-Cloning-P3/data_hard/IMG/center_2017_04_28_18_35_07_704.jpg,/home/esteve/self-driving-ND/CarND-Behavioral-Cloning-P3/data_hard/IMG/left_2017_04_28_18_35_07_704.jpg,/home/esteve/self-driving-ND/CarND-Behavioral-Cloning-P3/data_hard/IMG/right_2017_04_28_18_35_07_704.jpg,0.05263158,0,0,24.24451
/home/esteve/self-driving-ND/CarND-Behavioral-Cloning-P3/data_hard/IMG/center_2017_04_28_18_35_07_792.jpg,/home/esteve/self-driving-ND/CarND-Behavioral-Cloning-P3/data_hard/IMG/left_2017_04_28_18_35_07_792.jpg,/home/esteve/self-driving-ND/CarND-Behavioral-Cloning-P3/data_hard/IMG/right_2017_04_28_18_35_07_792.jpg,0.06766918,0,0,24.04633
/home/esteve/self-driving-ND/CarND-Behavioral-Cloning-P3/data_hard/IMG/center_2017_04_28_18_35_07_869.jpg,/home/esteve/self-driving-ND/CarND-Behavioral-Cloning-P3/data_hard/IMG/left_2017_04_28_18_35_07_869.jpg,/home/esteve/self-driving-ND/CarND-Behavioral-Cloning-P3/data_hard/IMG/right_2017_04_28_18_35_07_869.jpg,0.1503759,0,0,23.84384
/home/esteve/self-driving-ND/CarND-Behavioral-Cloning-P3/data_hard/IMG/center_2017_04_28_18_35_07_960.jpg,/home/esteve/self-driving-ND/CarND-Behavioral-Cloning-P3/data_hard/IMG/left_2017_04_28_18_35_07_960.jpg,/home/esteve/self-driving-ND/CarND-Behavioral-Cloning-P3/data_hard/IMG/right_2017_04_28_18_35_07_960.jpg,0.2406015,0,0,23.62699
/home/esteve/self-driving-ND/CarND-Behavioral-Cloning-P3/data_hard/IMG/center_2017_04_28_18_35_08_041.jpg,/home/esteve/self-driving-ND/CarND-Behavioral-Cloning-P3/data_hard/IMG/left_2017_04_28_18_35_08_041.jpg,/home/esteve/self-driving-ND/CarND-Behavioral-Cloning-P3/data_hard/IMG/right_2017_04_28_18_35_08_041.jpg,0.3082707,0,0,23.39883
/home/esteve/self-driving-ND/CarND-Behavioral-Cloning-P3/data_hard/IMG/center_2017_04_28_18_35_08_129.jpg,/home/esteve/self-driving-ND/CarND-Behavioral-Cloning-P3/data_hard/IMG/left_2017_04_28_18_35_08_129.jpg,/home/esteve/self-driving-ND/CarND-Behavioral-Cloning-P3/data_hard/IMG/right_2017_04_28_18_35_08_129.jpg,0.368421,0,0,23.11138
/home/esteve/self-driving-ND/CarND-Behavioral-Cloning-P3/data_hard/IMG/center_2017_04_28_18_35_08_215.jpg,/home/esteve/self-driving-ND/CarND-Behavioral-Cloning-P3/data_hard/IMG/left_2017_04_28_18_35_08_215.jpg,/home/esteve/self-driving-ND/CarND-Behavioral-Cloning-P3/data_hard/IMG/right_2017_04_28_18_35_08_215.jpg,0.368421,0,0,22.90337
/home/esteve/self-driving-ND/CarND-Behavioral-Cloning-P3/data_hard/IMG/center_2017_04_28_18_35_08_296.jpg,/home/esteve/self-driving-ND/CarND-Behavioral-Cloning-P3/data_hard/IMG/left_2017_04_28_18_35_08_296.jpg,/home/esteve/self-driving-ND/CarND-Behavioral-Cloning-P3/data_hard/IMG/right_2017_04_28_18_35_08_296.jpg,0.368421,0,0,22.70608
/home/esteve/self-driving-ND/CarND-Behavioral-Cloning-P3/data_hard/IMG/center_2017_04_28_18_35_08_381.jpg,/home/esteve/self-driving-ND/CarND-Behavioral-Cloning-P3/data_hard/IMG/left_2017_04_28_18_35_08_381.jpg,/home/esteve/self-driving-ND/CarND-Behavioral-Cloning-P3/data_hard/IMG/right_2017_04_28_18_35_08_381.jpg,0.368421,0,0,22.51475
/home/esteve/self-driving-ND/CarND-Behavioral-Cloning-P3/data_hard/IMG/center_2017_04_28_18_35_08_468.jpg,/home/esteve/self-driving-ND/CarND-Behavioral-Cloning-P3/data_hard/IMG/left_2017_04_28_18_35_08_468.jpg,/home/esteve/self-driving-ND/CarND-Behavioral-Cloning-P3/data_hard/IMG/right_2017_04_28_18_35_08_468.jpg,0.368421,0,0,22.28075
/home/esteve/self-driving-ND/CarND-Behavioral-Cloning-P3/data_hard/IMG/center_2017_04_28_18_35_08_552.jpg,/home/esteve/self-driving-ND/CarND-Behavioral-Cloning-P3/data_hard/IMG/left_2017_04_28_18_35_08_552.jpg,/home/esteve/self-driving-ND/CarND-Behavioral-Cloning-P3/data_hard/IMG/right_2017_04_28_18_35_08_552.jpg,0.3007519,0,0,22.10289
/home/esteve/self-driving-ND/CarND-Behavioral-Cloning-P3/data_hard/IMG/center_2017_04_28_18_35_08_639.jpg,/home/esteve/self-driving-ND/CarND-Behavioral-Cloning-P3/data_hard/IMG/left_2017_04_28_18_35_08_639.jpg,/home/esteve/self-driving-ND/CarND-Behavioral-Cloning-P3/data_hard/IMG/right_2017_04_28_18_35_08_639.jpg,0.1353384,0,0,21.93632
/home/esteve/self-driving-ND/CarND-Behavioral-Cloning-P3/data_hard/IMG/center_2017_04_28_18_35_08_719.jpg,/home/esteve/self-driving-ND/CarND-Behavioral-Cloning-P3/data_hard/IMG/left_2017_04_28_18_35_08_719.jpg,/home/esteve/self-driving-ND/CarND-Behavioral-Cloning-P3/data_hard/IMG/right_2017_04_28_18_35_08_719.jpg,0.1052632,0,0,21.76499
/home/esteve/self-driving-ND/CarND-Behavioral-Cloning-P3/data_hard/IMG/center_2017_04_28_18_35_08_806.jpg,/home/esteve/self-driving-ND/CarND-Behavioral-Cloning-P3/data_hard/IMG/left_2017_04_28_18_35_08_806.jpg,/home/esteve/self-driving-ND/CarND-Behavioral-Cloning-P3/data_hard/IMG/right_2017_04_28_18_35_08_806.jpg,0.1052632,0,0,21.55144
/home/esteve/self-driving-ND/CarND-Behavioral-Cloning-P3/data_hard/IMG/center_2017_04_28_18_35_08_878.jpg,/home/esteve/self-driving-ND/CarND-Behavioral-Cloning-P3/data_hard/IMG/left_2017_04_28_18_35_08_878.jpg,/home/esteve/self-driving-ND/CarND-Behavioral-Cloning-P3/data_hard/IMG/right_2017_04_28_18_35_08_878.jpg,0.2255639,0.06347108,0,21.41572
/home/esteve/self-driving-ND/CarND-Behavioral-Cloning-P3/data_hard/IMG/center_2017_04_28_18_35_08_958.jpg,/home/esteve/self-driving-ND/CarND-Behavioral-Cloning-P3/data_hard/IMG/left_2017_04_28_18_35_08_958.jpg,/home/esteve/self-driving-ND/CarND-Behavioral-Cloning-P3/data_hard/IMG/right_2017_04_28_18_35_08_958.jpg,0.3308271,0.304332,0,21.3805
/home/esteve/self-driving-ND/CarND-Behavioral-Cloning-P3/data_hard/IMG/center_2017_04_28_18_35_09_041.jpg,/home/esteve/self-driving-ND/CarND-Behavioral-Cloning-P3/data_hard/IMG/left_2017_04_28_18_35_09_041.jpg,/home/esteve/self-driving-ND/CarND-Behavioral-Cloning-P3/data_hard/IMG/right_2017_04_28_18_35_09_041.jpg,0.406015,0.5513613,0,21.55504
/home/esteve/self-driving-ND/CarND-Behavioral-Cloning-P3/data_hard/IMG/center_2017_04_28_18_35_09_126.jpg,/home/esteve/self-driving-ND/CarND-Behavioral-Cloning-P3/data_hard/IMG/left_2017_04_28_18_35_09_126.jpg,/home/esteve/self-driving-ND/CarND-Behavioral-Cloning-P3/data_hard/IMG/right_2017_04_28_18_35_09_126.jpg,0.4360902,0.5468423,0,22.04628
/home/esteve/self-driving-ND/CarND-Behavioral-Cloning-P3/data_hard/IMG/center_2017_04_28_18_35_09_205.jpg,/home/esteve/self-driving-ND/CarND-Behavioral-Cloning-P3/data_hard/IMG/left_2017_04_28_18_35_09_205.jpg,/home/esteve/self-driving-ND/CarND-Behavioral-Cloning-P3/data_hard/IMG/right_2017_04_28_18_35_09_205.jpg,0.481203,0.3073583,0,22.24657
/home/esteve/self-driving-ND/CarND-Behavioral-Cloning-P3/data_hard/IMG/center_2017_04_28_18_35_09_288.jpg,/home/esteve/self-driving-ND/CarND-Behavioral-Cloning-P3/data_hard/IMG/left_2017_04_28_18_35_09_288.jpg,/home/esteve/self-driving-ND/CarND-Behavioral-Cloning-P3/data_hard/IMG/right_2017_04_28_18_35_09_288.jpg,0.4962406,0.05994558,0,22.21976
/home/esteve/self-driving-ND/CarND-Behavioral-Cloning-P3/data_hard/IMG/center_2017_04_28_18_35_09_364.jpg,/home/esteve/self-driving-ND/CarND-Behavioral-Cloning-P3/data_hard/IMG/left_2017_04_28_18_35_09_364.jpg,/home/esteve/self-driving-ND/CarND-Behavioral-Cloning-P3/data_hard/IMG/right_2017_04_28_18_35_09_364.jpg,0.4887218,0,0,22.02648
/home/esteve/self-driving-ND/CarND-Behavioral-Cloning-P3/data_hard/IMG/center_2017_04_28_18_35_09_444.jpg,/home/esteve/self-driving-ND/CarND-Behavioral-Cloning-P3/data_hard/IMG/left_2017_04_28_18_35_09_444.jpg,/home/esteve/self-driving-ND/CarND-Behavioral-Cloning-P3/data_hard/IMG/right_2017_04_28_18_35_09_444.jpg,0.406015,0,0,21.85162
/home/esteve/self-driving-ND/CarND-Behavioral-Cloning-P3/data_hard/IMG/center_2017_04_28_18_35_09_528.jpg,/home/esteve/self-driving-ND/CarND-Behavioral-Cloning-P3/data_hard/IMG/left_2017_04_28_18_35_09_528.jpg,/home/esteve/self-driving-ND/CarND-Behavioral-Cloning-P3/data_hard/IMG/right_2017_04_28_18_35_09_528.jpg,0.3308271,0,0,21.69115
/home/esteve/self-driving-ND/CarND-Behavioral-Cloning-P3/data_hard/IMG/center_2017_04_28_18_35_09_611.jpg,/home/esteve/self-driving-ND/CarND-Behavioral-Cloning-P3/data_hard/IMG/left_2017_04_28_18_35_09_611.jpg,/home/esteve/self-driving-ND/CarND-Behavioral-Cloning-P3/data_hard/IMG/right_2017_04_28_18_35_09_611.jpg,0.3308271,0,0,21.52344
/home/esteve/self-driving-ND/CarND-Behavioral-Cloning-P3/data_hard/IMG/center_2017_04_28_18_35_09_693.jpg,/home/esteve/self-driving-ND/CarND-Behavioral-Cloning-P3/data_hard/IMG/left_2017_04_28_18_35_09_693.jpg,/home/esteve/self-driving-ND/CarND-Behavioral-Cloning-P3/data_hard/IMG/right_2017_04_28_18_35_09_693.jpg,0.3984962,0,0,21.33664
/home/esteve/self-driving-ND/CarND-Behavioral-Cloning-P3/data_hard/IMG/center_2017_04_28_18_35_09_772.jpg,/home/esteve/self-driving-ND/CarND-Behavioral-Cloning-P3/data_hard/IMG/left_2017_04_28_18_35_09_772.jpg,/home/esteve/self-driving-ND/CarND-Behavioral-Cloning-P3/data_hard/IMG/right_2017_04_28_18_35_09_772.jpg,0.4586466,0,0,21.09785
/home/esteve/self-driving-ND/CarND-Behavioral-Cloning-P3/data_hard/IMG/center_2017_04_28_18_35_09_840.jpg,/home/esteve/self-driving-ND/CarND-Behavioral-Cloning-P3/data_hard/IMG/left_2017_04_28_18_35_09_840.jpg,/home/esteve/self-driving-ND/CarND-Behavioral-Cloning-P3/data_hard/IMG/right_2017_04_28_18_35_09_840.jpg,0.5112782,0,0,21.07058
/home/esteve/self-driving-ND/CarND-Behavioral-Cloning-P3/data_hard/IMG/center_2017_04_28_18_35_09_922.jpg,/home/esteve/self-driving-ND/CarND-Behavioral-Cloning-P3/data_hard/IMG/left_2017_04_28_18_35_09_922.jpg,/home/esteve/self-driving-ND/CarND-Behavioral-Cloning-P3/data_hard/IMG/right_2017_04_28_18_35_09_922.jpg,0.556391,0,0,20.64116
/home/esteve/self-driving-ND/CarND-Behavioral-Cloning-P3/data_hard/IMG/center_2017_04_28_18_35_10_003.jpg,/home/esteve/self-driving-ND/CarND-Behavioral-Cloning-P3/data_hard/IMG/left_2017_04_28_18_35_10_003.jpg,/home/esteve/self-driving-ND/CarND-Behavioral-Cloning-P3/data_hard/IMG/right_2017_04_28_18_35_10_003.jpg,0.556391,0,0,20.44044
/home/esteve/self-driving-ND/CarND-Behavioral-Cloning-P3/data_hard/IMG/center_2017_04_28_18_35_10_083.jpg,/home/esteve/self-driving-ND/CarND-Behavioral-Cloning-P3/data_hard/IMG/left_2017_04_28_18_35_10_083.jpg,/home/esteve/self-driving-ND/CarND-Behavioral-Cloning-P3/data_hard/IMG/right_2017_04_28_18_35_10_083.jpg,0.556391,0,0,20.24885
/home/esteve/self-driving-ND/CarND-Behavioral-Cloning-P3/data_hard/IMG/center_2017_04_28_18_35_10_162.jpg,/home/esteve/self-driving-ND/CarND-Behavioral-Cloning-P3/data_hard/IMG/left_2017_04_28_18_35_10_162.jpg,/home/esteve/self-driving-ND/CarND-Behavioral-Cloning-P3/data_hard/IMG/right_2017_04_28_18_35_10_162.jpg,0.556391,0,0,20.05733
/home/esteve/self-driving-ND/CarND-Behavioral-Cloning-P3/data_hard/IMG/center_2017_04_28_18_35_10_244.jpg,/home/esteve/self-driving-ND/CarND-Behavioral-Cloning-P3/data_hard/IMG/left_2017_04_28_18_35_10_244.jpg,/home/esteve/self-driving-ND/CarND-Behavioral-Cloning-P3/data_hard/IMG/right_2017_04_28_18_35_10_244.jpg,0.556391,0,0,19.86088
/home/esteve/self-driving-ND/CarND-Behavioral-Cloning-P3/data_hard/IMG/center_2017_04_28_18_35_10_325.jpg,/home/esteve/self-driving-ND/CarND-Behavioral-Cloning-P3/data_hard/IMG/left_2017_04_28_18_35_10_325.jpg,/home/esteve/self-driving-ND/CarND-Behavioral-Cloning-P3/data_hard/IMG/right_2017_04_28_18_35_10_325.jpg,0.556391,0,0,19.66172
/home/esteve/self-driving-ND/CarND-Behavioral-Cloning-P3/data_hard/IMG/center_2017_04_28_18_35_10_403.jpg,/home/esteve/self-driving-ND/CarND-Behavioral-Cloning-P3/data_hard/IMG/left_2017_04_28_18_35_10_403.jpg,/home/esteve/self-driving-ND/CarND-Behavioral-Cloning-P3/data_hard/IMG/right_2017_04_28_18_35_10_403.jpg,0.556391,0.2348607,0,19.59479
/home/esteve/self-driving-ND/CarND-Behavioral-Cloning-P3/data_hard/IMG/center_2017_04_28_18_35_10_483.jpg,/home/esteve/self-driving-ND/CarND-Behavioral-Cloning-P3/data_hard/IMG/left_2017_04_28_18_35_10_483.jpg,/home/esteve/self-driving-ND/CarND-Behavioral-Cloning-P3/data_hard/IMG/right_2017_04_28_18_35_10_483.jpg,0.556391,0.4741466,0,19.80662
/home/esteve/self-driving-ND/CarND-Behavioral-Cloning-P3/data_hard/IMG/center_2017_04_28_18_35_10_563.jpg,/home/esteve/self-driving-ND/CarND-Behavioral-Cloning-P3/data_hard/IMG/left_2017_04_28_18_35_10_563.jpg,/home/esteve/self-driving-ND/CarND-Behavioral-Cloning-P3/data_hard/IMG/right_2017_04_28_18_35_10_563.jpg,0.556391,0.6144748,0,20.27019
/home/esteve/self-driving-ND/CarND-Behavioral-Cloning-P3/data_hard/IMG/center_2017_04_28_18_35_10_643.jpg,/home/esteve/self-driving-ND/CarND-Behavioral-Cloning-P3/data_hard/IMG/left_2017_04_28_18_35_10_643.jpg,/home/esteve/self-driving-ND/CarND-Behavioral-Cloning-P3/data_hard/IMG/right_2017_04_28_18_35_10_643.jpg,0.556391,0.3720961,0,20.56417
/home/esteve/self-driving-ND/CarND-Behavioral-Cloning-P3/data_hard/IMG/center_2017_04_28_18_35_10_725.jpg,/home/esteve/self-driving-ND/CarND-Behavioral-Cloning-P3/data_hard/IMG/left_2017_04_28_18_35_10_725.jpg,/home/esteve/self-driving-ND/CarND-Behavioral-Cloning-P3/data_hard/IMG/right_2017_04_28_18_35_10_725.jpg,0.556391,0.1269357,0,20.62122
/home/esteve/self-driving-ND/CarND-Behavioral-Cloning-P3/data_hard/IMG/center_2017_04_28_18_35_10_813.jpg,/home/esteve/self-driving-ND/CarND-Behavioral-Cloning-P3/data_hard/IMG/left_2017_04_28_18_35_10_813.jpg,/home/esteve/self-driving-ND/CarND-Behavioral-Cloning-P3/data_hard/IMG/right_2017_04_28_18_35_10_813.jpg,0.5413534,0,0,20.46193
/home/esteve/self-driving-ND/CarND-Behavioral-Cloning-P3/data_hard/IMG/center_2017_04_28_18_35_10_880.jpg,/home/esteve/self-driving-ND/CarND-Behavioral-Cloning-P3/data_hard/IMG/left_2017_04_28_18_35_10_880.jpg,/home/esteve/self-driving-ND/CarND-Behavioral-Cloning-P3/data_hard/IMG/right_2017_04_28_18_35_10_880.jpg,0.5413534,0,0,20.57942
/home/esteve/self-driving-ND/CarND-Behavioral-Cloning-P3/data_hard/IMG/center_2017_04_28_18_35_10_963.jpg,/home/esteve/self-driving-ND/CarND-Behavioral-Cloning-P3/data_hard/IMG/left_2017_04_28_18_35_10_963.jpg,/home/esteve/self-driving-ND/CarND-Behavioral-Cloning-P3/data_hard/IMG/right_2017_04_28_18_35_10_963.jpg,0.3984962,0,0,20.08916
/home/esteve/self-driving-ND/CarND-Behavioral-Cloning-P3/data_hard/IMG/center_2017_04_28_18_35_11_042.jpg,/home/esteve/self-driving-ND/CarND-Behavioral-Cloning-P3/data_hard/IMG/left_2017_04_28_18_35_11_042.jpg,/home/esteve/self-driving-ND/CarND-Behavioral-Cloning-P3/data_hard/IMG/right_2017_04_28_18_35_11_042.jpg,0.3007519,0,0,19.92344
/home/esteve/self-driving-ND/CarND-Behavioral-Cloning-P3/data_hard/IMG/center_2017_04_28_18_35_11_123.jpg,/home/esteve/self-driving-ND/CarND-Behavioral-Cloning-P3/data_hard/IMG/left_2017_04_28_18_35_11_123.jpg,/home/esteve/self-driving-ND/CarND-Behavioral-Cloning-P3/data_hard/IMG/right_2017_04_28_18_35_11_123.jpg,0.2857143,0,0,19.76841
/home/esteve/self-driving-ND/CarND-Behavioral-Cloning-P3/data_hard/IMG/center_2017_04_28_18_35_11_205.jpg,/home/esteve/self-driving-ND/CarND-Behavioral-Cloning-P3/data_hard/IMG/left_2017_04_28_18_35_11_205.jpg,/home/esteve/self-driving-ND/CarND-Behavioral-Cloning-P3/data_hard/IMG/right_2017_04_28_18_35_11_205.jpg,0.2556391,0,0,19.61325
/home/esteve/self-driving-ND/CarND-Behavioral-Cloning-P3/data_hard/IMG/center_2017_04_28_18_35_11_287.jpg,/home/esteve/self-driving-ND/CarND-Behavioral-Cloning-P3/data_hard/IMG/left_2017_04_28_18_35_11_287.jpg,/home/esteve/self-driving-ND/CarND-Behavioral-Cloning-P3/data_hard/IMG/right_2017_04_28_18_35_11_287.jpg,0.2330827,0,0,19.45599
/home/esteve/self-driving-ND/CarND-Behavioral-Cloning-P3/data_hard/IMG/center_2017_04_28_18_35_11_373.jpg,/home/esteve/self-driving-ND/CarND-Behavioral-Cloning-P3/data_hard/IMG/left_2017_04_28_18_35_11_373.jpg,/home/esteve/self-driving-ND/CarND-Behavioral-Cloning-P3/data_hard/IMG/right_2017_04_28_18_35_11_373.jpg,0.007518797,0.2559206,0,19.44608
/home/esteve/self-driving-ND/CarND-Behavioral-Cloning-P3/data_hard/IMG/center_2017_04_28_18_35_11_458.jpg,/home/esteve/self-driving-ND/CarND-Behavioral-Cloning-P3/data_hard/IMG/left_2017_04_28_18_35_11_458.jpg,/home/esteve/self-driving-ND/CarND-Behavioral-Cloning-P3/data_hard/IMG/right_2017_04_28_18_35_11_458.jpg,-0.1353384,0.3677723,0,19.66915
/home/esteve/self-driving-ND/CarND-Behavioral-Cloning-P3/data_hard/IMG/center_2017_04_28_18_35_11_540.jpg,/home/esteve/self-driving-ND/CarND-Behavioral-Cloning-P3/data_hard/IMG/left_2017_04_28_18_35_11_540.jpg,/home/esteve/self-driving-ND/CarND-Behavioral-Cloning-P3/data_hard/IMG/right_2017_04_28_18_35_11_540.jpg,-0.1428571,0.1724424,0,19.68842
/home/esteve/self-driving-ND/CarND-Behavioral-Cloning-P3/data_hard/IMG/center_2017_04_28_18_35_11_624.jpg,/home/esteve/self-driving-ND/CarND-Behavioral-Cloning-P3/data_hard/IMG/left_2017_04_28_18_35_11_624.jpg,/home/esteve/self-driving-ND/CarND-Behavioral-Cloning-P3/data_hard/IMG/right_2017_04_28_18_35_11_624.jpg,-0.1353384,0,0,19.85823
/home/esteve/self-driving-ND/CarND-Behavioral-Cloning-P3/data_hard/IMG/center_2017_04_28_18_35_11_707.jpg,/home/esteve/self-driving-ND/CarND-Behavioral-Cloning-P3/data_hard/IMG/left_2017_04_28_18_35_11_707.jpg,/home/esteve/self-driving-ND/CarND-Behavioral-Cloning-P3/data_hard/IMG/right_2017_04_28_18_35_11_707.jpg,-0.1353384,0,0,19.70439
/home/esteve/self-driving-ND/CarND-Behavioral-Cloning-P3/data_hard/IMG/center_2017_04_28_18_35_11_795.jpg,/home/esteve/self-driving-ND/CarND-Behavioral-Cloning-P3/data_hard/IMG/left_2017_04_28_18_35_11_795.jpg,/home/esteve/self-driving-ND/CarND-Behavioral-Cloning-P3/data_hard/IMG/right_2017_04_28_18_35_11_795.jpg,-0.1353384,0,0,19.55508
/home/esteve/self-driving-ND/CarND-Behavioral-Cloning-P3/data_hard/IMG/center_2017_04_28_18_35_11_867.jpg,/home/esteve/self-driving-ND/CarND-Behavioral-Cloning-P3/data_hard/IMG/left_2017_04_28_18_35_11_867.jpg,/home/esteve/self-driving-ND/CarND-Behavioral-Cloning-P3/data_hard/IMG/right_2017_04_28_18_35_11_867.jpg,-0.1353384,0,0,19.40926
/home/esteve/self-driving-ND/CarND-Behavioral-Cloning-P3/data_hard/IMG/center_2017_04_28_18_35_11_950.jpg,/home/esteve/self-driving-ND/CarND-Behavioral-Cloning-P3/data_hard/IMG/left_2017_04_28_18_35_11_950.jpg,/home/esteve/self-driving-ND/CarND-Behavioral-Cloning-P3/data_hard/IMG/right_2017_04_28_18_35_11_950.jpg,-0.1353384,0,0,19.262
/home/esteve/self-driving-ND/CarND-Behavioral-Cloning-P3/data_hard/IMG/center_2017_04_28_18_35_12_035.jpg,/home/esteve/self-driving-ND/CarND-Behavioral-Cloning-P3/data_hard/IMG/left_2017_04_28_18_35_12_035.jpg,/home/esteve/self-driving-ND/CarND-Behavioral-Cloning-P3/data_hard/IMG/right_2017_04_28_18_35_12_035.jpg,-0.1503759,0,0,19.11275
/home/esteve/self-driving-ND/CarND-Behavioral-Cloning-P3/data_hard/IMG/center_2017_04_28_18_35_12_117.jpg,/home/esteve/self-driving-ND/CarND-Behavioral-Cloning-P3/data_hard/IMG/left_2017_04_28_18_35_12_117.jpg,/home/esteve/self-driving-ND/CarND-Behavioral-Cloning-P3/data_hard/IMG/right_2017_04_28_18_35_12_117.jpg,-0.1503759,0,0,18.96333
/home/esteve/self-driving-ND/CarND-Behavioral-Cloning-P3/data_hard/IMG/center_2017_04_28_18_35_12_200.jpg,/home/esteve/self-driving-ND/CarND-Behavioral-Cloning-P3/data_hard/IMG/left_2017_04_28_18_35_12_200.jpg,/home/esteve/self-driving-ND/CarND-Behavioral-Cloning-P3/data_hard/IMG/right_2017_04_28_18_35_12_200.jpg,-0.1428571,0,0,18.81507
/home/esteve/self-driving-ND/CarND-Behavioral-Cloning-P3/data_hard/IMG/center_2017_04_28_18_35_12_283.jpg,/home/esteve/self-driving-ND/CarND-Behavioral-Cloning-P3/data_hard/IMG/left_2017_04_28_18_35_12_283.jpg,/home/esteve/self-driving-ND/CarND-Behavioral-Cloning-P3/data_hard/IMG/right_2017_04_28_18_35_12_283.jpg,-0.1203007,0,0,18.137
/home/esteve/self-driving-ND/CarND-Behavioral-Cloning-P3/data_hard/IMG/center_2017_04_28_18_35_12_360.jpg,/home/esteve/self-driving-ND/CarND-Behavioral-Cloning-P3/data_hard/IMG/left_2017_04_28_18_35_12_360.jpg,/home/esteve/self-driving-ND/CarND-Behavioral-Cloning-P3/data_hard/IMG/right_2017_04_28_18_35_12_360.jpg,-0.1203007,0,0,18.52267
/home/esteve/self-driving-ND/CarND-Behavioral-Cloning-P3/data_hard/IMG/center_2017_04_28_18_35_12_438.jpg,/home/esteve/self-driving-ND/CarND-Behavioral-Cloning-P3/data_hard/IMG/left_2017_04_28_18_35_12_438.jpg,/home/esteve/self-driving-ND/CarND-Behavioral-Cloning-P3/data_hard/IMG/right_2017_04_28_18_35_12_438.jpg,-0.1278196,0,0,18.37755
/home/esteve/self-driving-ND/CarND-Behavioral-Cloning-P3/data_hard/IMG/center_2017_04_28_18_35_12_514.jpg,/home/esteve/self-driving-ND/CarND-Behavioral-Cloning-P3/data_hard/IMG/left_2017_04_28_18_35_12_514.jpg,/home/esteve/self-driving-ND/CarND-Behavioral-Cloning-P3/data_hard/IMG/right_2017_04_28_18_35_12_514.jpg,-0.1278196,0,0,18.23241
/home/esteve/self-driving-ND/CarND-Behavioral-Cloning-P3/data_hard/IMG/center_2017_04_28_18_35_12_593.jpg,/home/esteve/self-driving-ND/CarND-Behavioral-Cloning-P3/data_hard/IMG/left_2017_04_28_18_35_12_593.jpg,/home/esteve/self-driving-ND/CarND-Behavioral-Cloning-P3/data_hard/IMG/right_2017_04_28_18_35_12_593.jpg,-0.1278196,0,0,18.08862
/home/esteve/self-driving-ND/CarND-Behavioral-Cloning-P3/data_hard/IMG/center_2017_04_28_18_35_12_674.jpg,/home/esteve/self-driving-ND/CarND-Behavioral-Cloning-P3/data_hard/IMG/left_2017_04_28_18_35_12_674.jpg,/home/esteve/self-driving-ND/CarND-Behavioral-Cloning-P3/data_hard/IMG/right_2017_04_28_18_35_12_674.jpg,-0.1278196,0,0,17.94572
/home/esteve/self-driving-ND/CarND-Behavioral-Cloning-P3/data_hard/IMG/center_2017_04_28_18_35_12_749.jpg,/home/esteve/self-driving-ND/CarND-Behavioral-Cloning-P3/data_hard/IMG/left_2017_04_28_18_35_12_749.jpg,/home/esteve/self-driving-ND/CarND-Behavioral-Cloning-P3/data_hard/IMG/right_2017_04_28_18_35_12_749.jpg,-0.1278196,0,0,17.80403
/home/esteve/self-driving-ND/CarND-Behavioral-Cloning-P3/data_hard/IMG/center_2017_04_28_18_35_12_835.jpg,/home/esteve/self-driving-ND/CarND-Behavioral-Cloning-P3/data_hard/IMG/left_2017_04_28_18_35_12_835.jpg,/home/esteve/self-driving-ND/CarND-Behavioral-Cloning-P3/data_hard/IMG/right_2017_04_28_18_35_12_835.jpg,-0.1052632,0,0,17.66426
/home/esteve/self-driving-ND/CarND-Behavioral-Cloning-P3/data_hard/IMG/center_2017_04_28_18_35_12_921.jpg,/home/esteve/self-driving-ND/CarND-Behavioral-Cloning-P3/data_hard/IMG/left_2017_04_28_18_35_12_921.jpg,/home/esteve/self-driving-ND/CarND-Behavioral-Cloning-P3/data_hard/IMG/right_2017_04_28_18_35_12_921.jpg,-0.1052632,0,0,17.5252
/home/esteve/self-driving-ND/CarND-Behavioral-Cloning-P3/data_hard/IMG/center_2017_04_28_18_35_12_997.jpg,/home/esteve/self-driving-ND/CarND-Behavioral-Cloning-P3/data_hard/IMG/left_2017_04_28_18_35_12_997.jpg,/home/esteve/self-driving-ND/CarND-Behavioral-Cloning-P3/data_hard/IMG/right_2017_04_28_18_35_12_997.jpg,-0.1052632,0,0,17.38742
/home/esteve/self-driving-ND/CarND-Behavioral-Cloning-P3/data_hard/IMG/center_2017_04_28_18_35_13_075.jpg,/home/esteve/self-driving-ND/CarND-Behavioral-Cloning-P3/data_hard/IMG/left_2017_04_28_18_35_13_075.jpg,/home/esteve/self-driving-ND/CarND-Behavioral-Cloning-P3/data_hard/IMG/right_2017_04_28_18_35_13_075.jpg,-0.1052632,0,0,17.25044
/home/esteve/self-driving-ND/CarND-Behavioral-Cloning-P3/data_hard/IMG/center_2017_04_28_18_35_13_153.jpg,/home/esteve/self-driving-ND/CarND-Behavioral-Cloning-P3/data_hard/IMG/left_2017_04_28_18_35_13_153.jpg,/home/esteve/self-driving-ND/CarND-Behavioral-Cloning-P3/data_hard/IMG/right_2017_04_28_18_35_13_153.jpg,-0.09774436,0,0,17.11471
/home/esteve/self-driving-ND/CarND-Behavioral-Cloning-P3/data_hard/IMG/center_2017_04_28_18_35_13_236.jpg,/home/esteve/self-driving-ND/CarND-Behavioral-Cloning-P3/data_hard/IMG/left_2017_04_28_18_35_13_236.jpg,/home/esteve/self-driving-ND/CarND-Behavioral-Cloning-P3/data_hard/IMG/right_2017_04_28_18_35_13_236.jpg,0.007518797,0,0,16.98085
/home/esteve/self-driving-ND/CarND-Behavioral-Cloning-P3/data_hard/IMG/center_2017_04_28_18_35_13_314.jpg,/home/esteve/self-driving-ND/CarND-Behavioral-Cloning-P3/data_hard/IMG/left_2017_04_28_18_35_13_314.jpg,/home/esteve/self-driving-ND/CarND-Behavioral-Cloning-P3/data_hard/IMG/right_2017_04_28_18_35_13_314.jpg,0.07518797,0,0,16.84428
/home/esteve/self-driving-ND/CarND-Behavioral-Cloning-P3/data_hard/IMG/center_2017_04_28_18_35_13_394.jpg,/home/esteve/self-driving-ND/CarND-Behavioral-Cloning-P3/data_hard/IMG/left_2017_04_28_18_35_13_394.jpg,/home/esteve/self-driving-ND/CarND-Behavioral-Cloning-P3/data_hard/IMG/right_2017_04_28_18_35_13_394.jpg,0.1654135,0,0,16.6979
/home/esteve/self-driving-ND/CarND-Behavioral-Cloning-P3/data_hard/IMG/center_2017_04_28_18_35_13_465.jpg,/home/esteve/self-driving-ND/CarND-Behavioral-Cloning-P3/data_hard/IMG/left_2017_04_28_18_35_13_465.jpg,/home/esteve/self-driving-ND/CarND-Behavioral-Cloning-P3/data_hard/IMG/right_2017_04_28_18_35_13_465.jpg,0.2932331,0,0,16.53811
/home/esteve/self-driving-ND/CarND-Behavioral-Cloning-P3/data_hard/IMG/center_2017_04_28_18_35_13_538.jpg,/home/esteve/self-driving-ND/CarND-Behavioral-Cloning-P3/data_hard/IMG/left_2017_04_28_18_35_13_538.jpg,/home/esteve/self-driving-ND/CarND-Behavioral-Cloning-P3/data_hard/IMG/right_2017_04_28_18_35_13_538.jpg,0.3984962,0,0,15.88326
/home/esteve/self-driving-ND/CarND-Behavioral-Cloning-P3/data_hard/IMG/center_2017_04_28_18_35_13_614.jpg,/home/esteve/self-driving-ND/CarND-Behavioral-Cloning-P3/data_hard/IMG/left_2017_04_28_18_35_13_614.jpg,/home/esteve/self-driving-ND/CarND-Behavioral-Cloning-P3/data_hard/IMG/right_2017_04_28_18_35_13_614.jpg,0.481203,0,0,15.69108
/home/esteve/self-driving-ND/CarND-Behavioral-Cloning-P3/data_hard/IMG/center_2017_04_28_18_35_13_685.jpg,/home/esteve/self-driving-ND/CarND-Behavioral-Cloning-P3/data_hard/IMG/left_2017_04_28_18_35_13_685.jpg,/home/esteve/self-driving-ND/CarND-Behavioral-Cloning-P3/data_hard/IMG/right_2017_04_28_18_35_13_685.jpg,0.518797,0,0,15.52497
/home/esteve/self-driving-ND/CarND-Behavioral-Cloning-P3/data_hard/IMG/center_2017_04_28_18_35_13_761.jpg,/home/esteve/self-driving-ND/CarND-Behavioral-Cloning-P3/data_hard/IMG/left_2017_04_28_18_35_13_761.jpg,/home/esteve/self-driving-ND/CarND-Behavioral-Cloning-P3/data_hard/IMG/right_2017_04_28_18_35_13_761.jpg,0.5714286,0,0,15.94058
/home/esteve/self-driving-ND/CarND-Behavioral-Cloning-P3/data_hard/IMG/center_2017_04_28_18_35_13_841.jpg,/home/esteve/self-driving-ND/CarND-Behavioral-Cloning-P3/data_hard/IMG/left_2017_04_28_18_35_13_841.jpg,/home/esteve/self-driving-ND/CarND-Behavioral-Cloning-P3/data_hard/IMG/right_2017_04_28_18_35_13_841.jpg,0.6090226,0,0,15.77666
/home/esteve/self-driving-ND/CarND-Behavioral-Cloning-P3/data_hard/IMG/center_2017_04_28_18_35_13_916.jpg,/home/esteve/self-driving-ND/CarND-Behavioral-Cloning-P3/data_hard/IMG/left_2017_04_28_18_35_13_916.jpg,/home/esteve/self-driving-ND/CarND-Behavioral-Cloning-P3/data_hard/IMG/right_2017_04_28_18_35_13_916.jpg,0.669173,0,0,15.61641
/home/esteve/self-driving-ND/CarND-Behavioral-Cloning-P3/data_hard/IMG/center_2017_04_28_18_35_13_990.jpg,/home/esteve/self-driving-ND/CarND-Behavioral-Cloning-P3/data_hard/IMG/left_2017_04_28_18_35_13_990.jpg,/home/esteve/self-driving-ND/CarND-Behavioral-Cloning-P3/data_hard/IMG/right_2017_04_28_18_35_13_990.jpg,0.7744361,0,0,15.42915
/home/esteve/self-driving-ND/CarND-Behavioral-Cloning-P3/data_hard/IMG/center_2017_04_28_18_35_14_061.jpg,/home/esteve/self-driving-ND/CarND-Behavioral-Cloning-P3/data_hard/IMG/left_2017_04_28_18_35_14_061.jpg,/home/esteve/self-driving-ND/CarND-Behavioral-Cloning-P3/data_hard/IMG/right_2017_04_28_18_35_14_061.jpg,0.8571429,0,0,14.77302
/home/esteve/self-driving-ND/CarND-Behavioral-Cloning-P3/data_hard/IMG/center_2017_04_28_18_35_14_135.jpg,/home/esteve/self-driving-ND/CarND-Behavioral-Cloning-P3/data_hard/IMG/left_2017_04_28_18_35_14_135.jpg,/home/esteve/self-driving-ND/CarND-Behavioral-Cloning-P3/data_hard/IMG/right_2017_04_28_18_35_14_135.jpg,0.9774436,0,0,14.5107
/home/esteve/self-driving-ND/CarND-Behavioral-Cloning-P3/data_hard/IMG/center_2017_04_28_18_35_14_219.jpg,/home/esteve/self-driving-ND/CarND-Behavioral-Cloning-P3/data_hard/IMG/left_2017_04_28_18_35_14_219.jpg,/home/esteve/self-driving-ND/CarND-Behavioral-Cloning-P3/data_hard/IMG/right_2017_04_28_18_35_14_219.jpg,1,0,0,14.31979
/home/esteve/self-driving-ND/CarND-Behavioral-Cloning-P3/data_hard/IMG/center_2017_04_28_18_35_14_296.jpg,/home/esteve/self-driving-ND/CarND-Behavioral-Cloning-P3/data_hard/IMG/left_2017_04_28_18_35_14_296.jpg,/home/esteve/self-driving-ND/CarND-Behavioral-Cloning-P3/data_hard/IMG/right_2017_04_28_18_35_14_296.jpg,1,0,0,14.11336
/home/esteve/self-driving-ND/CarND-Behavioral-Cloning-P3/data_hard/IMG/center_2017_04_28_18_35_14_373.jpg,/home/esteve/self-driving-ND/CarND-Behavioral-Cloning-P3/data_hard/IMG/left_2017_04_28_18_35_14_373.jpg,/home/esteve/self-driving-ND/CarND-Behavioral-Cloning-P3/data_hard/IMG/right_2017_04_28_18_35_14_373.jpg,1,0,0,13.95816
/home/esteve/self-driving-ND/CarND-Behavioral-Cloning-P3/data_hard/IMG/center_2017_04_28_18_35_14_452.jpg,/home/esteve/self-driving-ND/CarND-Behavioral-Cloning-P3/data_hard/IMG/left_2017_04_28_18_35_14_452.jpg,/home/esteve/self-driving-ND/CarND-Behavioral-Cloning-P3/data_hard/IMG/right_2017_04_28_18_35_14_452.jpg,1,0,0,13.81015
/home/esteve/self-driving-ND/CarND-Behavioral-Cloning-P3/data_hard/IMG/center_2017_04_28_18_35_14_531.jpg,/home/esteve/self-driving-ND/CarND-Behavioral-Cloning-P3/data_hard/IMG/left_2017_04_28_18_35_14_531.jpg,/home/esteve/self-driving-ND/CarND-Behavioral-Cloning-P3/data_hard/IMG/right_2017_04_28_18_35_14_531.jpg,1,0,0,13.66699
/home/esteve/self-driving-ND/CarND-Behavioral-Cloning-P3/data_hard/IMG/center_2017_04_28_18_35_14_611.jpg,/home/esteve/self-driving-ND/CarND-Behavioral-Cloning-P3/data_hard/IMG/left_2017_04_28_18_35_14_611.jpg,/home/esteve/self-driving-ND/CarND-Behavioral-Cloning-P3/data_hard/IMG/right_2017_04_28_18_35_14_611.jpg,1,0,0,13.52687
/home/esteve/self-driving-ND/CarND-Behavioral-Cloning-P3/data_hard/IMG/center_2017_04_28_18_35_14_691.jpg,/home/esteve/self-driving-ND/CarND-Behavioral-Cloning-P3/data_hard/IMG/left_2017_04_28_18_35_14_691.jpg,/home/esteve/self-driving-ND/CarND-Behavioral-Cloning-P3/data_hard/IMG/right_2017_04_28_18_35_14_691.jpg,1,0,0,13.38894
/home/esteve/self-driving-ND/CarND-Behavioral-Cloning-P3/data_hard/IMG/center_2017_04_28_18_35_14_773.jpg,/home/esteve/self-driving-ND/CarND-Behavioral-Cloning-P3/data_hard/IMG/left_2017_04_28_18_35_14_773.jpg,/home/esteve/self-driving-ND/CarND-Behavioral-Cloning-P3/data_hard/IMG/right_2017_04_28_18_35_14_773.jpg,1,0.2402279,0,13.41253
/home/esteve/self-driving-ND/CarND-Behavioral-Cloning-P3/data_hard/IMG/center_2017_04_28_18_35_14_834.jpg,/home/esteve/self-driving-ND/CarND-Behavioral-Cloning-P3/data_hard/IMG/left_2017_04_28_18_35_14_834.jpg,/home/esteve/self-driving-ND/CarND-Behavioral-Cloning-P3/data_hard/IMG/right_2017_04_28_18_35_14_834.jpg,1,0.4443898,0,13.92551
/home/esteve/self-driving-ND/CarND-Behavioral-Cloning-P3/data_hard/IMG/center_2017_04_28_18_35_14_904.jpg,/home/esteve/self-driving-ND/CarND-Behavioral-Cloning-P3/data_hard/IMG/left_2017_04_28_18_35_14_904.jpg,/home/esteve/self-driving-ND/CarND-Behavioral-Cloning-P3/data_hard/IMG/right_2017_04_28_18_35_14_904.jpg,1,0.6534326,0,14.19272
/home/esteve/self-driving-ND/CarND-Behavioral-Cloning-P3/data_hard/IMG/center_2017_04_28_18_35_14_991.jpg,/home/esteve/self-driving-ND/CarND-Behavioral-Cloning-P3/data_hard/IMG/left_2017_04_28_18_35_14_991.jpg,/home/esteve/self-driving-ND/CarND-Behavioral-Cloning-P3/data_hard/IMG/right_2017_04_28_18_35_14_991.jpg,1,0.897975,0,14.92401
/home/esteve/self-driving-ND/CarND-Behavioral-Cloning-P3/data_hard/IMG/center_2017_04_28_18_35_15_068.jpg,/home/esteve/self-driving-ND/CarND-Behavioral-Cloning-P3/data_hard/IMG/left_2017_04_28_18_35_15_068.jpg,/home/esteve/self-driving-ND/CarND-Behavioral-Cloning-P3/data_hard/IMG/right_2017_04_28_18_35_15_068.jpg,1,0.6485224,0,15.42045
/home/esteve/self-driving-ND/CarND-Behavioral-Cloning-P3/data_hard/IMG/center_2017_04_28_18_35_15_155.jpg,/home/esteve/self-driving-ND/CarND-Behavioral-Cloning-P3/data_hard/IMG/left_2017_04_28_18_35_15_155.jpg,/home/esteve/self-driving-ND/CarND-Behavioral-Cloning-P3/data_hard/IMG/right_2017_04_28_18_35_15_155.jpg,1,0.4059899,0,15.76974
/home/esteve/self-driving-ND/CarND-Behavioral-Cloning-P3/data_hard/IMG/center_2017_04_28_18_35_15_238.jpg,/home/esteve/self-driving-ND/CarND-Behavioral-Cloning-P3/data_hard/IMG/left_2017_04_28_18_35_15_238.jpg,/home/esteve/self-driving-ND/CarND-Behavioral-Cloning-P3/data_hard/IMG/right_2017_04_28_18_35_15_238.jpg,1,0.5313513,0,16.08947
/home/esteve/self-driving-ND/CarND-Behavioral-Cloning-P3/data_hard/IMG/center_2017_04_28_18_35_15_314.jpg,/home/esteve/self-driving-ND/CarND-Behavioral-Cloning-P3/data_hard/IMG/left_2017_04_28_18_35_15_314.jpg,/home/esteve/self-driving-ND/CarND-Behavioral-Cloning-P3/data_hard/IMG/right_2017_04_28_18_35_15_314.jpg,1,0.7787769,0,16.44595
/home/esteve/self-driving-ND/CarND-Behavioral-Cloning-P3/data_hard/IMG/center_2017_04_28_18_35_15_397.jpg,/home/esteve/self-driving-ND/CarND-Behavioral-Cloning-P3/data_hard/IMG/left_2017_04_28_18_35_15_397.jpg,/home/esteve/self-driving-ND/CarND-Behavioral-Cloning-P3/data_hard/IMG/right_2017_04_28_18_35_15_397.jpg,1,1,0,17.16118
/home/esteve/self-driving-ND/CarND-Behavioral-Cloning-P3/data_hard/IMG/center_2017_04_28_18_35_15_480.jpg,/home/esteve/self-driving-ND/CarND-Behavioral-Cloning-P3/data_hard/IMG/left_2017_04_28_18_35_15_480.jpg,/home/esteve/self-driving-ND/CarND-Behavioral-Cloning-P3/data_hard/IMG/right_2017_04_28_18_35_15_480.jpg,1,0.8202462,0,17.8723
/home/esteve/self-driving-ND/CarND-Behavioral-Cloning-P3/data_hard/IMG/center_2017_04_28_18_35_15_566.jpg,/home/esteve/self-driving-ND/CarND-Behavioral-Cloning-P3/data_hard/IMG/left_2017_04_28_18_35_15_566.jpg,/home/esteve/self-driving-ND/CarND-Behavioral-Cloning-P3/data_hard/IMG/right_2017_04_28_18_35_15_566.jpg,1,0.5644515,0,18.59634
/home/esteve/self-driving-ND/CarND-Behavioral-Cloning-P3/data_hard/IMG/center_2017_04_28_18_35_15_650.jpg,/home/esteve/self-driving-ND/CarND-Behavioral-Cloning-P3/data_hard/IMG/left_2017_04_28_18_35_15_650.jpg,/home/esteve/self-driving-ND/CarND-Behavioral-Cloning-P3/data_hard/IMG/right_2017_04_28_18_35_15_650.jpg,0.9398496,0.3101981,0,18.86113
/home/esteve/self-driving-ND/CarND-Behavioral-Cloning-P3/data_hard/IMG/center_2017_04_28_18_35_15_734.jpg,/home/esteve/self-driving-ND/CarND-Behavioral-Cloning-P3/data_hard/IMG/left_2017_04_28_18_35_15_734.jpg,/home/esteve/self-driving-ND/CarND-Behavioral-Cloning-P3/data_hard/IMG/right_2017_04_28_18_35_15_734.jpg,0.7669173,0.06086493,0,18.95546
/home/esteve/self-driving-ND/CarND-Behavioral-Cloning-P3/data_hard/IMG/center_2017_04_28_18_35_15_826.jpg,/home/esteve/self-driving-ND/CarND-Behavioral-Cloning-P3/data_hard/IMG/left_2017_04_28_18_35_15_826.jpg,/home/esteve/self-driving-ND/CarND-Behavioral-Cloning-P3/data_hard/IMG/right_2017_04_28_18_35_15_826.jpg,0.6541353,0,0,18.54717
/home/esteve/self-driving-ND/CarND-Behavioral-Cloning-P3/data_hard/IMG/center_2017_04_28_18_35_15_913.jpg,/home/esteve/self-driving-ND/CarND-Behavioral-Cloning-P3/data_hard/IMG/left_2017_04_28_18_35_15_913.jpg,/home/esteve/self-driving-ND/CarND-Behavioral-Cloning-P3/data_hard/IMG/right_2017_04_28_18_35_15_913.jpg,0.556391,0,0,18.43229
/home/esteve/self-driving-ND/CarND-Behavioral-Cloning-P3/data_hard/IMG/center_2017_04_28_18_35_16_003.jpg,/home/esteve/self-driving-ND/CarND-Behavioral-Cloning-P3/data_hard/IMG/left_2017_04_28_18_35_16_003.jpg,/home/esteve/self-driving-ND/CarND-Behavioral-Cloning-P3/data_hard/IMG/right_2017_04_28_18_35_16_003.jpg,0.4736842,0,0,18.60347
/home/esteve/self-driving-ND/CarND-Behavioral-Cloning-P3/data_hard/IMG/center_2017_04_28_18_35_16_089.jpg,/home/esteve/self-driving-ND/CarND-Behavioral-Cloning-P3/data_hard/IMG/left_2017_04_28_18_35_16_089.jpg,/home/esteve/self-driving-ND/CarND-Behavioral-Cloning-P3/data_hard/IMG/right_2017_04_28_18_35_16_089.jpg,0.4661654,0,0,18.51162
/home/esteve/self-driving-ND/CarND-Behavioral-Cloning-P3/data_hard/IMG/center_2017_04_28_18_35_16_178.jpg,/home/esteve/self-driving-ND/CarND-Behavioral-Cloning-P3/data_hard/IMG/left_2017_04_28_18_35_16_178.jpg,/home/esteve/self-driving-ND/CarND-Behavioral-Cloning-P3/data_hard/IMG/right_2017_04_28_18_35_16_178.jpg,0.5263158,0,0,18.36528
/home/esteve/self-driving-ND/CarND-Behavioral-Cloning-P3/data_hard/IMG/center_2017_04_28_18_35_16_263.jpg,/home/esteve/self-driving-ND/CarND-Behavioral-Cloning-P3/data_hard/IMG/left_2017_04_28_18_35_16_263.jpg,/home/esteve/self-driving-ND/CarND-Behavioral-Cloning-P3/data_hard/IMG/right_2017_04_28_18_35_16_263.jpg,0.4887218,0,0,17.71191
/home/esteve/self-driving-ND/CarND-Behavioral-Cloning-P3/data_hard/IMG/center_2017_04_28_18_35_16_330.jpg,/home/esteve/self-driving-ND/CarND-Behavioral-Cloning-P3/data_hard/IMG/left_2017_04_28_18_35_16_330.jpg,/home/esteve/self-driving-ND/CarND-Behavioral-Cloning-P3/data_hard/IMG/right_2017_04_28_18_35_16_330.jpg,-0.1353384,0,0,17.99668
/home/esteve/self-driving-ND/CarND-Behavioral-Cloning-P3/data_hard/IMG/center_2017_04_28_18_35_16_423.jpg,/home/esteve/self-driving-ND/CarND-Behavioral-Cloning-P3/data_hard/IMG/left_2017_04_28_18_35_16_423.jpg,/home/esteve/self-driving-ND/CarND-Behavioral-Cloning-P3/data_hard/IMG/right_2017_04_28_18_35_16_423.jpg,-0.3157895,0,0,17.24861
/home/esteve/self-driving-ND/CarND-Behavioral-Cloning-P3/data_hard/IMG/center_2017_04_28_18_35_16_508.jpg,/home/esteve/self-driving-ND/CarND-Behavioral-Cloning-P3/data_hard/IMG/left_2017_04_28_18_35_16_508.jpg,/home/esteve/self-driving-ND/CarND-Behavioral-Cloning-P3/data_hard/IMG/right_2017_04_28_18_35_16_508.jpg,-0.3308271,0,0,16.95533
/home/esteve/self-driving-ND/CarND-Behavioral-Cloning-P3/data_hard/IMG/center_2017_04_28_18_35_16_578.jpg,/home/esteve/self-driving-ND/CarND-Behavioral-Cloning-P3/data_hard/IMG/left_2017_04_28_18_35_16_578.jpg,/home/esteve/self-driving-ND/CarND-Behavioral-Cloning-P3/data_hard/IMG/right_2017_04_28_18_35_16_578.jpg,-0.4135338,0,0,17.29653
/home/esteve/self-driving-ND/CarND-Behavioral-Cloning-P3/data_hard/IMG/center_2017_04_28_18_35_16_646.jpg,/home/esteve/self-driving-ND/CarND-Behavioral-Cloning-P3/data_hard/IMG/left_2017_04_28_18_35_16_646.jpg,/home/esteve/self-driving-ND/CarND-Behavioral-Cloning-P3/data_hard/IMG/right_2017_04_28_18_35_16_646.jpg,-0.5263158,0,0,17.08034
/home/esteve/self-driving-ND/CarND-Behavioral-Cloning-P3/data_hard/IMG/center_2017_04_28_18_35_16_731.jpg,/home/esteve/self-driving-ND/CarND-Behavioral-Cloning-P3/data_hard/IMG/left_2017_04_28_18_35_16_731.jpg,/home/esteve/self-driving-ND/CarND-Behavioral-Cloning-P3/data_hard/IMG/right_2017_04_28_18_35_16_731.jpg,-0.5338346,0,0,16.90982
/home/esteve/self-driving-ND/CarND-Behavioral-Cloning-P3/data_hard/IMG/center_2017_04_28_18_35_16_815.jpg,/home/esteve/self-driving-ND/CarND-Behavioral-Cloning-P3/data_hard/IMG/left_2017_04_28_18_35_16_815.jpg,/home/esteve/self-driving-ND/CarND-Behavioral-Cloning-P3/data_hard/IMG/right_2017_04_28_18_35_16_815.jpg,-0.518797,0,0,16.76124
/home/esteve/self-driving-ND/CarND-Behavioral-Cloning-P3/data_hard/IMG/center_2017_04_28_18_35_16_881.jpg,/home/esteve/self-driving-ND/CarND-Behavioral-Cloning-P3/data_hard/IMG/left_2017_04_28_18_35_16_881.jpg,/home/esteve/self-driving-ND/CarND-Behavioral-Cloning-P3/data_hard/IMG/right_2017_04_28_18_35_16_881.jpg,-0.368421,0,0,16.13965
/home/esteve/self-driving-ND/CarND-Behavioral-Cloning-P3/data_hard/IMG/center_2017_04_28_18_35_16_974.jpg,/home/esteve/self-driving-ND/CarND-Behavioral-Cloning-P3/data_hard/IMG/left_2017_04_28_18_35_16_974.jpg,/home/esteve/self-driving-ND/CarND-Behavioral-Cloning-P3/data_hard/IMG/right_2017_04_28_18_35_16_974.jpg,-0.1052632,0,0,16.49868
/home/esteve/self-driving-ND/CarND-Behavioral-Cloning-P3/data_hard/IMG/center_2017_04_28_18_35_17_057.jpg,/home/esteve/self-driving-ND/CarND-Behavioral-Cloning-P3/data_hard/IMG/left_2017_04_28_18_35_17_057.jpg,/home/esteve/self-driving-ND/CarND-Behavioral-Cloning-P3/data_hard/IMG/right_2017_04_28_18_35_17_057.jpg,-0.09022556,0,0,16.38784
/home/esteve/self-driving-ND/CarND-Behavioral-Cloning-P3/data_hard/IMG/center_2017_04_28_18_35_17_144.jpg,/home/esteve/self-driving-ND/CarND-Behavioral-Cloning-P3/data_hard/IMG/left_2017_04_28_18_35_17_144.jpg,/home/esteve/self-driving-ND/CarND-Behavioral-Cloning-P3/data_hard/IMG/right_2017_04_28_18_35_17_144.jpg,-0.09022556,0,0,16.26455
/home/esteve/self-driving-ND/CarND-Behavioral-Cloning-P3/data_hard/IMG/center_2017_04_28_18_35_17_226.jpg,/home/esteve/self-driving-ND/CarND-Behavioral-Cloning-P3/data_hard/IMG/left_2017_04_28_18_35_17_226.jpg,/home/esteve/self-driving-ND/CarND-Behavioral-Cloning-P3/data_hard/IMG/right_2017_04_28_18_35_17_226.jpg,-0.07518797,0,0,16.13874
/home/esteve/self-driving-ND/CarND-Behavioral-Cloning-P3/data_hard/IMG/center_2017_04_28_18_35_17_294.jpg,/home/esteve/self-driving-ND/CarND-Behavioral-Cloning-P3/data_hard/IMG/left_2017_04_28_18_35_17_294.jpg,/home/esteve/self-driving-ND/CarND-Behavioral-Cloning-P3/data_hard/IMG/right_2017_04_28_18_35_17_294.jpg,-0.08270676,0,0,16.01337
/home/esteve/self-driving-ND/CarND-Behavioral-Cloning-P3/data_hard/IMG/center_2017_04_28_18_35_17_375.jpg,/home/esteve/self-driving-ND/CarND-Behavioral-Cloning-P3/data_hard/IMG/left_2017_04_28_18_35_17_375.jpg,/home/esteve/self-driving-ND/CarND-Behavioral-Cloning-P3/data_hard/IMG/right_2017_04_28_18_35_17_375.jpg,-0.1804511,0.244905,0,15.92948
/home/esteve/self-driving-ND/CarND-Behavioral-Cloning-P3/data_hard/IMG/center_2017_04_28_18_35_17_453.jpg,/home/esteve/self-driving-ND/CarND-Behavioral-Cloning-P3/data_hard/IMG/left_2017_04_28_18_35_17_453.jpg,/home/esteve/self-driving-ND/CarND-Behavioral-Cloning-P3/data_hard/IMG/right_2017_04_28_18_35_17_453.jpg,-0.3007519,0.3750629,0,16.12217
/home/esteve/self-driving-ND/CarND-Behavioral-Cloning-P3/data_hard/IMG/center_2017_04_28_18_35_17_541.jpg,/home/esteve/self-driving-ND/CarND-Behavioral-Cloning-P3/data_hard/IMG/left_2017_04_28_18_35_17_541.jpg,/home/esteve/self-driving-ND/CarND-Behavioral-Cloning-P3/data_hard/IMG/right_2017_04_28_18_35_17_541.jpg,-0.3383459,0.1115878,0,16.2479
/home/esteve/self-driving-ND/CarND-Behavioral-Cloning-P3/data_hard/IMG/center_2017_04_28_18_35_17_614.jpg,/home/esteve/self-driving-ND/CarND-Behavioral-Cloning-P3/data_hard/IMG/left_2017_04_28_18_35_17_614.jpg,/home/esteve/self-driving-ND/CarND-Behavioral-Cloning-P3/data_hard/IMG/right_2017_04_28_18_35_17_614.jpg,-0.368421,0,0,16.16046
/home/esteve/self-driving-ND/CarND-Behavioral-Cloning-P3/data_hard/IMG/center_2017_04_28_18_35_17_696.jpg,/home/esteve/self-driving-ND/CarND-Behavioral-Cloning-P3/data_hard/IMG/left_2017_04_28_18_35_17_696.jpg,/home/esteve/self-driving-ND/CarND-Behavioral-Cloning-P3/data_hard/IMG/right_2017_04_28_18_35_17_696.jpg,-0.4736842,0.06276655,0,16.0031
/home/esteve/self-driving-ND/CarND-Behavioral-Cloning-P3/data_hard/IMG/center_2017_04_28_18_35_17_777.jpg,/home/esteve/self-driving-ND/CarND-Behavioral-Cloning-P3/data_hard/IMG/left_2017_04_28_18_35_17_777.jpg,/home/esteve/self-driving-ND/CarND-Behavioral-Cloning-P3/data_hard/IMG/right_2017_04_28_18_35_17_777.jpg,-0.5338346,0.3095942,0,15.93384
/home/esteve/self-driving-ND/CarND-Behavioral-Cloning-P3/data_hard/IMG/center_2017_04_28_18_35_17_841.jpg,/home/esteve/self-driving-ND/CarND-Behavioral-Cloning-P3/data_hard/IMG/left_2017_04_28_18_35_17_841.jpg,/home/esteve/self-driving-ND/CarND-Behavioral-Cloning-P3/data_hard/IMG/right_2017_04_28_18_35_17_841.jpg,-0.556391,0.5162101,0,15.67611
/home/esteve/self-driving-ND/CarND-Behavioral-Cloning-P3/data_hard/IMG/center_2017_04_28_18_35_17_925.jpg,/home/esteve/self-driving-ND/CarND-Behavioral-Cloning-P3/data_hard/IMG/left_2017_04_28_18_35_17_925.jpg,/home/esteve/self-driving-ND/CarND-Behavioral-Cloning-P3/data_hard/IMG/right_2017_04_28_18_35_17_925.jpg,-0.5864662,0.2625031,0,16.41108
/home/esteve/self-driving-ND/CarND-Behavioral-Cloning-P3/data_hard/IMG/center_2017_04_28_18_35_18_016.jpg,/home/esteve/self-driving-ND/CarND-Behavioral-Cloning-P3/data_hard/IMG/left_2017_04_28_18_35_18_016.jpg,/home/esteve/self-driving-ND/CarND-Behavioral-Cloning-P3/data_hard/IMG/right_2017_04_28_18_35_18_016.jpg,-0.6165413,0.008177519,0,16.4497
/home/esteve/self-driving-ND/CarND-Behavioral-Cloning-P3/data_hard/IMG/center_2017_04_28_18_35_18_096.jpg,/home/esteve/self-driving-ND/CarND-Behavioral-Cloning-P3/data_hard/IMG/left_2017_04_28_18_35_18_096.jpg,/home/esteve/self-driving-ND/CarND-Behavioral-Cloning-P3/data_hard/IMG/right_2017_04_28_18_35_18_096.jpg,-0.6390978,0,0,16.31519
/home/esteve/self-driving-ND/CarND-Behavioral-Cloning-P3/data_hard/IMG/center_2017_04_28_18_35_18_176.jpg,/home/esteve/self-driving-ND/CarND-Behavioral-Cloning-P3/data_hard/IMG/left_2017_04_28_18_35_18_176.jpg,/home/esteve/self-driving-ND/CarND-Behavioral-Cloning-P3/data_hard/IMG/right_2017_04_28_18_35_18_176.jpg,-0.6917293,0.06848359,0,16.15524
/home/esteve/self-driving-ND/CarND-Behavioral-Cloning-P3/data_hard/IMG/center_2017_04_28_18_35_18_256.jpg,/home/esteve/self-driving-ND/CarND-Behavioral-Cloning-P3/data_hard/IMG/left_2017_04_28_18_35_18_256.jpg,/home/esteve/self-driving-ND/CarND-Behavioral-Cloning-P3/data_hard/IMG/right_2017_04_28_18_35_18_256.jpg,-0.7293233,0.3083518,0,16.10583
/home/esteve/self-driving-ND/CarND-Behavioral-Cloning-P3/data_hard/IMG/center_2017_04_28_18_35_18_330.jpg,/home/esteve/self-driving-ND/CarND-Behavioral-Cloning-P3/data_hard/IMG/left_2017_04_28_18_35_18_330.jpg,/home/esteve/self-driving-ND/CarND-Behavioral-Cloning-P3/data_hard/IMG/right_2017_04_28_18_35_18_330.jpg,-0.7368421,0.5447009,0,16.32765
/home/esteve/self-driving-ND/CarND-Behavioral-Cloning-P3/data_hard/IMG/center_2017_04_28_18_35_18_403.jpg,/home/esteve/self-driving-ND/CarND-Behavioral-Cloning-P3/data_hard/IMG/left_2017_04_28_18_35_18_403.jpg,/home/esteve/self-driving-ND/CarND-Behavioral-Cloning-P3/data_hard/IMG/right_2017_04_28_18_35_18_403.jpg,-0.7368421,0.5414829,0,16.75415
/home/esteve/self-driving-ND/CarND-Behavioral-Cloning-P3/data_hard/IMG/center_2017_04_28_18_35_18_481.jpg,/home/esteve/self-driving-ND/CarND-Behavioral-Cloning-P3/data_hard/IMG/left_2017_04_28_18_35_18_481.jpg,/home/esteve/self-driving-ND/CarND-Behavioral-Cloning-P3/data_hard/IMG/right_2017_04_28_18_35_18_481.jpg,-0.7368421,0.3072875,0,16.57802
/home/esteve/self-driving-ND/CarND-Behavioral-Cloning-P3/data_hard/IMG/center_2017_04_28_18_35_18_560.jpg,/home/esteve/self-driving-ND/CarND-Behavioral-Cloning-P3/data_hard/IMG/left_2017_04_28_18_35_18_560.jpg,/home/esteve/self-driving-ND/CarND-Behavioral-Cloning-P3/data_hard/IMG/right_2017_04_28_18_35_18_560.jpg,-0.6390978,0.07056355,0,16.62037
/home/esteve/self-driving-ND/CarND-Behavioral-Cloning-P3/data_hard/IMG/center_2017_04_28_18_35_18_638.jpg,/home/esteve/self-driving-ND/CarND-Behavioral-Cloning-P3/data_hard/IMG/left_2017_04_28_18_35_18_638.jpg,/home/esteve/self-driving-ND/CarND-Behavioral-Cloning-P3/data_hard/IMG/right_2017_04_28_18_35_18_638.jpg,-0.481203,0.1121371,0,16.51771
/home/esteve/self-driving-ND/CarND-Behavioral-Cloning-P3/data_hard/IMG/center_2017_04_28_18_35_18_722.jpg,/home/esteve/self-driving-ND/CarND-Behavioral-Cloning-P3/data_hard/IMG/left_2017_04_28_18_35_18_722.jpg,/home/esteve/self-driving-ND/CarND-Behavioral-Cloning-P3/data_hard/IMG/right_2017_04_28_18_35_18_722.jpg,-0.4360902,0.364686,0,17.14979
/home/esteve/self-driving-ND/CarND-Behavioral-Cloning-P3/data_hard/IMG/center_2017_04_28_18_35_18_795.jpg,/home/esteve/self-driving-ND/CarND-Behavioral-Cloning-P3/data_hard/IMG/left_2017_04_28_18_35_18_795.jpg,/home/esteve/self-driving-ND/CarND-Behavioral-Cloning-P3/data_hard/IMG/right_2017_04_28_18_35_18_795.jpg,-0.3533835,0.584856,0,17.02348
/home/esteve/self-driving-ND/CarND-Behavioral-Cloning-P3/data_hard/IMG/center_2017_04_28_18_35_18_879.jpg,/home/esteve/self-driving-ND/CarND-Behavioral-Cloning-P3/data_hard/IMG/left_2017_04_28_18_35_18_879.jpg,/home/esteve/self-driving-ND/CarND-Behavioral-Cloning-P3/data_hard/IMG/right_2017_04_28_18_35_18_879.jpg,0.4736842,0.8366761,0,17.6267
/home/esteve/self-driving-ND/CarND-Behavioral-Cloning-P3/data_hard/IMG/center_2017_04_28_18_35_18_957.jpg,/home/esteve/self-driving-ND/CarND-Behavioral-Cloning-P3/data_hard/IMG/left_2017_04_28_18_35_18_957.jpg,/home/esteve/self-driving-ND/CarND-Behavioral-Cloning-P3/data_hard/IMG/right_2017_04_28_18_35_18_957.jpg,0.5037594,1,0,18.17488
/home/esteve/self-driving-ND/CarND-Behavioral-Cloning-P3/data_hard/IMG/center_2017_04_28_18_35_19_031.jpg,/home/esteve/self-driving-ND/CarND-Behavioral-Cloning-P3/data_hard/IMG/left_2017_04_28_18_35_19_031.jpg,/home/esteve/self-driving-ND/CarND-Behavioral-Cloning-P3/data_hard/IMG/right_2017_04_28_18_35_19_031.jpg,0.4887218,0.7783387,0,18.73254
/home/esteve/self-driving-ND/CarND-Behavioral-Cloning-P3/data_hard/IMG/center_2017_04_28_18_35_19_109.jpg,/home/esteve/self-driving-ND/CarND-Behavioral-Cloning-P3/data_hard/IMG/left_2017_04_28_18_35_19_109.jpg,/home/esteve/self-driving-ND/CarND-Behavioral-Cloning-P3/data_hard/IMG/right_2017_04_28_18_35_19_109.jpg,0.3157895,0.5441382,0,19.16587
/home/esteve/self-driving-ND/CarND-Behavioral-Cloning-P3/data_hard/IMG/center_2017_04_28_18_35_19_186.jpg,/home/esteve/self-driving-ND/CarND-Behavioral-Cloning-P3/data_hard/IMG/left_2017_04_28_18_35_19_186.jpg,/home/esteve/self-driving-ND/CarND-Behavioral-Cloning-P3/data_hard/IMG/right_2017_04_28_18_35_19_186.jpg,0.01503759,0.3114548,0,19.3486
/home/esteve/self-driving-ND/CarND-Behavioral-Cloning-P3/data_hard/IMG/center_2017_04_28_18_35_19_264.jpg,/home/esteve/self-driving-ND/CarND-Behavioral-Cloning-P3/data_hard/IMG/left_2017_04_28_18_35_19_264.jpg,/home/esteve/self-driving-ND/CarND-Behavioral-Cloning-P3/data_hard/IMG/right_2017_04_28_18_35_19_264.jpg,-0.2932331,0.07908678,0,19.28633
/home/esteve/self-driving-ND/CarND-Behavioral-Cloning-P3/data_hard/IMG/center_2017_04_28_18_35_19_344.jpg,/home/esteve/self-driving-ND/CarND-Behavioral-Cloning-P3/data_hard/IMG/left_2017_04_28_18_35_19_344.jpg,/home/esteve/self-driving-ND/CarND-Behavioral-Cloning-P3/data_hard/IMG/right_2017_04_28_18_35_19_344.jpg,-0.4436091,0,0,18.98471
/home/esteve/self-driving-ND/CarND-Behavioral-Cloning-P3/data_hard/IMG/center_2017_04_28_18_35_19_421.jpg,/home/esteve/self-driving-ND/CarND-Behavioral-Cloning-P3/data_hard/IMG/left_2017_04_28_18_35_19_421.jpg,/home/esteve/self-driving-ND/CarND-Behavioral-Cloning-P3/data_hard/IMG/right_2017_04_28_18_35_19_421.jpg,-0.5639098,0,0,19.0616
/home/esteve/self-driving-ND/CarND-Behavioral-Cloning-P3/data_hard/IMG/center_2017_04_28_18_35_19_494.jpg,/home/esteve/self-driving-ND/CarND-Behavioral-Cloning-P3/data_hard/IMG/left_2017_04_28_18_35_19_494.jpg,/home/esteve/self-driving-ND/CarND-Behavioral-Cloning-P3/data_hard/IMG/right_2017_04_28_18_35_19_494.jpg,-0.5714286,0,0,18.85024
/home/esteve/self-driving-ND/CarND-Behavioral-Cloning-P3/data_hard/IMG/center_2017_04_28_18_35_19_569.jpg,/home/esteve/self-driving-ND/CarND-Behavioral-Cloning-P3/data_hard/IMG/left_2017_04_28_18_35_19_569.jpg,/home/esteve/self-driving-ND/CarND-Behavioral-Cloning-P3/data_hard/IMG/right_2017_04_28_18_35_19_569.jpg,-0.5714286,0,0,18.68092
/home/esteve/self-driving-ND/CarND-Behavioral-Cloning-P3/data_hard/IMG/center_2017_04_28_18_35_19_648.jpg,/home/esteve/self-driving-ND/CarND-Behavioral-Cloning-P3/data_hard/IMG/left_2017_04_28_18_35_19_648.jpg,/home/esteve/self-driving-ND/CarND-Behavioral-Cloning-P3/data_hard/IMG/right_2017_04_28_18_35_19_648.jpg,-0.5488722,0,0,18.51804
/home/esteve/self-driving-ND/CarND-Behavioral-Cloning-P3/data_hard/IMG/center_2017_04_28_18_35_19_724.jpg,/home/esteve/self-driving-ND/CarND-Behavioral-Cloning-P3/data_hard/IMG/left_2017_04_28_18_35_19_724.jpg,/home/esteve/self-driving-ND/CarND-Behavioral-Cloning-P3/data_hard/IMG/right_2017_04_28_18_35_19_724.jpg,-0.4436091,0,0,18.38035
/home/esteve/self-driving-ND/CarND-Behavioral-Cloning-P3/data_hard/IMG/center_2017_04_28_18_35_19_804.jpg,/home/esteve/self-driving-ND/CarND-Behavioral-Cloning-P3/data_hard/IMG/left_2017_04_28_18_35_19_804.jpg,/home/esteve/self-driving-ND/CarND-Behavioral-Cloning-P3/data_hard/IMG/right_2017_04_28_18_35_19_804.jpg,-0.3007519,0,0,18.2604
/home/esteve/self-driving-ND/CarND-Behavioral-Cloning-P3/data_hard/IMG/center_2017_04_28_18_35_19_888.jpg,/home/esteve/self-driving-ND/CarND-Behavioral-Cloning-P3/data_hard/IMG/left_2017_04_28_18_35_19_888.jpg,/home/esteve/self-driving-ND/CarND-Behavioral-Cloning-P3/data_hard/IMG/right_2017_04_28_18_35_19_888.jpg,-0.2105263,0,0,18.12718
/home/esteve/self-driving-ND/CarND-Behavioral-Cloning-P3/data_hard/IMG/center_2017_04_28_18_35_19_959.jpg,/home/esteve/self-driving-ND/CarND-Behavioral-Cloning-P3/data_hard/IMG/left_2017_04_28_18_35_19_959.jpg,/home/esteve/self-driving-ND/CarND-Behavioral-Cloning-P3/data_hard/IMG/right_2017_04_28_18_35_19_959.jpg,-0.1879699,0.1598253,0,17.79211
/home/esteve/self-driving-ND/CarND-Behavioral-Cloning-P3/data_hard/IMG/center_2017_04_28_18_35_20_032.jpg,/home/esteve/self-driving-ND/CarND-Behavioral-Cloning-P3/data_hard/IMG/left_2017_04_28_18_35_20_032.jpg,/home/esteve/self-driving-ND/CarND-Behavioral-Cloning-P3/data_hard/IMG/right_2017_04_28_18_35_20_032.jpg,-0.1654135,0.3818614,0,17.97014
/home/esteve/self-driving-ND/CarND-Behavioral-Cloning-P3/data_hard/IMG/center_2017_04_28_18_35_20_111.jpg,/home/esteve/self-driving-ND/CarND-Behavioral-Cloning-P3/data_hard/IMG/left_2017_04_28_18_35_20_111.jpg,/home/esteve/self-driving-ND/CarND-Behavioral-Cloning-P3/data_hard/IMG/right_2017_04_28_18_35_20_111.jpg,-0.1578947,0.3730774,0,18.20695
/home/esteve/self-driving-ND/CarND-Behavioral-Cloning-P3/data_hard/IMG/center_2017_04_28_18_35_20_190.jpg,/home/esteve/self-driving-ND/CarND-Behavioral-Cloning-P3/data_hard/IMG/left_2017_04_28_18_35_20_190.jpg,/home/esteve/self-driving-ND/CarND-Behavioral-Cloning-P3/data_hard/IMG/right_2017_04_28_18_35_20_190.jpg,-0.2105263,0.1477654,0,18.32483
/home/esteve/self-driving-ND/CarND-Behavioral-Cloning-P3/data_hard/IMG/center_2017_04_28_18_35_20_263.jpg,/home/esteve/self-driving-ND/CarND-Behavioral-Cloning-P3/data_hard/IMG/left_2017_04_28_18_35_20_263.jpg,/home/esteve/self-driving-ND/CarND-Behavioral-Cloning-P3/data_hard/IMG/right_2017_04_28_18_35_20_263.jpg,-0.3233083,0,0,18.26778
/home/esteve/self-driving-ND/CarND-Behavioral-Cloning-P3/data_hard/IMG/center_2017_04_28_18_35_20_340.jpg,/home/esteve/self-driving-ND/CarND-Behavioral-Cloning-P3/data_hard/IMG/left_2017_04_28_18_35_20_340.jpg,/home/esteve/self-driving-ND/CarND-Behavioral-Cloning-P3/data_hard/IMG/right_2017_04_28_18_35_20_340.jpg,-0.3308271,0,0,18.48356
/home/esteve/self-driving-ND/CarND-Behavioral-Cloning-P3/data_hard/IMG/center_2017_04_28_18_35_20_419.jpg,/home/esteve/self-driving-ND/CarND-Behavioral-Cloning-P3/data_hard/IMG/left_2017_04_28_18_35_20_419.jpg,/home/esteve/self-driving-ND/CarND-Behavioral-Cloning-P3/data_hard/IMG/right_2017_04_28_18_35_20_419.jpg,-0.2932331,0,0,18.46716
/home/esteve/self-driving-ND/CarND-Behavioral-Cloning-P3/data_hard/IMG/center_2017_04_28_18_35_20_496.jpg,/home/esteve/self-driving-ND/CarND-Behavioral-Cloning-P3/data_hard/IMG/left_2017_04_28_18_35_20_496.jpg,/home/esteve/self-driving-ND/CarND-Behavioral-Cloning-P3/data_hard/IMG/right_2017_04_28_18_35_20_496.jpg,-0.2481203,0.1227844,0,18.50514
/home/esteve/self-driving-ND/CarND-Behavioral-Cloning-P3/data_hard/IMG/center_2017_04_28_18_35_20_571.jpg,/home/esteve/self-driving-ND/CarND-Behavioral-Cloning-P3/data_hard/IMG/left_2017_04_28_18_35_20_571.jpg,/home/esteve/self-driving-ND/CarND-Behavioral-Cloning-P3/data_hard/IMG/right_2017_04_28_18_35_20_571.jpg,-0.2406015,0.3489754,0,18.74718
/home/esteve/self-driving-ND/CarND-Behavioral-Cloning-P3/data_hard/IMG/center_2017_04_28_18_35_20_648.jpg,/home/esteve/self-driving-ND/CarND-Behavioral-Cloning-P3/data_hard/IMG/left_2017_04_28_18_35_20_648.jpg,/home/esteve/self-driving-ND/CarND-Behavioral-Cloning-P3/data_hard/IMG/right_2017_04_28_18_35_20_648.jpg,-0.2481203,0.5809743,0,19.09537
/home/esteve/self-driving-ND/CarND-Behavioral-Cloning-P3/data_hard/IMG/center_2017_04_28_18_35_20_726.jpg,/home/esteve/self-driving-ND/CarND-Behavioral-Cloning-P3/data_hard/IMG/left_2017_04_28_18_35_20_726.jpg,/home/esteve/self-driving-ND/CarND-Behavioral-Cloning-P3/data_hard/IMG/right_2017_04_28_18_35_20_726.jpg,-0.3233083,0.7143173,0,19.78365
/home/esteve/self-driving-ND/CarND-Behavioral-Cloning-P3/data_hard/IMG/center_2017_04_28_18_35_20_813.jpg,/home/esteve/self-driving-ND/CarND-Behavioral-Cloning-P3/data_hard/IMG/left_2017_04_28_18_35_20_813.jpg,/home/esteve/self-driving-ND/CarND-Behavioral-Cloning-P3/data_hard/IMG/right_2017_04_28_18_35_20_813.jpg,-0.3383459,0.4536023,0,20.36658
/home/esteve/self-driving-ND/CarND-Behavioral-Cloning-P3/data_hard/IMG/center_2017_04_28_18_35_20_888.jpg,/home/esteve/self-driving-ND/CarND-Behavioral-Cloning-P3/data_hard/IMG/left_2017_04_28_18_35_20_888.jpg,/home/esteve/self-driving-ND/CarND-Behavioral-Cloning-P3/data_hard/IMG/right_2017_04_28_18_35_20_888.jpg,-0.3383459,0.2290828,0,20.75653
/home/esteve/self-driving-ND/CarND-Behavioral-Cloning-P3/data_hard/IMG/center_2017_04_28_18_35_20_968.jpg,/home/esteve/self-driving-ND/CarND-Behavioral-Cloning-P3/data_hard/IMG/left_2017_04_28_18_35_20_968.jpg,/home/esteve/self-driving-ND/CarND-Behavioral-Cloning-P3/data_hard/IMG/right_2017_04_28_18_35_20_968.jpg,-0.3157895,0,0,20.88801
/home/esteve/self-driving-ND/CarND-Behavioral-Cloning-P3/data_hard/IMG/center_2017_04_28_18_35_21_045.jpg,/home/esteve/self-driving-ND/CarND-Behavioral-Cloning-P3/data_hard/IMG/left_2017_04_28_18_35_21_045.jpg,/home/esteve/self-driving-ND/CarND-Behavioral-Cloning-P3/data_hard/IMG/right_2017_04_28_18_35_21_045.jpg,-0.3082707,0,0,20.96888
/home/esteve/self-driving-ND/CarND-Behavioral-Cloning-P3/data_hard/IMG/center_2017_04_28_18_35_21_120.jpg,/home/esteve/self-driving-ND/CarND-Behavioral-Cloning-P3/data_hard/IMG/left_2017_04_28_18_35_21_120.jpg,/home/esteve/self-driving-ND/CarND-Behavioral-Cloning-P3/data_hard/IMG/right_2017_04_28_18_35_21_120.jpg,-0.3082707,0,0,20.96999
/home/esteve/self-driving-ND/CarND-Behavioral-Cloning-P3/data_hard/IMG/center_2017_04_28_18_35_21_195.jpg,/home/esteve/self-driving-ND/CarND-Behavioral-Cloning-P3/data_hard/IMG/left_2017_04_28_18_35_21_195.jpg,/home/esteve/self-driving-ND/CarND-Behavioral-Cloning-P3/data_hard/IMG/right_2017_04_28_18_35_21_195.jpg,-0.2556391,0,0,21.01969
/home/esteve/self-driving-ND/CarND-Behavioral-Cloning-P3/data_hard/IMG/center_2017_04_28_18_35_21_272.jpg,/home/esteve/self-driving-ND/CarND-Behavioral-Cloning-P3/data_hard/IMG/left_2017_04_28_18_35_21_272.jpg,/home/esteve/self-driving-ND/CarND-Behavioral-Cloning-P3/data_hard/IMG/right_2017_04_28_18_35_21_272.jpg,-0.1503759,0,0,21.2318
/home/esteve/self-driving-ND/CarND-Behavioral-Cloning-P3/data_hard/IMG/center_2017_04_28_18_35_21_351.jpg,/home/esteve/self-driving-ND/CarND-Behavioral-Cloning-P3/data_hard/IMG/left_2017_04_28_18_35_21_351.jpg,/home/esteve/self-driving-ND/CarND-Behavioral-Cloning-P3/data_hard/IMG/right_2017_04_28_18_35_21_351.jpg,-0.112782,0,0,21.31116
/home/esteve/self-driving-ND/CarND-Behavioral-Cloning-P3/data_hard/IMG/center_2017_04_28_18_35_21_425.jpg,/home/esteve/self-driving-ND/CarND-Behavioral-Cloning-P3/data_hard/IMG/left_2017_04_28_18_35_21_425.jpg,/home/esteve/self-driving-ND/CarND-Behavioral-Cloning-P3/data_hard/IMG/right_2017_04_28_18_35_21_425.jpg,-0.112782,0,0,21.40926
/home/esteve/self-driving-ND/CarND-Behavioral-Cloning-P3/data_hard/IMG/center_2017_04_28_18_35_21_502.jpg,/home/esteve/self-driving-ND/CarND-Behavioral-Cloning-P3/data_hard/IMG/left_2017_04_28_18_35_21_502.jpg,/home/esteve/self-driving-ND/CarND-Behavioral-Cloning-P3/data_hard/IMG/right_2017_04_28_18_35_21_502.jpg,-0.1353384,0,0,21.60922
/home/esteve/self-driving-ND/CarND-Behavioral-Cloning-P3/data_hard/IMG/center_2017_04_28_18_35_21_578.jpg,/home/esteve/self-driving-ND/CarND-Behavioral-Cloning-P3/data_hard/IMG/left_2017_04_28_18_35_21_578.jpg,/home/esteve/self-driving-ND/CarND-Behavioral-Cloning-P3/data_hard/IMG/right_2017_04_28_18_35_21_578.jpg,-0.1503759,0,0,21.80111
/home/esteve/self-driving-ND/CarND-Behavioral-Cloning-P3/data_hard/IMG/center_2017_04_28_18_35_21_656.jpg,/home/esteve/self-driving-ND/CarND-Behavioral-Cloning-P3/data_hard/IMG/left_2017_04_28_18_35_21_656.jpg,/home/esteve/self-driving-ND/CarND-Behavioral-Cloning-P3/data_hard/IMG/right_2017_04_28_18_35_21_656.jpg,-0.1503759,0,0,21.98014
/home/esteve/self-driving-ND/CarND-Behavioral-Cloning-P3/data_hard/IMG/center_2017_04_28_18_35_21_729.jpg,/home/esteve/self-driving-ND/CarND-Behavioral-Cloning-P3/data_hard/IMG/left_2017_04_28_18_35_21_729.jpg,/home/esteve/self-driving-ND/CarND-Behavioral-Cloning-P3/data_hard/IMG/right_2017_04_28_18_35_21_729.jpg,-0.1879699,0,0,22.14324
/home/esteve/self-driving-ND/CarND-Behavioral-Cloning-P3/data_hard/IMG/center_2017_04_28_18_35_21_803.jpg,/home/esteve/self-driving-ND/CarND-Behavioral-Cloning-P3/data_hard/IMG/left_2017_04_28_18_35_21_803.jpg,/home/esteve/self-driving-ND/CarND-Behavioral-Cloning-P3/data_hard/IMG/right_2017_04_28_18_35_21_803.jpg,-0.2631579,0,0,22.24367
/home/esteve/self-driving-ND/CarND-Behavioral-Cloning-P3/data_hard/IMG/center_2017_04_28_18_35_21_885.jpg,/home/esteve/self-driving-ND/CarND-Behavioral-Cloning-P3/data_hard/IMG/left_2017_04_28_18_35_21_885.jpg,/home/esteve/self-driving-ND/CarND-Behavioral-Cloning-P3/data_hard/IMG/right_2017_04_28_18_35_21_885.jpg,-0.2932331,0,0,22.3819
/home/esteve/self-driving-ND/CarND-Behavioral-Cloning-P3/data_hard/IMG/center_2017_04_28_18_35_21_959.jpg,/home/esteve/self-driving-ND/CarND-Behavioral-Cloning-P3/data_hard/IMG/left_2017_04_28_18_35_21_959.jpg,/home/esteve/self-driving-ND/CarND-Behavioral-Cloning-P3/data_hard/IMG/right_2017_04_28_18_35_21_959.jpg,-0.3082707,0.06539154,0,22.46542
/home/esteve/self-driving-ND/CarND-Behavioral-Cloning-P3/data_hard/IMG/center_2017_04_28_18_35_22_034.jpg,/home/esteve/self-driving-ND/CarND-Behavioral-Cloning-P3/data_hard/IMG/left_2017_04_28_18_35_22_034.jpg,/home/esteve/self-driving-ND/CarND-Behavioral-Cloning-P3/data_hard/IMG/right_2017_04_28_18_35_22_034.jpg,-0.3082707,0.223752,0,22.82394
/home/esteve/self-driving-ND/CarND-Behavioral-Cloning-P3/data_hard/IMG/center_2017_04_28_18_35_22_108.jpg,/home/esteve/self-driving-ND/CarND-Behavioral-Cloning-P3/data_hard/IMG/left_2017_04_28_18_35_22_108.jpg,/home/esteve/self-driving-ND/CarND-Behavioral-Cloning-P3/data_hard/IMG/right_2017_04_28_18_35_22_108.jpg,-0.3082707,0.001877546,0,23.11278
/home/esteve/self-driving-ND/CarND-Behavioral-Cloning-P3/data_hard/IMG/center_2017_04_28_18_35_22_186.jpg,/home/esteve/self-driving-ND/CarND-Behavioral-Cloning-P3/data_hard/IMG/left_2017_04_28_18_35_22_186.jpg,/home/esteve/self-driving-ND/CarND-Behavioral-Cloning-P3/data_hard/IMG/right_2017_04_28_18_35_22_186.jpg,-0.3007519,0,0,23.23781
/home/esteve/self-driving-ND/CarND-Behavioral-Cloning-P3/data_hard/IMG/center_2017_04_28_18_35_22_258.jpg,/home/esteve/self-driving-ND/CarND-Behavioral-Cloning-P3/data_hard/IMG/left_2017_04_28_18_35_22_258.jpg,/home/esteve/self-driving-ND/CarND-Behavioral-Cloning-P3/data_hard/IMG/right_2017_04_28_18_35_22_258.jpg,-0.2330827,0,0,23.3391
/home/esteve/self-driving-ND/CarND-Behavioral-Cloning-P3/data_hard/IMG/center_2017_04_28_18_35_22_332.jpg,/home/esteve/self-driving-ND/CarND-Behavioral-Cloning-P3/data_hard/IMG/left_2017_04_28_18_35_22_332.jpg,/home/esteve/self-driving-ND/CarND-Behavioral-Cloning-P3/data_hard/IMG/right_2017_04_28_18_35_22_332.jpg,-0.1954887,0,0,23.4986
/home/esteve/self-driving-ND/CarND-Behavioral-Cloning-P3/data_hard/IMG/center_2017_04_28_18_35_22_410.jpg,/home/esteve/self-driving-ND/CarND-Behavioral-Cloning-P3/data_hard/IMG/left_2017_04_28_18_35_22_410.jpg,/home/esteve/self-driving-ND/CarND-Behavioral-Cloning-P3/data_hard/IMG/right_2017_04_28_18_35_22_410.jpg,-0.1954887,0,0,23.67731
/home/esteve/self-driving-ND/CarND-Behavioral-Cloning-P3/data_hard/IMG/center_2017_04_28_18_35_22_481.jpg,/home/esteve/self-driving-ND/CarND-Behavioral-Cloning-P3/data_hard/IMG/left_2017_04_28_18_35_22_481.jpg,/home/esteve/self-driving-ND/CarND-Behavioral-Cloning-P3/data_hard/IMG/right_2017_04_28_18_35_22_481.jpg,-0.1954887,0,0,23.71702
/home/esteve/self-driving-ND/CarND-Behavioral-Cloning-P3/data_hard/IMG/center_2017_04_28_18_35_22_556.jpg,/home/esteve/self-driving-ND/CarND-Behavioral-Cloning-P3/data_hard/IMG/left_2017_04_28_18_35_22_556.jpg,/home/esteve/self-driving-ND/CarND-Behavioral-Cloning-P3/data_hard/IMG/right_2017_04_28_18_35_22_556.jpg,-0.2255639,0,0,23.83323
/home/esteve/self-driving-ND/CarND-Behavioral-Cloning-P3/data_hard/IMG/center_2017_04_28_18_35_22_636.jpg,/home/esteve/self-driving-ND/CarND-Behavioral-Cloning-P3/data_hard/IMG/left_2017_04_28_18_35_22_636.jpg,/home/esteve/self-driving-ND/CarND-Behavioral-Cloning-P3/data_hard/IMG/right_2017_04_28_18_35_22_636.jpg,-0.2781955,0,0,23.95618
/home/esteve/self-driving-ND/CarND-Behavioral-Cloning-P3/data_hard/IMG/center_2017_04_28_18_35_22_707.jpg,/home/esteve/self-driving-ND/CarND-Behavioral-Cloning-P3/data_hard/IMG/left_2017_04_28_18_35_22_707.jpg,/home/esteve/self-driving-ND/CarND-Behavioral-Cloning-P3/data_hard/IMG/right_2017_04_28_18_35_22_707.jpg,-0.2857143,0,0,24.0032
/home/esteve/self-driving-ND/CarND-Behavioral-Cloning-P3/data_hard/IMG/center_2017_04_28_18_35_22_782.jpg,/home/esteve/self-driving-ND/CarND-Behavioral-Cloning-P3/data_hard/IMG/left_2017_04_28_18_35_22_782.jpg,/home/esteve/self-driving-ND/CarND-Behavioral-Cloning-P3/data_hard/IMG/right_2017_04_28_18_35_22_782.jpg,-0.2781955,0,0,24.0433
/home/esteve/self-driving-ND/CarND-Behavioral-Cloning-P3/data_hard/IMG/center_2017_04_28_18_35_22_864.jpg,/home/esteve/self-driving-ND/CarND-Behavioral-Cloning-P3/data_hard/IMG/left_2017_04_28_18_35_22_864.jpg,/home/esteve/self-driving-ND/CarND-Behavioral-Cloning-P3/data_hard/IMG/right_2017_04_28_18_35_22_864.jpg,-0.2781955,0,0,24.11291
/home/esteve/self-driving-ND/CarND-Behavioral-Cloning-P3/data_hard/IMG/center_2017_04_28_18_35_22_939.jpg,/home/esteve/self-driving-ND/CarND-Behavioral-Cloning-P3/data_hard/IMG/left_2017_04_28_18_35_22_939.jpg,/home/esteve/self-driving-ND/CarND-Behavioral-Cloning-P3/data_hard/IMG/right_2017_04_28_18_35_22_939.jpg,-0.2781955,0.1674242,0,24.20877
/home/esteve/self-driving-ND/CarND-Behavioral-Cloning-P3/data_hard/IMG/center_2017_04_28_18_35_23_016.jpg,/home/esteve/self-driving-ND/CarND-Behavioral-Cloning-P3/data_hard/IMG/left_2017_04_28_18_35_23_016.jpg,/home/esteve/self-driving-ND/CarND-Behavioral-Cloning-P3/data_hard/IMG/right_2017_04_28_18_35_23_016.jpg,-0.2781955,0.04656315,0,24.32376
/home/esteve/self-driving-ND/CarND-Behavioral-Cloning-P3/data_hard/IMG/center_2017_04_28_18_35_23_088.jpg,/home/esteve/self-driving-ND/CarND-Behavioral-Cloning-P3/data_hard/IMG/left_2017_04_28_18_35_23_088.jpg,/home/esteve/self-driving-ND/CarND-Behavioral-Cloning-P3/data_hard/IMG/right_2017_04_28_18_35_23_088.jpg,-0.2781955,0,0,24.3374
/home/esteve/self-driving-ND/CarND-Behavioral-Cloning-P3/data_hard/IMG/center_2017_04_28_18_35_23_163.jpg,/home/esteve/self-driving-ND/CarND-Behavioral-Cloning-P3/data_hard/IMG/left_2017_04_28_18_35_23_163.jpg,/home/esteve/self-driving-ND/CarND-Behavioral-Cloning-P3/data_hard/IMG/right_2017_04_28_18_35_23_163.jpg,-0.3007519,0,0,24.31045
/home/esteve/self-driving-ND/CarND-Behavioral-Cloning-P3/data_hard/IMG/center_2017_04_28_18_35_23_236.jpg,/home/esteve/self-driving-ND/CarND-Behavioral-Cloning-P3/data_hard/IMG/left_2017_04_28_18_35_23_236.jpg,/home/esteve/self-driving-ND/CarND-Behavioral-Cloning-P3/data_hard/IMG/right_2017_04_28_18_35_23_236.jpg,-0.3458647,0.1150138,0,24.28291
/home/esteve/self-driving-ND/CarND-Behavioral-Cloning-P3/data_hard/IMG/center_2017_04_28_18_35_23_312.jpg,/home/esteve/self-driving-ND/CarND-Behavioral-Cloning-P3/data_hard/IMG/left_2017_04_28_18_35_23_312.jpg,/home/esteve/self-driving-ND/CarND-Behavioral-Cloning-P3/data_hard/IMG/right_2017_04_28_18_35_23_312.jpg,-0.3759399,0.3439679,0,24.36923
/home/esteve/self-driving-ND/CarND-Behavioral-Cloning-P3/data_hard/IMG/center_2017_04_28_18_35_23_389.jpg,/home/esteve/self-driving-ND/CarND-Behavioral-Cloning-P3/data_hard/IMG/left_2017_04_28_18_35_23_389.jpg,/home/esteve/self-driving-ND/CarND-Behavioral-Cloning-P3/data_hard/IMG/right_2017_04_28_18_35_23_389.jpg,-0.3984962,0.1153736,0,24.47124
/home/esteve/self-driving-ND/CarND-Behavioral-Cloning-P3/data_hard/IMG/center_2017_04_28_18_35_23_468.jpg,/home/esteve/self-driving-ND/CarND-Behavioral-Cloning-P3/data_hard/IMG/left_2017_04_28_18_35_23_468.jpg,/home/esteve/self-driving-ND/CarND-Behavioral-Cloning-P3/data_hard/IMG/right_2017_04_28_18_35_23_468.jpg,-0.4511278,0,0,24.39089
/home/esteve/self-driving-ND/CarND-Behavioral-Cloning-P3/data_hard/IMG/center_2017_04_28_18_35_23_542.jpg,/home/esteve/self-driving-ND/CarND-Behavioral-Cloning-P3/data_hard/IMG/left_2017_04_28_18_35_23_542.jpg,/home/esteve/self-driving-ND/CarND-Behavioral-Cloning-P3/data_hard/IMG/right_2017_04_28_18_35_23_542.jpg,-0.5413534,0,0,24.20687
/home/esteve/self-driving-ND/CarND-Behavioral-Cloning-P3/data_hard/IMG/center_2017_04_28_18_35_23_618.jpg,/home/esteve/self-driving-ND/CarND-Behavioral-Cloning-P3/data_hard/IMG/left_2017_04_28_18_35_23_618.jpg,/home/esteve/self-driving-ND/CarND-Behavioral-Cloning-P3/data_hard/IMG/right_2017_04_28_18_35_23_618.jpg,-0.556391,0,0,24.05253
/home/esteve/self-driving-ND/CarND-Behavioral-Cloning-P3/data_hard/IMG/center_2017_04_28_18_35_23_694.jpg,/home/esteve/self-driving-ND/CarND-Behavioral-Cloning-P3/data_hard/IMG/left_2017_04_28_18_35_23_694.jpg,/home/esteve/self-driving-ND/CarND-Behavioral-Cloning-P3/data_hard/IMG/right_2017_04_28_18_35_23_694.jpg,-0.556391,0,0,23.89202
/home/esteve/self-driving-ND/CarND-Behavioral-Cloning-P3/data_hard/IMG/center_2017_04_28_18_35_23_766.jpg,/home/esteve/self-driving-ND/CarND-Behavioral-Cloning-P3/data_hard/IMG/left_2017_04_28_18_35_23_766.jpg,/home/esteve/self-driving-ND/CarND-Behavioral-Cloning-P3/data_hard/IMG/right_2017_04_28_18_35_23_766.jpg,-0.5413534,0,0,23.76145
/home/esteve/self-driving-ND/CarND-Behavioral-Cloning-P3/data_hard/IMG/center_2017_04_28_18_35_23_853.jpg,/home/esteve/self-driving-ND/CarND-Behavioral-Cloning-P3/data_hard/IMG/left_2017_04_28_18_35_23_853.jpg,/home/esteve/self-driving-ND/CarND-Behavioral-Cloning-P3/data_hard/IMG/right_2017_04_28_18_35_23_853.jpg,-0.5338346,0,0,23.68173
/home/esteve/self-driving-ND/CarND-Behavioral-Cloning-P3/data_hard/IMG/center_2017_04_28_18_35_23_927.jpg,/home/esteve/self-driving-ND/CarND-Behavioral-Cloning-P3/data_hard/IMG/left_2017_04_28_18_35_23_927.jpg,/home/esteve/self-driving-ND/CarND-Behavioral-Cloning-P3/data_hard/IMG/right_2017_04_28_18_35_23_927.jpg,-0.5112782,0,0,23.60788
/home/esteve/self-driving-ND/CarND-Behavioral-Cloning-P3/data_hard/IMG/center_2017_04_28_18_35_24_002.jpg,/home/esteve/self-driving-ND/CarND-Behavioral-Cloning-P3/data_hard/IMG/left_2017_04_28_18_35_24_002.jpg,/home/esteve/self-driving-ND/CarND-Behavioral-Cloning-P3/data_hard/IMG/right_2017_04_28_18_35_24_002.jpg,-0.481203,0,0,23.54605
/home/esteve/self-driving-ND/CarND-Behavioral-Cloning-P3/data_hard/IMG/center_2017_04_28_18_35_24_079.jpg,/home/esteve/self-driving-ND/CarND-Behavioral-Cloning-P3/data_hard/IMG/left_2017_04_28_18_35_24_079.jpg,/home/esteve/self-driving-ND/CarND-Behavioral-Cloning-P3/data_hard/IMG/right_2017_04_28_18_35_24_079.jpg,-0.4661654,0,0,23.53219
/home/esteve/self-driving-ND/CarND-Behavioral-Cloning-P3/data_hard/IMG/center_2017_04_28_18_35_24_159.jpg,/home/esteve/self-driving-ND/CarND-Behavioral-Cloning-P3/data_hard/IMG/left_2017_04_28_18_35_24_159.jpg,/home/esteve/self-driving-ND/CarND-Behavioral-Cloning-P3/data_hard/IMG/right_2017_04_28_18_35_24_159.jpg,-0.4436091,0,0,23.53893
/home/esteve/self-driving-ND/CarND-Behavioral-Cloning-P3/data_hard/IMG/center_2017_04_28_18_35_24_233.jpg,/home/esteve/self-driving-ND/CarND-Behavioral-Cloning-P3/data_hard/IMG/left_2017_04_28_18_35_24_233.jpg,/home/esteve/self-driving-ND/CarND-Behavioral-Cloning-P3/data_hard/IMG/right_2017_04_28_18_35_24_233.jpg,-0.3834586,0,0,23.57981
/home/esteve/self-driving-ND/CarND-Behavioral-Cloning-P3/data_hard/IMG/center_2017_04_28_18_35_24_310.jpg,/home/esteve/self-driving-ND/CarND-Behavioral-Cloning-P3/data_hard/IMG/left_2017_04_28_18_35_24_310.jpg,/home/esteve/self-driving-ND/CarND-Behavioral-Cloning-P3/data_hard/IMG/right_2017_04_28_18_35_24_310.jpg,-0.3533835,0,0,23.62909
/home/esteve/self-driving-ND/CarND-Behavioral-Cloning-P3/data_hard/IMG/center_2017_04_28_18_35_24_389.jpg,/home/esteve/self-driving-ND/CarND-Behavioral-Cloning-P3/data_hard/IMG/left_2017_04_28_18_35_24_389.jpg,/home/esteve/self-driving-ND/CarND-Behavioral-Cloning-P3/data_hard/IMG/right_2017_04_28_18_35_24_389.jpg,-0.3007519,0,0,23.70291
/home/esteve/self-driving-ND/CarND-Behavioral-Cloning-P3/data_hard/IMG/center_2017_04_28_18_35_24_468.jpg,/home/esteve/self-driving-ND/CarND-Behavioral-Cloning-P3/data_hard/IMG/left_2017_04_28_18_35_24_468.jpg,/home/esteve/self-driving-ND/CarND-Behavioral-Cloning-P3/data_hard/IMG/right_2017_04_28_18_35_24_468.jpg,-0.1654135,0,0,23.81225
/home/esteve/self-driving-ND/CarND-Behavioral-Cloning-P3/data_hard/IMG/center_2017_04_28_18_35_24_548.jpg,/home/esteve/self-driving-ND/CarND-Behavioral-Cloning-P3/data_hard/IMG/left_2017_04_28_18_35_24_548.jpg,/home/esteve/self-driving-ND/CarND-Behavioral-Cloning-P3/data_hard/IMG/right_2017_04_28_18_35_24_548.jpg,-0.112782,0,0,23.92742
/home/esteve/self-driving-ND/CarND-Behavioral-Cloning-P3/data_hard/IMG/center_2017_04_28_18_35_24_629.jpg,/home/esteve/self-driving-ND/CarND-Behavioral-Cloning-P3/data_hard/IMG/left_2017_04_28_18_35_24_629.jpg,/home/esteve/self-driving-ND/CarND-Behavioral-Cloning-P3/data_hard/IMG/right_2017_04_28_18_35_24_629.jpg,-0.07518797,0,0,24.04349
/home/esteve/self-driving-ND/CarND-Behavioral-Cloning-P3/data_hard/IMG/center_2017_04_28_18_35_24_708.jpg,/home/esteve/self-driving-ND/CarND-Behavioral-Cloning-P3/data_hard/IMG/left_2017_04_28_18_35_24_708.jpg,/home/esteve/self-driving-ND/CarND-Behavioral-Cloning-P3/data_hard/IMG/right_2017_04_28_18_35_24_708.jpg,-0.06766918,0,0,24.18546
/home/esteve/self-driving-ND/CarND-Behavioral-Cloning-P3/data_hard/IMG/center_2017_04_28_18_35_24_790.jpg,/home/esteve/self-driving-ND/CarND-Behavioral-Cloning-P3/data_hard/IMG/left_2017_04_28_18_35_24_790.jpg,/home/esteve/self-driving-ND/CarND-Behavioral-Cloning-P3/data_hard/IMG/right_2017_04_28_18_35_24_790.jpg,-0.08270676,0,0,24.33564
/home/esteve/self-driving-ND/CarND-Behavioral-Cloning-P3/data_hard/IMG/center_2017_04_28_18_35_24_857.jpg,/home/esteve/self-driving-ND/CarND-Behavioral-Cloning-P3/data_hard/IMG/left_2017_04_28_18_35_24_857.jpg,/home/esteve/self-driving-ND/CarND-Behavioral-Cloning-P3/data_hard/IMG/right_2017_04_28_18_35_24_857.jpg,-0.09774436,0,0,24.43866
/home/esteve/self-driving-ND/CarND-Behavioral-Cloning-P3/data_hard/IMG/center_2017_04_28_18_35_24_937.jpg,/home/esteve/self-driving-ND/CarND-Behavioral-Cloning-P3/data_hard/IMG/left_2017_04_28_18_35_24_937.jpg,/home/esteve/self-driving-ND/CarND-Behavioral-Cloning-P3/data_hard/IMG/right_2017_04_28_18_35_24_937.jpg,-0.1052632,0,0,24.59116
/home/esteve/self-driving-ND/CarND-Behavioral-Cloning-P3/data_hard/IMG/center_2017_04_28_18_35_25_015.jpg,/home/esteve/self-driving-ND/CarND-Behavioral-Cloning-P3/data_hard/IMG/left_2017_04_28_18_35_25_015.jpg,/home/esteve/self-driving-ND/CarND-Behavioral-Cloning-P3/data_hard/IMG/right_2017_04_28_18_35_25_015.jpg,-0.112782,0,0,24.76214
/home/esteve/self-driving-ND/CarND-Behavioral-Cloning-P3/data_hard/IMG/center_2017_04_28_18_35_25_095.jpg,/home/esteve/self-driving-ND/CarND-Behavioral-Cloning-P3/data_hard/IMG/left_2017_04_28_18_35_25_095.jpg,/home/esteve/self-driving-ND/CarND-Behavioral-Cloning-P3/data_hard/IMG/right_2017_04_28_18_35_25_095.jpg,-0.1278196,0,0,24.91668
/home/esteve/self-driving-ND/CarND-Behavioral-Cloning-P3/data_hard/IMG/center_2017_04_28_18_35_25_174.jpg,/home/esteve/self-driving-ND/CarND-Behavioral-Cloning-P3/data_hard/IMG/left_2017_04_28_18_35_25_174.jpg,/home/esteve/self-driving-ND/CarND-Behavioral-Cloning-P3/data_hard/IMG/right_2017_04_28_18_35_25_174.jpg,-0.1278196,0,0,25.07149
/home/esteve/self-driving-ND/CarND-Behavioral-Cloning-P3/data_hard/IMG/center_2017_04_28_18_35_25_255.jpg,/home/esteve/self-driving-ND/CarND-Behavioral-Cloning-P3/data_hard/IMG/left_2017_04_28_18_35_25_255.jpg,/home/esteve/self-driving-ND/CarND-Behavioral-Cloning-P3/data_hard/IMG/right_2017_04_28_18_35_25_255.jpg,-0.1278196,0.2428229,0,25.35121
/home/esteve/self-driving-ND/CarND-Behavioral-Cloning-P3/data_hard/IMG/center_2017_04_28_18_35_25_335.jpg,/home/esteve/self-driving-ND/CarND-Behavioral-Cloning-P3/data_hard/IMG/left_2017_04_28_18_35_25_335.jpg,/home/esteve/self-driving-ND/CarND-Behavioral-Cloning-P3/data_hard/IMG/right_2017_04_28_18_35_25_335.jpg,-0.1278196,0.4834106,0,25.87808
/home/esteve/self-driving-ND/CarND-Behavioral-Cloning-P3/data_hard/IMG/center_2017_04_28_18_35_25_417.jpg,/home/esteve/self-driving-ND/CarND-Behavioral-Cloning-P3/data_hard/IMG/left_2017_04_28_18_35_25_417.jpg,/home/esteve/self-driving-ND/CarND-Behavioral-Cloning-P3/data_hard/IMG/right_2017_04_28_18_35_25_417.jpg,-0.1278196,0.6050727,0,26.5274
/home/esteve/self-driving-ND/CarND-Behavioral-Cloning-P3/data_hard/IMG/center_2017_04_28_18_35_25_499.jpg,/home/esteve/self-driving-ND/CarND-Behavioral-Cloning-P3/data_hard/IMG/left_2017_04_28_18_35_25_499.jpg,/home/esteve/self-driving-ND/CarND-Behavioral-Cloning-P3/data_hard/IMG/right_2017_04_28_18_35_25_499.jpg,-0.1278196,0.3601706,0,27.1786
/home/esteve/self-driving-ND/CarND-Behavioral-Cloning-P3/data_hard/IMG/center_2017_04_28_18_35_25_581.jpg,/home/esteve/self-driving-ND/CarND-Behavioral-Cloning-P3/data_hard/IMG/left_2017_04_28_18_35_25_581.jpg,/home/esteve/self-driving-ND/CarND-Behavioral-Cloning-P3/data_hard/IMG/right_2017_04_28_18_35_25_581.jpg,-0.1278196,0.1138794,0,27.55063
/home/esteve/self-driving-ND/CarND-Behavioral-Cloning-P3/data_hard/IMG/center_2017_04_28_18_35_25_663.jpg,/home/esteve/self-driving-ND/CarND-Behavioral-Cloning-P3/data_hard/IMG/left_2017_04_28_18_35_25_663.jpg,/home/esteve/self-driving-ND/CarND-Behavioral-Cloning-P3/data_hard/IMG/right_2017_04_28_18_35_25_663.jpg,-0.1278196,0,0,27.68538
/home/esteve/self-driving-ND/CarND-Behavioral-Cloning-P3/data_hard/IMG/center_2017_04_28_18_35_25_746.jpg,/home/esteve/self-driving-ND/CarND-Behavioral-Cloning-P3/data_hard/IMG/left_2017_04_28_18_35_25_746.jpg,/home/esteve/self-driving-ND/CarND-Behavioral-Cloning-P3/data_hard/IMG/right_2017_04_28_18_35_25_746.jpg,-0.1278196,0,0,27.78219
/home/esteve/self-driving-ND/CarND-Behavioral-Cloning-P3/data_hard/IMG/center_2017_04_28_18_35_25_836.jpg,/home/esteve/self-driving-ND/CarND-Behavioral-Cloning-P3/data_hard/IMG/left_2017_04_28_18_35_25_836.jpg,/home/esteve/self-driving-ND/CarND-Behavioral-Cloning-P3/data_hard/IMG/right_2017_04_28_18_35_25_836.jpg,-0.2105263,0.2043986,0,27.83922
/home/esteve/self-driving-ND/CarND-Behavioral-Cloning-P3/data_hard/IMG/center_2017_04_28_18_35_25_918.jpg,/home/esteve/self-driving-ND/CarND-Behavioral-Cloning-P3/data_hard/IMG/left_2017_04_28_18_35_25_918.jpg,/home/esteve/self-driving-ND/CarND-Behavioral-Cloning-P3/data_hard/IMG/right_2017_04_28_18_35_25_918.jpg,-0.2706767,0.343116,0,28.14849
/home/esteve/self-driving-ND/CarND-Behavioral-Cloning-P3/data_hard/IMG/center_2017_04_28_18_35_26_003.jpg,/home/esteve/self-driving-ND/CarND-Behavioral-Cloning-P3/data_hard/IMG/left_2017_04_28_18_35_26_003.jpg,/home/esteve/self-driving-ND/CarND-Behavioral-Cloning-P3/data_hard/IMG/right_2017_04_28_18_35_26_003.jpg,-0.3007519,0.08810663,0,28.39021
/home/esteve/self-driving-ND/CarND-Behavioral-Cloning-P3/data_hard/IMG/center_2017_04_28_18_35_26_091.jpg,/home/esteve/self-driving-ND/CarND-Behavioral-Cloning-P3/data_hard/IMG/left_2017_04_28_18_35_26_091.jpg,/home/esteve/self-driving-ND/CarND-Behavioral-Cloning-P3/data_hard/IMG/right_2017_04_28_18_35_26_091.jpg,-0.3007519,0,0,28.3471
/home/esteve/self-driving-ND/CarND-Behavioral-Cloning-P3/data_hard/IMG/center_2017_04_28_18_35_26_172.jpg,/home/esteve/self-driving-ND/CarND-Behavioral-Cloning-P3/data_hard/IMG/left_2017_04_28_18_35_26_172.jpg,/home/esteve/self-driving-ND/CarND-Behavioral-Cloning-P3/data_hard/IMG/right_2017_04_28_18_35_26_172.jpg,-0.3007519,0,0,28.30095
/home/esteve/self-driving-ND/CarND-Behavioral-Cloning-P3/data_hard/IMG/center_2017_04_28_18_35_26_240.jpg,/home/esteve/self-driving-ND/CarND-Behavioral-Cloning-P3/data_hard/IMG/left_2017_04_28_18_35_26_240.jpg,/home/esteve/self-driving-ND/CarND-Behavioral-Cloning-P3/data_hard/IMG/right_2017_04_28_18_35_26_240.jpg,-0.3007519,0,0,28.1794
/home/esteve/self-driving-ND/CarND-Behavioral-Cloning-P3/data_hard/IMG/center_2017_04_28_18_35_26_322.jpg,/home/esteve/self-driving-ND/CarND-Behavioral-Cloning-P3/data_hard/IMG/left_2017_04_28_18_35_26_322.jpg,/home/esteve/self-driving-ND/CarND-Behavioral-Cloning-P3/data_hard/IMG/right_2017_04_28_18_35_26_322.jpg,-0.2556391,0,0,28.00294
/home/esteve/self-driving-ND/CarND-Behavioral-Cloning-P3/data_hard/IMG/center_2017_04_28_18_35_26_404.jpg,/home/esteve/self-driving-ND/CarND-Behavioral-Cloning-P3/data_hard/IMG/left_2017_04_28_18_35_26_404.jpg,/home/esteve/self-driving-ND/CarND-Behavioral-Cloning-P3/data_hard/IMG/right_2017_04_28_18_35_26_404.jpg,-0.1578947,0,0,27.89053
/home/esteve/self-driving-ND/CarND-Behavioral-Cloning-P3/data_hard/IMG/center_2017_04_28_18_35_26_491.jpg,/home/esteve/self-driving-ND/CarND-Behavioral-Cloning-P3/data_hard/IMG/left_2017_04_28_18_35_26_491.jpg,/home/esteve/self-driving-ND/CarND-Behavioral-Cloning-P3/data_hard/IMG/right_2017_04_28_18_35_26_491.jpg,-0.08270676,0,0,27.70013
/home/esteve/self-driving-ND/CarND-Behavioral-Cloning-P3/data_hard/IMG/center_2017_04_28_18_35_26_574.jpg,/home/esteve/self-driving-ND/CarND-Behavioral-Cloning-P3/data_hard/IMG/left_2017_04_28_18_35_26_574.jpg,/home/esteve/self-driving-ND/CarND-Behavioral-Cloning-P3/data_hard/IMG/right_2017_04_28_18_35_26_574.jpg,-0.04511278,0,0,27.50505
/home/esteve/self-driving-ND/CarND-Behavioral-Cloning-P3/data_hard/IMG/center_2017_04_28_18_35_26_658.jpg,/home/esteve/self-driving-ND/CarND-Behavioral-Cloning-P3/data_hard/IMG/left_2017_04_28_18_35_26_658.jpg,/home/esteve/self-driving-ND/CarND-Behavioral-Cloning-P3/data_hard/IMG/right_2017_04_28_18_35_26_658.jpg,0.02255639,0,0,27.30805
/home/esteve/self-driving-ND/CarND-Behavioral-Cloning-P3/data_hard/IMG/center_2017_04_28_18_35_26_742.jpg,/home/esteve/self-driving-ND/CarND-Behavioral-Cloning-P3/data_hard/IMG/left_2017_04_28_18_35_26_742.jpg,/home/esteve/self-driving-ND/CarND-Behavioral-Cloning-P3/data_hard/IMG/right_2017_04_28_18_35_26_742.jpg,0.112782,0,0,27.02611
/home/esteve/self-driving-ND/CarND-Behavioral-Cloning-P3/data_hard/IMG/center_2017_04_28_18_35_26_810.jpg,/home/esteve/self-driving-ND/CarND-Behavioral-Cloning-P3/data_hard/IMG/left_2017_04_28_18_35_26_810.jpg,/home/esteve/self-driving-ND/CarND-Behavioral-Cloning-P3/data_hard/IMG/right_2017_04_28_18_35_26_810.jpg,0.1804511,0,0,26.84598
/home/esteve/self-driving-ND/CarND-Behavioral-Cloning-P3/data_hard/IMG/center_2017_04_28_18_35_26_881.jpg,/home/esteve/self-driving-ND/CarND-Behavioral-Cloning-P3/data_hard/IMG/left_2017_04_28_18_35_26_881.jpg,/home/esteve/self-driving-ND/CarND-Behavioral-Cloning-P3/data_hard/IMG/right_2017_04_28_18_35_26_881.jpg,0.2706767,0,0,26.65178
/home/esteve/self-driving-ND/CarND-Behavioral-Cloning-P3/data_hard/IMG/center_2017_04_28_18_35_26_964.jpg,/home/esteve/self-driving-ND/CarND-Behavioral-Cloning-P3/data_hard/IMG/left_2017_04_28_18_35_26_964.jpg,/home/esteve/self-driving-ND/CarND-Behavioral-Cloning-P3/data_hard/IMG/right_2017_04_28_18_35_26_964.jpg,0.2857143,0,0,26.3391
/home/esteve/self-driving-ND/CarND-Behavioral-Cloning-P3/data_hard/IMG/center_2017_04_28_18_35_27_051.jpg,/home/esteve/self-driving-ND/CarND-Behavioral-Cloning-P3/data_hard/IMG/left_2017_04_28_18_35_27_051.jpg,/home/esteve/self-driving-ND/CarND-Behavioral-Cloning-P3/data_hard/IMG/right_2017_04_28_18_35_27_051.jpg,0.2781955,0,0,26.10919
/home/esteve/self-driving-ND/CarND-Behavioral-Cloning-P3/data_hard/IMG/center_2017_04_28_18_35_27_133.jpg,/home/esteve/self-driving-ND/CarND-Behavioral-Cloning-P3/data_hard/IMG/left_2017_04_28_18_35_27_133.jpg,/home/esteve/self-driving-ND/CarND-Behavioral-Cloning-P3/data_hard/IMG/right_2017_04_28_18_35_27_133.jpg,0.2781955,0,0,25.88832
/home/esteve/self-driving-ND/CarND-Behavioral-Cloning-P3/data_hard/IMG/center_2017_04_28_18_35_27_214.jpg,/home/esteve/self-driving-ND/CarND-Behavioral-Cloning-P3/data_hard/IMG/left_2017_04_28_18_35_27_214.jpg,/home/esteve/self-driving-ND/CarND-Behavioral-Cloning-P3/data_hard/IMG/right_2017_04_28_18_35_27_214.jpg,0.2781955,0,0,25.67252
/home/esteve/self-driving-ND/CarND-Behavioral-Cloning-P3/data_hard/IMG/center_2017_04_28_18_35_27_295.jpg,/home/esteve/self-driving-ND/CarND-Behavioral-Cloning-P3/data_hard/IMG/left_2017_04_28_18_35_27_295.jpg,/home/esteve/self-driving-ND/CarND-Behavioral-Cloning-P3/data_hard/IMG/right_2017_04_28_18_35_27_295.jpg,0.1503759,0,0,25.47147
/home/esteve/self-driving-ND/CarND-Behavioral-Cloning-P3/data_hard/IMG/center_2017_04_28_18_35_27_377.jpg,/home/esteve/self-driving-ND/CarND-Behavioral-Cloning-P3/data_hard/IMG/left_2017_04_28_18_35_27_377.jpg,/home/esteve/self-driving-ND/CarND-Behavioral-Cloning-P3/data_hard/IMG/right_2017_04_28_18_35_27_377.jpg,0.07518797,0,0,25.27198
/home/esteve/self-driving-ND/CarND-Behavioral-Cloning-P3/data_hard/IMG/center_2017_04_28_18_35_27_463.jpg,/home/esteve/self-driving-ND/CarND-Behavioral-Cloning-P3/data_hard/IMG/left_2017_04_28_18_35_27_463.jpg,/home/esteve/self-driving-ND/CarND-Behavioral-Cloning-P3/data_hard/IMG/right_2017_04_28_18_35_27_463.jpg,-0.01503759,0,0,25.01324
/home/esteve/self-driving-ND/CarND-Behavioral-Cloning-P3/data_hard/IMG/center_2017_04_28_18_35_27_547.jpg,/home/esteve/self-driving-ND/CarND-Behavioral-Cloning-P3/data_hard/IMG/left_2017_04_28_18_35_27_547.jpg,/home/esteve/self-driving-ND/CarND-Behavioral-Cloning-P3/data_hard/IMG/right_2017_04_28_18_35_27_547.jpg,-0.03007519,0,0,24.80868
/home/esteve/self-driving-ND/CarND-Behavioral-Cloning-P3/data_hard/IMG/center_2017_04_28_18_35_27_627.jpg,/home/esteve/self-driving-ND/CarND-Behavioral-Cloning-P3/data_hard/IMG/left_2017_04_28_18_35_27_627.jpg,/home/esteve/self-driving-ND/CarND-Behavioral-Cloning-P3/data_hard/IMG/right_2017_04_28_18_35_27_627.jpg,-0.03759398,0,0,24.60699
/home/esteve/self-driving-ND/CarND-Behavioral-Cloning-P3/data_hard/IMG/center_2017_04_28_18_35_27_708.jpg,/home/esteve/self-driving-ND/CarND-Behavioral-Cloning-P3/data_hard/IMG/left_2017_04_28_18_35_27_708.jpg,/home/esteve/self-driving-ND/CarND-Behavioral-Cloning-P3/data_hard/IMG/right_2017_04_28_18_35_27_708.jpg,-0.04511278,0,0,24.40787
/home/esteve/self-driving-ND/CarND-Behavioral-Cloning-P3/data_hard/IMG/center_2017_04_28_18_35_27_794.jpg,/home/esteve/self-driving-ND/CarND-Behavioral-Cloning-P3/data_hard/IMG/left_2017_04_28_18_35_27_794.jpg,/home/esteve/self-driving-ND/CarND-Behavioral-Cloning-P3/data_hard/IMG/right_2017_04_28_18_35_27_794.jpg,-0.06766918,0,0,24.20983
/home/esteve/self-driving-ND/CarND-Behavioral-Cloning-P3/data_hard/IMG/center_2017_04_28_18_35_27_876.jpg,/home/esteve/self-driving-ND/CarND-Behavioral-Cloning-P3/data_hard/IMG/left_2017_04_28_18_35_27_876.jpg,/home/esteve/self-driving-ND/CarND-Behavioral-Cloning-P3/data_hard/IMG/right_2017_04_28_18_35_27_876.jpg,-0.09022556,0,0,24.0118
/home/esteve/self-driving-ND/CarND-Behavioral-Cloning-P3/data_hard/IMG/center_2017_04_28_18_35_27_961.jpg,/home/esteve/self-driving-ND/CarND-Behavioral-Cloning-P3/data_hard/IMG/left_2017_04_28_18_35_27_961.jpg,/home/esteve/self-driving-ND/CarND-Behavioral-Cloning-P3/data_hard/IMG/right_2017_04_28_18_35_27_961.jpg,-0.1203007,0,0,23.81491
/home/esteve/self-driving-ND/CarND-Behavioral-Cloning-P3/data_hard/IMG/center_2017_04_28_18_35_28_044.jpg,/home/esteve/self-driving-ND/CarND-Behavioral-Cloning-P3/data_hard/IMG/left_2017_04_28_18_35_28_044.jpg,/home/esteve/self-driving-ND/CarND-Behavioral-Cloning-P3/data_hard/IMG/right_2017_04_28_18_35_28_044.jpg,-0.2180451,0,0,23.55481
/home/esteve/self-driving-ND/CarND-Behavioral-Cloning-P3/data_hard/IMG/center_2017_04_28_18_35_28_127.jpg,/home/esteve/self-driving-ND/CarND-Behavioral-Cloning-P3/data_hard/IMG/left_2017_04_28_18_35_28_127.jpg,/home/esteve/self-driving-ND/CarND-Behavioral-Cloning-P3/data_hard/IMG/right_2017_04_28_18_35_28_127.jpg,-0.2857143,0,0,23.33886
/home/esteve/self-driving-ND/CarND-Behavioral-Cloning-P3/data_hard/IMG/center_2017_04_28_18_35_28_209.jpg,/home/esteve/self-driving-ND/CarND-Behavioral-Cloning-P3/data_hard/IMG/left_2017_04_28_18_35_28_209.jpg,/home/esteve/self-driving-ND/CarND-Behavioral-Cloning-P3/data_hard/IMG/right_2017_04_28_18_35_28_209.jpg,-0.3082707,0,0,23.12436
/home/esteve/self-driving-ND/CarND-Behavioral-Cloning-P3/data_hard/IMG/center_2017_04_28_18_35_28_289.jpg,/home/esteve/self-driving-ND/CarND-Behavioral-Cloning-P3/data_hard/IMG/left_2017_04_28_18_35_28_289.jpg,/home/esteve/self-driving-ND/CarND-Behavioral-Cloning-P3/data_hard/IMG/right_2017_04_28_18_35_28_289.jpg,-0.3157895,0,0,22.92137
/home/esteve/self-driving-ND/CarND-Behavioral-Cloning-P3/data_hard/IMG/center_2017_04_28_18_35_28_356.jpg,/home/esteve/self-driving-ND/CarND-Behavioral-Cloning-P3/data_hard/IMG/left_2017_04_28_18_35_28_356.jpg,/home/esteve/self-driving-ND/CarND-Behavioral-Cloning-P3/data_hard/IMG/right_2017_04_28_18_35_28_356.jpg,-0.3157895,0,0,22.77506
/home/esteve/self-driving-ND/CarND-Behavioral-Cloning-P3/data_hard/IMG/center_2017_04_28_18_35_28_436.jpg,/home/esteve/self-driving-ND/CarND-Behavioral-Cloning-P3/data_hard/IMG/left_2017_04_28_18_35_28_436.jpg,/home/esteve/self-driving-ND/CarND-Behavioral-Cloning-P3/data_hard/IMG/right_2017_04_28_18_35_28_436.jpg,-0.3157895,0,0,22.58464
/home/esteve/self-driving-ND/CarND-Behavioral-Cloning-P3/data_hard/IMG/center_2017_04_28_18_35_28_517.jpg,/home/esteve/self-driving-ND/CarND-Behavioral-Cloning-P3/data_hard/IMG/left_2017_04_28_18_35_28_517.jpg,/home/esteve/self-driving-ND/CarND-Behavioral-Cloning-P3/data_hard/IMG/right_2017_04_28_18_35_28_517.jpg,-0.3157895,0,0,22.39783
/home/esteve/self-driving-ND/CarND-Behavioral-Cloning-P3/data_hard/IMG/center_2017_04_28_18_35_28_597.jpg,/home/esteve/self-driving-ND/CarND-Behavioral-Cloning-P3/data_hard/IMG/left_2017_04_28_18_35_28_597.jpg,/home/esteve/self-driving-ND/CarND-Behavioral-Cloning-P3/data_hard/IMG/right_2017_04_28_18_35_28_597.jpg,-0.2781955,0,0,22.21554
/home/esteve/self-driving-ND/CarND-Behavioral-Cloning-P3/data_hard/IMG/center_2017_04_28_18_35_28_681.jpg,/home/esteve/self-driving-ND/CarND-Behavioral-Cloning-P3/data_hard/IMG/left_2017_04_28_18_35_28_681.jpg,/home/esteve/self-driving-ND/CarND-Behavioral-Cloning-P3/data_hard/IMG/right_2017_04_28_18_35_28_681.jpg,-0.2330827,0,0,22.04347
/home/esteve/self-driving-ND/CarND-Behavioral-Cloning-P3/data_hard/IMG/center_2017_04_28_18_35_28_768.jpg,/home/esteve/self-driving-ND/CarND-Behavioral-Cloning-P3/data_hard/IMG/left_2017_04_28_18_35_28_768.jpg,/home/esteve/self-driving-ND/CarND-Behavioral-Cloning-P3/data_hard/IMG/right_2017_04_28_18_35_28_768.jpg,-0.1879699,0,0,21.83024
/home/esteve/self-driving-ND/CarND-Behavioral-Cloning-P3/data_hard/IMG/center_2017_04_28_18_35_28_838.jpg,/home/esteve/self-driving-ND/CarND-Behavioral-Cloning-P3/data_hard/IMG/left_2017_04_28_18_35_28_838.jpg,/home/esteve/self-driving-ND/CarND-Behavioral-Cloning-P3/data_hard/IMG/right_2017_04_28_18_35_28_838.jpg,-0.1879699,0,0,21.70173
/home/esteve/self-driving-ND/CarND-Behavioral-Cloning-P3/data_hard/IMG/center_2017_04_28_18_35_28_927.jpg,/home/esteve/self-driving-ND/CarND-Behavioral-Cloning-P3/data_hard/IMG/left_2017_04_28_18_35_28_927.jpg,/home/esteve/self-driving-ND/CarND-Behavioral-Cloning-P3/data_hard/IMG/right_2017_04_28_18_35_28_927.jpg,-0.1503759,0,0,21.48798
/home/esteve/self-driving-ND/CarND-Behavioral-Cloning-P3/data_hard/IMG/center_2017_04_28_18_35_29_018.jpg,/home/esteve/self-driving-ND/CarND-Behavioral-Cloning-P3/data_hard/IMG/left_2017_04_28_18_35_29_018.jpg,/home/esteve/self-driving-ND/CarND-Behavioral-Cloning-P3/data_hard/IMG/right_2017_04_28_18_35_29_018.jpg,-0.03007519,0,0,21.31719
/home/esteve/self-driving-ND/CarND-Behavioral-Cloning-P3/data_hard/IMG/center_2017_04_28_18_35_29_097.jpg,/home/esteve/self-driving-ND/CarND-Behavioral-Cloning-P3/data_hard/IMG/left_2017_04_28_18_35_29_097.jpg,/home/esteve/self-driving-ND/CarND-Behavioral-Cloning-P3/data_hard/IMG/right_2017_04_28_18_35_29_097.jpg,0.007518797,0,0,21.14211
/home/esteve/self-driving-ND/CarND-Behavioral-Cloning-P3/data_hard/IMG/center_2017_04_28_18_35_29_183.jpg,/home/esteve/self-driving-ND/CarND-Behavioral-Cloning-P3/data_hard/IMG/left_2017_04_28_18_35_29_183.jpg,/home/esteve/self-driving-ND/CarND-Behavioral-Cloning-P3/data_hard/IMG/right_2017_04_28_18_35_29_183.jpg,0.007518797,0,0,20.92788
/home/esteve/self-driving-ND/CarND-Behavioral-Cloning-P3/data_hard/IMG/center_2017_04_28_18_35_29_271.jpg,/home/esteve/self-driving-ND/CarND-Behavioral-Cloning-P3/data_hard/IMG/left_2017_04_28_18_35_29_271.jpg,/home/esteve/self-driving-ND/CarND-Behavioral-Cloning-P3/data_hard/IMG/right_2017_04_28_18_35_29_271.jpg,0.007518797,0,0,20.75934
/home/esteve/self-driving-ND/CarND-Behavioral-Cloning-P3/data_hard/IMG/center_2017_04_28_18_35_29_356.jpg,/home/esteve/self-driving-ND/CarND-Behavioral-Cloning-P3/data_hard/IMG/left_2017_04_28_18_35_29_356.jpg,/home/esteve/self-driving-ND/CarND-Behavioral-Cloning-P3/data_hard/IMG/right_2017_04_28_18_35_29_356.jpg,-0.04511278,0.2546911,0,20.70847
/home/esteve/self-driving-ND/CarND-Behavioral-Cloning-P3/data_hard/IMG/center_2017_04_28_18_35_29_440.jpg,/home/esteve/self-driving-ND/CarND-Behavioral-Cloning-P3/data_hard/IMG/left_2017_04_28_18_35_29_440.jpg,/home/esteve/self-driving-ND/CarND-Behavioral-Cloning-P3/data_hard/IMG/right_2017_04_28_18_35_29_440.jpg,-0.1503759,0.2791743,0,20.87875
/home/esteve/self-driving-ND/CarND-Behavioral-Cloning-P3/data_hard/IMG/center_2017_04_28_18_35_29_529.jpg,/home/esteve/self-driving-ND/CarND-Behavioral-Cloning-P3/data_hard/IMG/left_2017_04_28_18_35_29_529.jpg,/home/esteve/self-driving-ND/CarND-Behavioral-Cloning-P3/data_hard/IMG/right_2017_04_28_18_35_29_529.jpg,-0.1954887,0.01237464,0,20.83163
/home/esteve/self-driving-ND/CarND-Behavioral-Cloning-P3/data_hard/IMG/center_2017_04_28_18_35_29_612.jpg,/home/esteve/self-driving-ND/CarND-Behavioral-Cloning-P3/data_hard/IMG/left_2017_04_28_18_35_29_612.jpg,/home/esteve/self-driving-ND/CarND-Behavioral-Cloning-P3/data_hard/IMG/right_2017_04_28_18_35_29_612.jpg,-0.1954887,0.05510688,0,20.65479
/home/esteve/self-driving-ND/CarND-Behavioral-Cloning-P3/data_hard/IMG/center_2017_04_28_18_35_29_698.jpg,/home/esteve/self-driving-ND/CarND-Behavioral-Cloning-P3/data_hard/IMG/left_2017_04_28_18_35_29_698.jpg,/home/esteve/self-driving-ND/CarND-Behavioral-Cloning-P3/data_hard/IMG/right_2017_04_28_18_35_29_698.jpg,-0.1954887,0.3105633,0,20.66076
/home/esteve/self-driving-ND/CarND-Behavioral-Cloning-P3/data_hard/IMG/center_2017_04_28_18_35_29_787.jpg,/home/esteve/self-driving-ND/CarND-Behavioral-Cloning-P3/data_hard/IMG/left_2017_04_28_18_35_29_787.jpg,/home/esteve/self-driving-ND/CarND-Behavioral-Cloning-P3/data_hard/IMG/right_2017_04_28_18_35_29_787.jpg,-0.1954887,0.4260907,0,20.94147
/home/esteve/self-driving-ND/CarND-Behavioral-Cloning-P3/data_hard/IMG/center_2017_04_28_18_35_29_854.jpg,/home/esteve/self-driving-ND/CarND-Behavioral-Cloning-P3/data_hard/IMG/left_2017_04_28_18_35_29_854.jpg,/home/esteve/self-driving-ND/CarND-Behavioral-Cloning-P3/data_hard/IMG/right_2017_04_28_18_35_29_854.jpg,-0.1804511,0.2234409,0,21.10029
/home/esteve/self-driving-ND/CarND-Behavioral-Cloning-P3/data_hard/IMG/center_2017_04_28_18_35_29_942.jpg,/home/esteve/self-driving-ND/CarND-Behavioral-Cloning-P3/data_hard/IMG/left_2017_04_28_18_35_29_942.jpg,/home/esteve/self-driving-ND/CarND-Behavioral-Cloning-P3/data_hard/IMG/right_2017_04_28_18_35_29_942.jpg,-0.1654135,0,0,20.92759
/home/esteve/self-driving-ND/CarND-Behavioral-Cloning-P3/data_hard/IMG/center_2017_04_28_18_35_30_027.jpg,/home/esteve/self-driving-ND/CarND-Behavioral-Cloning-P3/data_hard/IMG/left_2017_04_28_18_35_30_027.jpg,/home/esteve/self-driving-ND/CarND-Behavioral-Cloning-P3/data_hard/IMG/right_2017_04_28_18_35_30_027.jpg,-0.1654135,0.07269001,0,20.71366
/home/esteve/self-driving-ND/CarND-Behavioral-Cloning-P3/data_hard/IMG/center_2017_04_28_18_35_30_112.jpg,/home/esteve/self-driving-ND/CarND-Behavioral-Cloning-P3/data_hard/IMG/left_2017_04_28_18_35_30_112.jpg,/home/esteve/self-driving-ND/CarND-Behavioral-Cloning-P3/data_hard/IMG/right_2017_04_28_18_35_30_112.jpg,-0.1654135,0.3254814,0,20.72172
/home/esteve/self-driving-ND/CarND-Behavioral-Cloning-P3/data_hard/IMG/center_2017_04_28_18_35_30_191.jpg,/home/esteve/self-driving-ND/CarND-Behavioral-Cloning-P3/data_hard/IMG/left_2017_04_28_18_35_30_191.jpg,/home/esteve/self-driving-ND/CarND-Behavioral-Cloning-P3/data_hard/IMG/right_2017_04_28_18_35_30_191.jpg,-0.1654135,0.563256,0,21.00009
/home/esteve/self-driving-ND/CarND-Behavioral-Cloning-P3/data_hard/IMG/center_2017_04_28_18_35_30_274.jpg,/home/esteve/self-driving-ND/CarND-Behavioral-Cloning-P3/data_hard/IMG/left_2017_04_28_18_35_30_274.jpg,/home/esteve/self-driving-ND/CarND-Behavioral-Cloning-P3/data_hard/IMG/right_2017_04_28_18_35_30_274.jpg,-0.1654135,0.3149915,0,21.26154
/home/esteve/self-driving-ND/CarND-Behavioral-Cloning-P3/data_hard/IMG/center_2017_04_28_18_35_30_357.jpg,/home/esteve/self-driving-ND/CarND-Behavioral-Cloning-P3/data_hard/IMG/left_2017_04_28_18_35_30_357.jpg,/home/esteve/self-driving-ND/CarND-Behavioral-Cloning-P3/data_hard/IMG/right_2017_04_28_18_35_30_357.jpg,-0.1654135,0.06540012,0,21.24656
/home/esteve/self-driving-ND/CarND-Behavioral-Cloning-P3/data_hard/IMG/center_2017_04_28_18_35_30_442.jpg,/home/esteve/self-driving-ND/CarND-Behavioral-Cloning-P3/data_hard/IMG/left_2017_04_28_18_35_30_442.jpg,/home/esteve/self-driving-ND/CarND-Behavioral-Cloning-P3/data_hard/IMG/right_2017_04_28_18_35_30_442.jpg,-0.1654135,0.1326063,0,21.07136
/home/esteve/self-driving-ND/CarND-Behavioral-Cloning-P3/data_hard/IMG/center_2017_04_28_18_35_30_527.jpg,/home/esteve/self-driving-ND/CarND-Behavioral-Cloning-P3/data_hard/IMG/left_2017_04_28_18_35_30_527.jpg,/home/esteve/self-driving-ND/CarND-Behavioral-Cloning-P3/data_hard/IMG/right_2017_04_28_18_35_30_527.jpg,-0.1203007,0.3874412,0,21.40946
/home/esteve/self-driving-ND/CarND-Behavioral-Cloning-P3/data_hard/IMG/center_2017_04_28_18_35_30_609.jpg,/home/esteve/self-driving-ND/CarND-Behavioral-Cloning-P3/data_hard/IMG/left_2017_04_28_18_35_30_609.jpg,/home/esteve/self-driving-ND/CarND-Behavioral-Cloning-P3/data_hard/IMG/right_2017_04_28_18_35_30_609.jpg,-0.06766918,0.6348875,0,21.71633
/home/esteve/self-driving-ND/CarND-Behavioral-Cloning-P3/data_hard/IMG/center_2017_04_28_18_35_30_695.jpg,/home/esteve/self-driving-ND/CarND-Behavioral-Cloning-P3/data_hard/IMG/left_2017_04_28_18_35_30_695.jpg,/home/esteve/self-driving-ND/CarND-Behavioral-Cloning-P3/data_hard/IMG/right_2017_04_28_18_35_30_695.jpg,-0.04511278,0.5087764,0,22.13438
/home/esteve/self-driving-ND/CarND-Behavioral-Cloning-P3/data_hard/IMG/center_2017_04_28_18_35_30_783.jpg,/home/esteve/self-driving-ND/CarND-Behavioral-Cloning-P3/data_hard/IMG/left_2017_04_28_18_35_30_783.jpg,/home/esteve/self-driving-ND/CarND-Behavioral-Cloning-P3/data_hard/IMG/right_2017_04_28_18_35_30_783.jpg,-0.04511278,0.2442849,0,22.22093
/home/esteve/self-driving-ND/CarND-Behavioral-Cloning-P3/data_hard/IMG/center_2017_04_28_18_35_30_868.jpg,/home/esteve/self-driving-ND/CarND-Behavioral-Cloning-P3/data_hard/IMG/left_2017_04_28_18_35_30_868.jpg,/home/esteve/self-driving-ND/CarND-Behavioral-Cloning-P3/data_hard/IMG/right_2017_04_28_18_35_30_868.jpg,-0.04511278,0,0,22.11492
/home/esteve/self-driving-ND/CarND-Behavioral-Cloning-P3/data_hard/IMG/center_2017_04_28_18_35_30_952.jpg,/home/esteve/self-driving-ND/CarND-Behavioral-Cloning-P3/data_hard/IMG/left_2017_04_28_18_35_30_952.jpg,/home/esteve/self-driving-ND/CarND-Behavioral-Cloning-P3/data_hard/IMG/right_2017_04_28_18_35_30_952.jpg,-0.09022556,0,0,21.90268
/home/esteve/self-driving-ND/CarND-Behavioral-Cloning-P3/data_hard/IMG/center_2017_04_28_18_35_31_040.jpg,/home/esteve/self-driving-ND/CarND-Behavioral-Cloning-P3/data_hard/IMG/left_2017_04_28_18_35_31_040.jpg,/home/esteve/self-driving-ND/CarND-Behavioral-Cloning-P3/data_hard/IMG/right_2017_04_28_18_35_31_040.jpg,-0.1052632,0,0,21.69687
/home/esteve/self-driving-ND/CarND-Behavioral-Cloning-P3/data_hard/IMG/center_2017_04_28_18_35_31_123.jpg,/home/esteve/self-driving-ND/CarND-Behavioral-Cloning-P3/data_hard/IMG/left_2017_04_28_18_35_31_123.jpg,/home/esteve/self-driving-ND/CarND-Behavioral-Cloning-P3/data_hard/IMG/right_2017_04_28_18_35_31_123.jpg,-0.112782,0.0622623,0,21.74153
/home/esteve/self-driving-ND/CarND-Behavioral-Cloning-P3/data_hard/IMG/center_2017_04_28_18_35_31_202.jpg,/home/esteve/self-driving-ND/CarND-Behavioral-Cloning-P3/data_hard/IMG/left_2017_04_28_18_35_31_202.jpg,/home/esteve/self-driving-ND/CarND-Behavioral-Cloning-P3/data_hard/IMG/right_2017_04_28_18_35_31_202.jpg,-0.112782,0.3007529,0,21.75465
/home/esteve/self-driving-ND/CarND-Behavioral-Cloning-P3/data_hard/IMG/center_2017_04_28_18_35_31_284.jpg,/home/esteve/self-driving-ND/CarND-Behavioral-Cloning-P3/data_hard/IMG/left_2017_04_28_18_35_31_284.jpg,/home/esteve/self-driving-ND/CarND-Behavioral-Cloning-P3/data_hard/IMG/right_2017_04_28_18_35_31_284.jpg,-0.1203007,0.4410338,0,21.97211
/home/esteve/self-driving-ND/CarND-Behavioral-Cloning-P3/data_hard/IMG/center_2017_04_28_18_35_31_367.jpg,/home/esteve/self-driving-ND/CarND-Behavioral-Cloning-P3/data_hard/IMG/left_2017_04_28_18_35_31_367.jpg,/home/esteve/self-driving-ND/CarND-Behavioral-Cloning-P3/data_hard/IMG/right_2017_04_28_18_35_31_367.jpg,-0.1954887,0.1911428,0,22.09434
/home/esteve/self-driving-ND/CarND-Behavioral-Cloning-P3/data_hard/IMG/center_2017_04_28_18_35_31_453.jpg,/home/esteve/self-driving-ND/CarND-Behavioral-Cloning-P3/data_hard/IMG/left_2017_04_28_18_35_31_453.jpg,/home/esteve/self-driving-ND/CarND-Behavioral-Cloning-P3/data_hard/IMG/right_2017_04_28_18_35_31_453.jpg,-0.2706767,0.1988382,0,22.02667
/home/esteve/self-driving-ND/CarND-Behavioral-Cloning-P3/data_hard/IMG/center_2017_04_28_18_35_31_537.jpg,/home/esteve/self-driving-ND/CarND-Behavioral-Cloning-P3/data_hard/IMG/left_2017_04_28_18_35_31_537.jpg,/home/esteve/self-driving-ND/CarND-Behavioral-Cloning-P3/data_hard/IMG/right_2017_04_28_18_35_31_537.jpg,-0.2781955,0.1775651,0,22.0781
/home/esteve/self-driving-ND/CarND-Behavioral-Cloning-P3/data_hard/IMG/center_2017_04_28_18_35_31_620.jpg,/home/esteve/self-driving-ND/CarND-Behavioral-Cloning-P3/data_hard/IMG/left_2017_04_28_18_35_31_620.jpg,/home/esteve/self-driving-ND/CarND-Behavioral-Cloning-P3/data_hard/IMG/right_2017_04_28_18_35_31_620.jpg,-0.3082707,0,0,21.96617
/home/esteve/self-driving-ND/CarND-Behavioral-Cloning-P3/data_hard/IMG/center_2017_04_28_18_35_31_702.jpg,/home/esteve/self-driving-ND/CarND-Behavioral-Cloning-P3/data_hard/IMG/left_2017_04_28_18_35_31_702.jpg,/home/esteve/self-driving-ND/CarND-Behavioral-Cloning-P3/data_hard/IMG/right_2017_04_28_18_35_31_702.jpg,-0.3984962,0.1833208,0,21.55459
/home/esteve/self-driving-ND/CarND-Behavioral-Cloning-P3/data_hard/IMG/center_2017_04_28_18_35_31_787.jpg,/home/esteve/self-driving-ND/CarND-Behavioral-Cloning-P3/data_hard/IMG/left_2017_04_28_18_35_31_787.jpg,/home/esteve/self-driving-ND/CarND-Behavioral-Cloning-P3/data_hard/IMG/right_2017_04_28_18_35_31_787.jpg,-0.4436091,0.200449,0,21.60883
/home/esteve/self-driving-ND/CarND-Behavioral-Cloning-P3/data_hard/IMG/center_2017_04_28_18_35_31_863.jpg,/home/esteve/self-driving-ND/CarND-Behavioral-Cloning-P3/data_hard/IMG/left_2017_04_28_18_35_31_863.jpg,/home/esteve/self-driving-ND/CarND-Behavioral-Cloning-P3/data_hard/IMG/right_2017_04_28_18_35_31_863.jpg,-0.4511278,0,0,21.44899
/home/esteve/self-driving-ND/CarND-Behavioral-Cloning-P3/data_hard/IMG/center_2017_04_28_18_35_31_931.jpg,/home/esteve/self-driving-ND/CarND-Behavioral-Cloning-P3/data_hard/IMG/left_2017_04_28_18_35_31_931.jpg,/home/esteve/self-driving-ND/CarND-Behavioral-Cloning-P3/data_hard/IMG/right_2017_04_28_18_35_31_931.jpg,-0.4511278,0,0,21.5648
/home/esteve/self-driving-ND/CarND-Behavioral-Cloning-P3/data_hard/IMG/center_2017_04_28_18_35_32_020.jpg,/home/esteve/self-driving-ND/CarND-Behavioral-Cloning-P3/data_hard/IMG/left_2017_04_28_18_35_32_020.jpg,/home/esteve/self-driving-ND/CarND-Behavioral-Cloning-P3/data_hard/IMG/right_2017_04_28_18_35_32_020.jpg,-0.3458647,0,0,21.40008
/home/esteve/self-driving-ND/CarND-Behavioral-Cloning-P3/data_hard/IMG/center_2017_04_28_18_35_32_104.jpg,/home/esteve/self-driving-ND/CarND-Behavioral-Cloning-P3/data_hard/IMG/left_2017_04_28_18_35_32_104.jpg,/home/esteve/self-driving-ND/CarND-Behavioral-Cloning-P3/data_hard/IMG/right_2017_04_28_18_35_32_104.jpg,-0.3082707,0.1971388,0,21.03203
/home/esteve/self-driving-ND/CarND-Behavioral-Cloning-P3/data_hard/IMG/center_2017_04_28_18_35_32_195.jpg,/home/esteve/self-driving-ND/CarND-Behavioral-Cloning-P3/data_hard/IMG/left_2017_04_28_18_35_32_195.jpg,/home/esteve/self-driving-ND/CarND-Behavioral-Cloning-P3/data_hard/IMG/right_2017_04_28_18_35_32_195.jpg,-0.2706767,0.3180656,0,21.22196
/home/esteve/self-driving-ND/CarND-Behavioral-Cloning-P3/data_hard/IMG/center_2017_04_28_18_35_32_267.jpg,/home/esteve/self-driving-ND/CarND-Behavioral-Cloning-P3/data_hard/IMG/left_2017_04_28_18_35_32_267.jpg,/home/esteve/self-driving-ND/CarND-Behavioral-Cloning-P3/data_hard/IMG/right_2017_04_28_18_35_32_267.jpg,-0.2406015,0.1041391,0,21.22047
/home/esteve/self-driving-ND/CarND-Behavioral-Cloning-P3/data_hard/IMG/center_2017_04_28_18_35_32_347.jpg,/home/esteve/self-driving-ND/CarND-Behavioral-Cloning-P3/data_hard/IMG/left_2017_04_28_18_35_32_347.jpg,/home/esteve/self-driving-ND/CarND-Behavioral-Cloning-P3/data_hard/IMG/right_2017_04_28_18_35_32_347.jpg,-0.2330827,0.3450694,0,21.29357
/home/esteve/self-driving-ND/CarND-Behavioral-Cloning-P3/data_hard/IMG/center_2017_04_28_18_35_32_419.jpg,/home/esteve/self-driving-ND/CarND-Behavioral-Cloning-P3/data_hard/IMG/left_2017_04_28_18_35_32_419.jpg,/home/esteve/self-driving-ND/CarND-Behavioral-Cloning-P3/data_hard/IMG/right_2017_04_28_18_35_32_419.jpg,-0.2330827,0.5626566,0,21.68239
/home/esteve/self-driving-ND/CarND-Behavioral-Cloning-P3/data_hard/IMG/center_2017_04_28_18_35_32_504.jpg,/home/esteve/self-driving-ND/CarND-Behavioral-Cloning-P3/data_hard/IMG/left_2017_04_28_18_35_32_504.jpg,/home/esteve/self-driving-ND/CarND-Behavioral-Cloning-P3/data_hard/IMG/right_2017_04_28_18_35_32_504.jpg,-0.2330827,0.8169243,0,22.20529
/home/esteve/self-driving-ND/CarND-Behavioral-Cloning-P3/data_hard/IMG/center_2017_04_28_18_35_32_571.jpg,/home/esteve/self-driving-ND/CarND-Behavioral-Cloning-P3/data_hard/IMG/left_2017_04_28_18_35_32_571.jpg,/home/esteve/self-driving-ND/CarND-Behavioral-Cloning-P3/data_hard/IMG/right_2017_04_28_18_35_32_571.jpg,-0.2330827,0.7334111,0,22.73668
/home/esteve/self-driving-ND/CarND-Behavioral-Cloning-P3/data_hard/IMG/center_2017_04_28_18_35_32_657.jpg,/home/esteve/self-driving-ND/CarND-Behavioral-Cloning-P3/data_hard/IMG/left_2017_04_28_18_35_32_657.jpg,/home/esteve/self-driving-ND/CarND-Behavioral-Cloning-P3/data_hard/IMG/right_2017_04_28_18_35_32_657.jpg,-0.2406015,0.476326,0,23.14176
/home/esteve/self-driving-ND/CarND-Behavioral-Cloning-P3/data_hard/IMG/center_2017_04_28_18_35_32_726.jpg,/home/esteve/self-driving-ND/CarND-Behavioral-Cloning-P3/data_hard/IMG/left_2017_04_28_18_35_32_726.jpg,/home/esteve/self-driving-ND/CarND-Behavioral-Cloning-P3/data_hard/IMG/right_2017_04_28_18_35_32_726.jpg,-0.2481203,0.2686114,0,23.2777
/home/esteve/self-driving-ND/CarND-Behavioral-Cloning-P3/data_hard/IMG/center_2017_04_28_18_35_32_800.jpg,/home/esteve/self-driving-ND/CarND-Behavioral-Cloning-P3/data_hard/IMG/left_2017_04_28_18_35_32_800.jpg,/home/esteve/self-driving-ND/CarND-Behavioral-Cloning-P3/data_hard/IMG/right_2017_04_28_18_35_32_800.jpg,-0.3157895,0.04694796,0,23.24482
/home/esteve/self-driving-ND/CarND-Behavioral-Cloning-P3/data_hard/IMG/center_2017_04_28_18_35_32_875.jpg,/home/esteve/self-driving-ND/CarND-Behavioral-Cloning-P3/data_hard/IMG/left_2017_04_28_18_35_32_875.jpg,/home/esteve/self-driving-ND/CarND-Behavioral-Cloning-P3/data_hard/IMG/right_2017_04_28_18_35_32_875.jpg,-0.3834586,0,0,23.03051
/home/esteve/self-driving-ND/CarND-Behavioral-Cloning-P3/data_hard/IMG/center_2017_04_28_18_35_32_943.jpg,/home/esteve/self-driving-ND/CarND-Behavioral-Cloning-P3/data_hard/IMG/left_2017_04_28_18_35_32_943.jpg,/home/esteve/self-driving-ND/CarND-Behavioral-Cloning-P3/data_hard/IMG/right_2017_04_28_18_35_32_943.jpg,-0.3909774,0,0,22.81911
/home/esteve/self-driving-ND/CarND-Behavioral-Cloning-P3/data_hard/IMG/center_2017_04_28_18_35_33_009.jpg,/home/esteve/self-driving-ND/CarND-Behavioral-Cloning-P3/data_hard/IMG/left_2017_04_28_18_35_33_009.jpg,/home/esteve/self-driving-ND/CarND-Behavioral-Cloning-P3/data_hard/IMG/right_2017_04_28_18_35_33_009.jpg,-0.3909774,0,0,22.67477
/home/esteve/self-driving-ND/CarND-Behavioral-Cloning-P3/data_hard/IMG/center_2017_04_28_18_35_33_078.jpg,/home/esteve/self-driving-ND/CarND-Behavioral-Cloning-P3/data_hard/IMG/left_2017_04_28_18_35_33_078.jpg,/home/esteve/self-driving-ND/CarND-Behavioral-Cloning-P3/data_hard/IMG/right_2017_04_28_18_35_33_078.jpg,-0.3909774,0,0,22.5234
/home/esteve/self-driving-ND/CarND-Behavioral-Cloning-P3/data_hard/IMG/center_2017_04_28_18_35_33_151.jpg,/home/esteve/self-driving-ND/CarND-Behavioral-Cloning-P3/data_hard/IMG/left_2017_04_28_18_35_33_151.jpg,/home/esteve/self-driving-ND/CarND-Behavioral-Cloning-P3/data_hard/IMG/right_2017_04_28_18_35_33_151.jpg,-0.3909774,0,0,22.33379
/home/esteve/self-driving-ND/CarND-Behavioral-Cloning-P3/data_hard/IMG/center_2017_04_28_18_35_33_220.jpg,/home/esteve/self-driving-ND/CarND-Behavioral-Cloning-P3/data_hard/IMG/left_2017_04_28_18_35_33_220.jpg,/home/esteve/self-driving-ND/CarND-Behavioral-Cloning-P3/data_hard/IMG/right_2017_04_28_18_35_33_220.jpg,-0.368421,0,0,22.20022
/home/esteve/self-driving-ND/CarND-Behavioral-Cloning-P3/data_hard/IMG/center_2017_04_28_18_35_33_290.jpg,/home/esteve/self-driving-ND/CarND-Behavioral-Cloning-P3/data_hard/IMG/left_2017_04_28_18_35_33_290.jpg,/home/esteve/self-driving-ND/CarND-Behavioral-Cloning-P3/data_hard/IMG/right_2017_04_28_18_35_33_290.jpg,-0.3308271,0,0,22.02641
/home/esteve/self-driving-ND/CarND-Behavioral-Cloning-P3/data_hard/IMG/center_2017_04_28_18_35_33_360.jpg,/home/esteve/self-driving-ND/CarND-Behavioral-Cloning-P3/data_hard/IMG/left_2017_04_28_18_35_33_360.jpg,/home/esteve/self-driving-ND/CarND-Behavioral-Cloning-P3/data_hard/IMG/right_2017_04_28_18_35_33_360.jpg,-0.3007519,0,0,21.89473
/home/esteve/self-driving-ND/CarND-Behavioral-Cloning-P3/data_hard/IMG/center_2017_04_28_18_35_33_431.jpg,/home/esteve/self-driving-ND/CarND-Behavioral-Cloning-P3/data_hard/IMG/left_2017_04_28_18_35_33_431.jpg,/home/esteve/self-driving-ND/CarND-Behavioral-Cloning-P3/data_hard/IMG/right_2017_04_28_18_35_33_431.jpg,-0.2631579,0,0,21.72603
/home/esteve/self-driving-ND/CarND-Behavioral-Cloning-P3/data_hard/IMG/center_2017_04_28_18_35_33_501.jpg,/home/esteve/self-driving-ND/CarND-Behavioral-Cloning-P3/data_hard/IMG/left_2017_04_28_18_35_33_501.jpg,/home/esteve/self-driving-ND/CarND-Behavioral-Cloning-P3/data_hard/IMG/right_2017_04_28_18_35_33_501.jpg,-0.2330827,0,0,21.6051
/home/esteve/self-driving-ND/CarND-Behavioral-Cloning-P3/data_hard/IMG/center_2017_04_28_18_35_33_586.jpg,/home/esteve/self-driving-ND/CarND-Behavioral-Cloning-P3/data_hard/IMG/left_2017_04_28_18_35_33_586.jpg,/home/esteve/self-driving-ND/CarND-Behavioral-Cloning-P3/data_hard/IMG/right_2017_04_28_18_35_33_586.jpg,-0.2105263,0,0,21.39178
/home/esteve/self-driving-ND/CarND-Behavioral-Cloning-P3/data_hard/IMG/center_2017_04_28_18_35_33_656.jpg,/home/esteve/self-driving-ND/CarND-Behavioral-Cloning-P3/data_hard/IMG/left_2017_04_28_18_35_33_656.jpg,/home/esteve/self-driving-ND/CarND-Behavioral-Cloning-P3/data_hard/IMG/right_2017_04_28_18_35_33_656.jpg,-0.1954887,0,0,21.27134
/home/esteve/self-driving-ND/CarND-Behavioral-Cloning-P3/data_hard/IMG/center_2017_04_28_18_35_33_725.jpg,/home/esteve/self-driving-ND/CarND-Behavioral-Cloning-P3/data_hard/IMG/left_2017_04_28_18_35_33_725.jpg,/home/esteve/self-driving-ND/CarND-Behavioral-Cloning-P3/data_hard/IMG/right_2017_04_28_18_35_33_725.jpg,-0.1729323,0,0,21.10512
/home/esteve/self-driving-ND/CarND-Behavioral-Cloning-P3/data_hard/IMG/center_2017_04_28_18_35_33_792.jpg,/home/esteve/self-driving-ND/CarND-Behavioral-Cloning-P3/data_hard/IMG/left_2017_04_28_18_35_33_792.jpg,/home/esteve/self-driving-ND/CarND-Behavioral-Cloning-P3/data_hard/IMG/right_2017_04_28_18_35_33_792.jpg,-0.1278196,0,0,20.97355
/home/esteve/self-driving-ND/CarND-Behavioral-Cloning-P3/data_hard/IMG/center_2017_04_28_18_35_33_869.jpg,/home/esteve/self-driving-ND/CarND-Behavioral-Cloning-P3/data_hard/IMG/left_2017_04_28_18_35_33_869.jpg,/home/esteve/self-driving-ND/CarND-Behavioral-Cloning-P3/data_hard/IMG/right_2017_04_28_18_35_33_869.jpg,-0.1052632,0,0,20.80661
/home/esteve/self-driving-ND/CarND-Behavioral-Cloning-P3/data_hard/IMG/center_2017_04_28_18_35_33_941.jpg,/home/esteve/self-driving-ND/CarND-Behavioral-Cloning-P3/data_hard/IMG/left_2017_04_28_18_35_33_941.jpg,/home/esteve/self-driving-ND/CarND-Behavioral-Cloning-P3/data_hard/IMG/right_2017_04_28_18_35_33_941.jpg,-0.09774436,0,0,20.69606
/home/esteve/self-driving-ND/CarND-Behavioral-Cloning-P3/data_hard/IMG/center_2017_04_28_18_35_34_029.jpg,/home/esteve/self-driving-ND/CarND-Behavioral-Cloning-P3/data_hard/IMG/left_2017_04_28_18_35_34_029.jpg,/home/esteve/self-driving-ND/CarND-Behavioral-Cloning-P3/data_hard/IMG/right_2017_04_28_18_35_34_029.jpg,-0.09774436,0,0,20.51458
/home/esteve/self-driving-ND/CarND-Behavioral-Cloning-P3/data_hard/IMG/center_2017_04_28_18_35_34_114.jpg,/home/esteve/self-driving-ND/CarND-Behavioral-Cloning-P3/data_hard/IMG/left_2017_04_28_18_35_34_114.jpg,/home/esteve/self-driving-ND/CarND-Behavioral-Cloning-P3/data_hard/IMG/right_2017_04_28_18_35_34_114.jpg,-0.05263158,0,0,20.41067
/home/esteve/self-driving-ND/CarND-Behavioral-Cloning-P3/data_hard/IMG/center_2017_04_28_18_35_34_185.jpg,/home/esteve/self-driving-ND/CarND-Behavioral-Cloning-P3/data_hard/IMG/left_2017_04_28_18_35_34_185.jpg,/home/esteve/self-driving-ND/CarND-Behavioral-Cloning-P3/data_hard/IMG/right_2017_04_28_18_35_34_185.jpg,0.04511278,0,0,20.26178
/home/esteve/self-driving-ND/CarND-Behavioral-Cloning-P3/data_hard/IMG/center_2017_04_28_18_35_34_255.jpg,/home/esteve/self-driving-ND/CarND-Behavioral-Cloning-P3/data_hard/IMG/left_2017_04_28_18_35_34_255.jpg,/home/esteve/self-driving-ND/CarND-Behavioral-Cloning-P3/data_hard/IMG/right_2017_04_28_18_35_34_255.jpg,0.1503759,0,0,20.28335
/home/esteve/self-driving-ND/CarND-Behavioral-Cloning-P3/data_hard/IMG/center_2017_04_28_18_35_34_322.jpg,/home/esteve/self-driving-ND/CarND-Behavioral-Cloning-P3/data_hard/IMG/left_2017_04_28_18_35_34_322.jpg,/home/esteve/self-driving-ND/CarND-Behavioral-Cloning-P3/data_hard/IMG/right_2017_04_28_18_35_34_322.jpg,0.2030075,0,0,20.39507
/home/esteve/self-driving-ND/CarND-Behavioral-Cloning-P3/data_hard/IMG/center_2017_04_28_18_35_34_389.jpg,/home/esteve/self-driving-ND/CarND-Behavioral-Cloning-P3/data_hard/IMG/left_2017_04_28_18_35_34_389.jpg,/home/esteve/self-driving-ND/CarND-Behavioral-Cloning-P3/data_hard/IMG/right_2017_04_28_18_35_34_389.jpg,0.2330827,0,0,20.18174
/home/esteve/self-driving-ND/CarND-Behavioral-Cloning-P3/data_hard/IMG/center_2017_04_28_18_35_34_458.jpg,/home/esteve/self-driving-ND/CarND-Behavioral-Cloning-P3/data_hard/IMG/left_2017_04_28_18_35_34_458.jpg,/home/esteve/self-driving-ND/CarND-Behavioral-Cloning-P3/data_hard/IMG/right_2017_04_28_18_35_34_458.jpg,0.2932331,0,0,20.46199
/home/esteve/self-driving-ND/CarND-Behavioral-Cloning-P3/data_hard/IMG/center_2017_04_28_18_35_34_536.jpg,/home/esteve/self-driving-ND/CarND-Behavioral-Cloning-P3/data_hard/IMG/left_2017_04_28_18_35_34_536.jpg,/home/esteve/self-driving-ND/CarND-Behavioral-Cloning-P3/data_hard/IMG/right_2017_04_28_18_35_34_536.jpg,0.3533835,0,0,20.70787
/home/esteve/self-driving-ND/CarND-Behavioral-Cloning-P3/data_hard/IMG/center_2017_04_28_18_35_34_621.jpg,/home/esteve/self-driving-ND/CarND-Behavioral-Cloning-P3/data_hard/IMG/left_2017_04_28_18_35_34_621.jpg,/home/esteve/self-driving-ND/CarND-Behavioral-Cloning-P3/data_hard/IMG/right_2017_04_28_18_35_34_621.jpg,0.406015,0,0,20.89865
/home/esteve/self-driving-ND/CarND-Behavioral-Cloning-P3/data_hard/IMG/center_2017_04_28_18_35_34_695.jpg,/home/esteve/self-driving-ND/CarND-Behavioral-Cloning-P3/data_hard/IMG/left_2017_04_28_18_35_34_695.jpg,/home/esteve/self-driving-ND/CarND-Behavioral-Cloning-P3/data_hard/IMG/right_2017_04_28_18_35_34_695.jpg,0.4360902,0,0,21.18991
/home/esteve/self-driving-ND/CarND-Behavioral-Cloning-P3/data_hard/IMG/center_2017_04_28_18_35_34_763.jpg,/home/esteve/self-driving-ND/CarND-Behavioral-Cloning-P3/data_hard/IMG/left_2017_04_28_18_35_34_763.jpg,/home/esteve/self-driving-ND/CarND-Behavioral-Cloning-P3/data_hard/IMG/right_2017_04_28_18_35_34_763.jpg,0.4661654,0,0,20.94067
/home/esteve/self-driving-ND/CarND-Behavioral-Cloning-P3/data_hard/IMG/center_2017_04_28_18_35_34_836.jpg,/home/esteve/self-driving-ND/CarND-Behavioral-Cloning-P3/data_hard/IMG/left_2017_04_28_18_35_34_836.jpg,/home/esteve/self-driving-ND/CarND-Behavioral-Cloning-P3/data_hard/IMG/right_2017_04_28_18_35_34_836.jpg,0.4736842,0,0,21.33949
/home/esteve/self-driving-ND/CarND-Behavioral-Cloning-P3/data_hard/IMG/center_2017_04_28_18_35_34_917.jpg,/home/esteve/self-driving-ND/CarND-Behavioral-Cloning-P3/data_hard/IMG/left_2017_04_28_18_35_34_917.jpg,/home/esteve/self-driving-ND/CarND-Behavioral-Cloning-P3/data_hard/IMG/right_2017_04_28_18_35_34_917.jpg,0.4736842,0,0,21.65589
/home/esteve/self-driving-ND/CarND-Behavioral-Cloning-P3/data_hard/IMG/center_2017_04_28_18_35_34_988.jpg,/home/esteve/self-driving-ND/CarND-Behavioral-Cloning-P3/data_hard/IMG/left_2017_04_28_18_35_34_988.jpg,/home/esteve/self-driving-ND/CarND-Behavioral-Cloning-P3/data_hard/IMG/right_2017_04_28_18_35_34_988.jpg,0.4736842,0,0,21.88478
/home/esteve/self-driving-ND/CarND-Behavioral-Cloning-P3/data_hard/IMG/center_2017_04_28_18_35_35_061.jpg,/home/esteve/self-driving-ND/CarND-Behavioral-Cloning-P3/data_hard/IMG/left_2017_04_28_18_35_35_061.jpg,/home/esteve/self-driving-ND/CarND-Behavioral-Cloning-P3/data_hard/IMG/right_2017_04_28_18_35_35_061.jpg,0.4736842,0,0,22.10937
/home/esteve/self-driving-ND/CarND-Behavioral-Cloning-P3/data_hard/IMG/center_2017_04_28_18_35_35_132.jpg,/home/esteve/self-driving-ND/CarND-Behavioral-Cloning-P3/data_hard/IMG/left_2017_04_28_18_35_35_132.jpg,/home/esteve/self-driving-ND/CarND-Behavioral-Cloning-P3/data_hard/IMG/right_2017_04_28_18_35_35_132.jpg,0.4736842,0,0,22.37627
/home/esteve/self-driving-ND/CarND-Behavioral-Cloning-P3/data_hard/IMG/center_2017_04_28_18_35_35_213.jpg,/home/esteve/self-driving-ND/CarND-Behavioral-Cloning-P3/data_hard/IMG/left_2017_04_28_18_35_35_213.jpg,/home/esteve/self-driving-ND/CarND-Behavioral-Cloning-P3/data_hard/IMG/right_2017_04_28_18_35_35_213.jpg,0.4511278,0,0,22.68726
/home/esteve/self-driving-ND/CarND-Behavioral-Cloning-P3/data_hard/IMG/center_2017_04_28_18_35_35_276.jpg,/home/esteve/self-driving-ND/CarND-Behavioral-Cloning-P3/data_hard/IMG/left_2017_04_28_18_35_35_276.jpg,/home/esteve/self-driving-ND/CarND-Behavioral-Cloning-P3/data_hard/IMG/right_2017_04_28_18_35_35_276.jpg,0.4436091,0,0,22.77546
/home/esteve/self-driving-ND/CarND-Behavioral-Cloning-P3/data_hard/IMG/center_2017_04_28_18_35_35_349.jpg,/home/esteve/self-driving-ND/CarND-Behavioral-Cloning-P3/data_hard/IMG/left_2017_04_28_18_35_35_349.jpg,/home/esteve/self-driving-ND/CarND-Behavioral-Cloning-P3/data_hard/IMG/right_2017_04_28_18_35_35_349.jpg,0.3759399,0,0,23.03109
/home/esteve/self-driving-ND/CarND-Behavioral-Cloning-P3/data_hard/IMG/center_2017_04_28_18_35_35_417.jpg,/home/esteve/self-driving-ND/CarND-Behavioral-Cloning-P3/data_hard/IMG/left_2017_04_28_18_35_35_417.jpg,/home/esteve/self-driving-ND/CarND-Behavioral-Cloning-P3/data_hard/IMG/right_2017_04_28_18_35_35_417.jpg,-0.4661654,0,0,23.2969
/home/esteve/self-driving-ND/CarND-Behavioral-Cloning-P3/data_hard/IMG/center_2017_04_28_18_35_35_499.jpg,/home/esteve/self-driving-ND/CarND-Behavioral-Cloning-P3/data_hard/IMG/left_2017_04_28_18_35_35_499.jpg,/home/esteve/self-driving-ND/CarND-Behavioral-Cloning-P3/data_hard/IMG/right_2017_04_28_18_35_35_499.jpg,-1,0,0,23.00414
/home/esteve/self-driving-ND/CarND-Behavioral-Cloning-P3/data_hard/IMG/center_2017_04_28_18_35_35_567.jpg,/home/esteve/self-driving-ND/CarND-Behavioral-Cloning-P3/data_hard/IMG/left_2017_04_28_18_35_35_567.jpg,/home/esteve/self-driving-ND/CarND-Behavioral-Cloning-P3/data_hard/IMG/right_2017_04_28_18_35_35_567.jpg,-1,0,0,22.75521
/home/esteve/self-driving-ND/CarND-Behavioral-Cloning-P3/data_hard/IMG/center_2017_04_28_18_35_35_634.jpg,/home/esteve/self-driving-ND/CarND-Behavioral-Cloning-P3/data_hard/IMG/left_2017_04_28_18_35_35_634.jpg,/home/esteve/self-driving-ND/CarND-Behavioral-Cloning-P3/data_hard/IMG/right_2017_04_28_18_35_35_634.jpg,-1,0,0,22.71558
/home/esteve/self-driving-ND/CarND-Behavioral-Cloning-P3/data_hard/IMG/center_2017_04_28_18_35_35_704.jpg,/home/esteve/self-driving-ND/CarND-Behavioral-Cloning-P3/data_hard/IMG/left_2017_04_28_18_35_35_704.jpg,/home/esteve/self-driving-ND/CarND-Behavioral-Cloning-P3/data_hard/IMG/right_2017_04_28_18_35_35_704.jpg,-1,0,0,22.59353
/home/esteve/self-driving-ND/CarND-Behavioral-Cloning-P3/data_hard/IMG/center_2017_04_28_18_35_35_776.jpg,/home/esteve/self-driving-ND/CarND-Behavioral-Cloning-P3/data_hard/IMG/left_2017_04_28_18_35_35_776.jpg,/home/esteve/self-driving-ND/CarND-Behavioral-Cloning-P3/data_hard/IMG/right_2017_04_28_18_35_35_776.jpg,-1,0,0,22.49151
/home/esteve/self-driving-ND/CarND-Behavioral-Cloning-P3/data_hard/IMG/center_2017_04_28_18_35_35_864.jpg,/home/esteve/self-driving-ND/CarND-Behavioral-Cloning-P3/data_hard/IMG/left_2017_04_28_18_35_35_864.jpg,/home/esteve/self-driving-ND/CarND-Behavioral-Cloning-P3/data_hard/IMG/right_2017_04_28_18_35_35_864.jpg,-1,0,0,22.21014
/home/esteve/self-driving-ND/CarND-Behavioral-Cloning-P3/data_hard/IMG/center_2017_04_28_18_35_35_927.jpg,/home/esteve/self-driving-ND/CarND-Behavioral-Cloning-P3/data_hard/IMG/left_2017_04_28_18_35_35_927.jpg,/home/esteve/self-driving-ND/CarND-Behavioral-Cloning-P3/data_hard/IMG/right_2017_04_28_18_35_35_927.jpg,-1,0,0,22.22366
/home/esteve/self-driving-ND/CarND-Behavioral-Cloning-P3/data_hard/IMG/center_2017_04_28_18_35_36_011.jpg,/home/esteve/self-driving-ND/CarND-Behavioral-Cloning-P3/data_hard/IMG/left_2017_04_28_18_35_36_011.jpg,/home/esteve/self-driving-ND/CarND-Behavioral-Cloning-P3/data_hard/IMG/right_2017_04_28_18_35_36_011.jpg,-1,0,0,22.11825
/home/esteve/self-driving-ND/CarND-Behavioral-Cloning-P3/data_hard/IMG/center_2017_04_28_18_35_36_081.jpg,/home/esteve/self-driving-ND/CarND-Behavioral-Cloning-P3/data_hard/IMG/left_2017_04_28_18_35_36_081.jpg,/home/esteve/self-driving-ND/CarND-Behavioral-Cloning-P3/data_hard/IMG/right_2017_04_28_18_35_36_081.jpg,-1,0,0,22.06751
/home/esteve/self-driving-ND/CarND-Behavioral-Cloning-P3/data_hard/IMG/center_2017_04_28_18_35_36_155.jpg,/home/esteve/self-driving-ND/CarND-Behavioral-Cloning-P3/data_hard/IMG/left_2017_04_28_18_35_36_155.jpg,/home/esteve/self-driving-ND/CarND-Behavioral-Cloning-P3/data_hard/IMG/right_2017_04_28_18_35_36_155.jpg,-1,0,0,21.95192
/home/esteve/self-driving-ND/CarND-Behavioral-Cloning-P3/data_hard/IMG/center_2017_04_28_18_35_36_218.jpg,/home/esteve/self-driving-ND/CarND-Behavioral-Cloning-P3/data_hard/IMG/left_2017_04_28_18_35_36_218.jpg,/home/esteve/self-driving-ND/CarND-Behavioral-Cloning-P3/data_hard/IMG/right_2017_04_28_18_35_36_218.jpg,-1,0,0,21.62846
/home/esteve/self-driving-ND/CarND-Behavioral-Cloning-P3/data_hard/IMG/center_2017_04_28_18_35_36_286.jpg,/home/esteve/self-driving-ND/CarND-Behavioral-Cloning-P3/data_hard/IMG/left_2017_04_28_18_35_36_286.jpg,/home/esteve/self-driving-ND/CarND-Behavioral-Cloning-P3/data_hard/IMG/right_2017_04_28_18_35_36_286.jpg,-0.7142857,0,0,21.70405
/home/esteve/self-driving-ND/CarND-Behavioral-Cloning-P3/data_hard/IMG/center_2017_04_28_18_35_36_366.jpg,/home/esteve/self-driving-ND/CarND-Behavioral-Cloning-P3/data_hard/IMG/left_2017_04_28_18_35_36_366.jpg,/home/esteve/self-driving-ND/CarND-Behavioral-Cloning-P3/data_hard/IMG/right_2017_04_28_18_35_36_366.jpg,-0.481203,0,0,21.95267
/home/esteve/self-driving-ND/CarND-Behavioral-Cloning-P3/data_hard/IMG/center_2017_04_28_18_35_36_434.jpg,/home/esteve/self-driving-ND/CarND-Behavioral-Cloning-P3/data_hard/IMG/left_2017_04_28_18_35_36_434.jpg,/home/esteve/self-driving-ND/CarND-Behavioral-Cloning-P3/data_hard/IMG/right_2017_04_28_18_35_36_434.jpg,-0.3458647,0,0,21.65216
/home/esteve/self-driving-ND/CarND-Behavioral-Cloning-P3/data_hard/IMG/center_2017_04_28_18_35_36_494.jpg,/home/esteve/self-driving-ND/CarND-Behavioral-Cloning-P3/data_hard/IMG/left_2017_04_28_18_35_36_494.jpg,/home/esteve/self-driving-ND/CarND-Behavioral-Cloning-P3/data_hard/IMG/right_2017_04_28_18_35_36_494.jpg,-0.1203007,0,0,21.27098
/home/esteve/self-driving-ND/CarND-Behavioral-Cloning-P3/data_hard/IMG/center_2017_04_28_18_35_36_565.jpg,/home/esteve/self-driving-ND/CarND-Behavioral-Cloning-P3/data_hard/IMG/left_2017_04_28_18_35_36_565.jpg,/home/esteve/self-driving-ND/CarND-Behavioral-Cloning-P3/data_hard/IMG/right_2017_04_28_18_35_36_565.jpg,-0.05263158,0,0,21.19443
/home/esteve/self-driving-ND/CarND-Behavioral-Cloning-P3/data_hard/IMG/center_2017_04_28_18_35_36_636.jpg,/home/esteve/self-driving-ND/CarND-Behavioral-Cloning-P3/data_hard/IMG/left_2017_04_28_18_35_36_636.jpg,/home/esteve/self-driving-ND/CarND-Behavioral-Cloning-P3/data_hard/IMG/right_2017_04_28_18_35_36_636.jpg,0.03759398,0,0,21.26318
/home/esteve/self-driving-ND/CarND-Behavioral-Cloning-P3/data_hard/IMG/center_2017_04_28_18_35_36_707.jpg,/home/esteve/self-driving-ND/CarND-Behavioral-Cloning-P3/data_hard/IMG/left_2017_04_28_18_35_36_707.jpg,/home/esteve/self-driving-ND/CarND-Behavioral-Cloning-P3/data_hard/IMG/right_2017_04_28_18_35_36_707.jpg,0.2255639,0,0,21.04974
/home/esteve/self-driving-ND/CarND-Behavioral-Cloning-P3/data_hard/IMG/center_2017_04_28_18_35_36_777.jpg,/home/esteve/self-driving-ND/CarND-Behavioral-Cloning-P3/data_hard/IMG/left_2017_04_28_18_35_36_777.jpg,/home/esteve/self-driving-ND/CarND-Behavioral-Cloning-P3/data_hard/IMG/right_2017_04_28_18_35_36_777.jpg,0.2631579,0,0,20.68459
/home/esteve/self-driving-ND/CarND-Behavioral-Cloning-P3/data_hard/IMG/center_2017_04_28_18_35_36_847.jpg,/home/esteve/self-driving-ND/CarND-Behavioral-Cloning-P3/data_hard/IMG/left_2017_04_28_18_35_36_847.jpg,/home/esteve/self-driving-ND/CarND-Behavioral-Cloning-P3/data_hard/IMG/right_2017_04_28_18_35_36_847.jpg,0.2706767,0,0,20.48594
/home/esteve/self-driving-ND/CarND-Behavioral-Cloning-P3/data_hard/IMG/center_2017_04_28_18_35_36_918.jpg,/home/esteve/self-driving-ND/CarND-Behavioral-Cloning-P3/data_hard/IMG/left_2017_04_28_18_35_36_918.jpg,/home/esteve/self-driving-ND/CarND-Behavioral-Cloning-P3/data_hard/IMG/right_2017_04_28_18_35_36_918.jpg,0.2932331,0,0,20.58721
/home/esteve/self-driving-ND/CarND-Behavioral-Cloning-P3/data_hard/IMG/center_2017_04_28_18_35_37_003.jpg,/home/esteve/self-driving-ND/CarND-Behavioral-Cloning-P3/data_hard/IMG/left_2017_04_28_18_35_37_003.jpg,/home/esteve/self-driving-ND/CarND-Behavioral-Cloning-P3/data_hard/IMG/right_2017_04_28_18_35_37_003.jpg,0.2932331,0,0,20.06332
/home/esteve/self-driving-ND/CarND-Behavioral-Cloning-P3/data_hard/IMG/center_2017_04_28_18_35_37_071.jpg,/home/esteve/self-driving-ND/CarND-Behavioral-Cloning-P3/data_hard/IMG/left_2017_04_28_18_35_37_071.jpg,/home/esteve/self-driving-ND/CarND-Behavioral-Cloning-P3/data_hard/IMG/right_2017_04_28_18_35_37_071.jpg,0.2932331,0,0,20.25574
